S333n36d2w6-120p5-4-8c3_1679305763

DAYS
2

WINDOWS
1	480	600
2	600	720
3	720	840
4	840	960
5	960	1080
6	1080	1200

FEES
1	5
2	6
3	7
4	8

CLUSTERS
CLUST NO.	LONCOORD.	LATCOORD.

68	-4.06359	45.83654
69	-3.97013	45.83654
75	-4.01686	45.80956

CUSTOMERS
CUST NO.	LONCOORD.	LATCOORD.	CLUST NO.	BASKET.	SERVICE TIME.	SEGMENT.	PREF LIST.
0	-4.01686	45.80956	0	0	0	0	0
1	-4.02437	45.79429	75	40	12	businessII	[[1, 1, 4], [1, 2, 4], [2, 1, 1], [2, 1, 2], [2, 1, 3], [2, 1, 4], [2, 2, 1], [2, 2, 2], [2, 2, 3], [2, 2, 4], [3, 1, 1], [3, 1, 2], [3, 1, 3], [3, 1, 4], [3, 2, 1], [3, 2, 2], [3, 2, 3], [3, 2, 4], [4, 1, 1], [4, 1, 2], [4, 1, 3], [4, 1, 4], [4, 2, 1], [4, 2, 2], [4, 2, 3], [4, 2, 4], [5, 1, 1], [5, 1, 2], [5, 1, 3], [5, 1, 4], [5, 2, 1], [5, 2, 2], [5, 2, 3], [5, 2, 4], [6, 1, 4], [6, 2, 4], [1, 2, 3], 0, [1, 2, 2], [1, 2, 1], [6, 2, 3], [6, 2, 2], [6, 2, 1], [1, 1, 3], [1, 1, 2], [1, 1, 1], [6, 1, 3], [6, 1, 2], [6, 1, 1]]
2	-4.01288	45.79263	75	79	12	familyI	[[1, 1, 2], [1, 1, 3], [1, 1, 4], [1, 2, 2], [1, 2, 3], [1, 2, 4], [2, 1, 2], [2, 1, 3], [2, 1, 4], [2, 2, 2], [2, 2, 3], [2, 2, 4], [3, 1, 2], [3, 1, 3], [3, 1, 4], [3, 2, 2], [3, 2, 3], [3, 2, 4], [4, 1, 2], [4, 1, 3], [4, 1, 4], [4, 2, 2], [4, 2, 3], [4, 2, 4], [5, 1, 2], [5, 1, 3], [5, 1, 4], [5, 2, 2], [5, 2, 3], [5, 2, 4], [6, 1, 2], [6, 1, 3], [6, 1, 4], [6, 2, 2], [6, 2, 3], [6, 2, 4], [1, 2, 1], 0, [3, 2, 1], [6, 2, 1], [5, 2, 1], [1, 1, 1], [3, 1, 1], [6, 1, 1], [5, 1, 1], [2, 2, 1], [2, 1, 1], [4, 2, 1], [4, 1, 1]]
3	-4.05305	45.84574	68	61	12	familyI	[[1, 1, 2], [1, 1, 3], [1, 1, 4], [1, 2, 2], [1, 2, 3], [1, 2, 4], [2, 1, 2], [2, 1, 3], [2, 1, 4], [2, 2, 2], [2, 2, 3], [2, 2, 4], [3, 1, 2], [3, 1, 3], [3, 1, 4], [3, 2, 2], [3, 2, 3], [3, 2, 4], [4, 1, 2], [4, 1, 3], [4, 1, 4], [4, 2, 2], [4, 2, 3], [4, 2, 4], [5, 1, 2], [5, 1, 3], [5, 1, 4], [5, 2, 2], [5, 2, 3], [5, 2, 4], [6, 1, 2], [6, 1, 3], [6, 1, 4], [6, 2, 2], [6, 2, 3], [6, 2, 4], [1, 2, 1], 0, [3, 2, 1], [1, 1, 1], [3, 1, 1], [5, 2, 1], [5, 1, 1], [6, 2, 1], [6, 1, 1], [2, 2, 1], [4, 2, 1], [2, 1, 1], [4, 1, 1]]
4	-4.01382	45.81838	75	60	12	familyII	[[1, 1, 4], [1, 2, 4], [2, 1, 4], [2, 2, 4], [3, 1, 4], [3, 2, 4], [4, 1, 4], [4, 2, 4], [5, 1, 4], [5, 2, 4], [6, 1, 4], [6, 2, 4], [1, 2, 3], 0, [5, 2, 3], [6, 2, 3], [1, 2, 2], [5, 2, 2], [6, 2, 2], [1, 1, 3], [5, 1, 3], [6, 1, 3], [1, 2, 1], [5, 2, 1], [6, 2, 1], [1, 1, 2], [5, 1, 2], [6, 1, 2], [1, 1, 1], [5, 1, 1], [6, 1, 1], [4, 2, 3], [4, 2, 2], [2, 2, 3], [4, 1, 3], [4, 2, 1], [2, 2, 2], [3, 2, 3], [4, 1, 2], [2, 1, 3], [2, 2, 1], [3, 2, 2], [4, 1, 1], [2, 1, 2], [3, 1, 3], [3, 2, 1], [2, 1, 1], [3, 1, 2], [3, 1, 1]]
5	-4.05809	45.84088	68	34	12	pensionerII	[[1, 1, 3], [1, 1, 4], [1, 2, 3], [1, 2, 4], [2, 1, 3], [2, 1, 4], [2, 2, 3], [2, 2, 4], [3, 1, 3], [3, 1, 4], [3, 2, 3], [3, 2, 4], [4, 1, 3], [4, 1, 4], [4, 2, 3], [4, 2, 4], [5, 1, 3], [5, 1, 4], [5, 2, 3], [5, 2, 4], [6, 1, 3], [6, 1, 4], [6, 2, 3], [6, 2, 4], [6, 1, 2], 0, [6, 1, 1], [2, 1, 2], [6, 2, 2], [2, 1, 1], [6, 2, 1], [2, 2, 2], [2, 2, 1], [5, 1, 2], [5, 1, 1], [5, 2, 2], [5, 2, 1], [3, 1, 2], [3, 1, 1], [1, 1, 2], [1, 1, 1], [4, 1, 2], [3, 2, 2], [4, 1, 1], [3, 2, 1], [1, 2, 2], [1, 2, 1], [4, 2, 2], [4, 2, 1]]
6	-4.03781	45.80856	75	54	12	businessI	[[1, 1, 4], [1, 2, 4], [2, 1, 4], [2, 2, 4], [3, 1, 1], [3, 1, 2], [3, 1, 3], [3, 1, 4], [3, 2, 1], [3, 2, 2], [3, 2, 3], [3, 2, 4], [4, 1, 1], [4, 1, 2], [4, 1, 3], [4, 1, 4], [4, 2, 1], [4, 2, 2], [4, 2, 3], [4, 2, 4], [5, 1, 4], [5, 2, 4], [6, 1, 4], [6, 2, 4], [2, 2, 3], 0, [2, 2, 2], [6, 2, 3], [2, 2, 1], [6, 2, 2], [1, 2, 3], [6, 2, 1], [1, 2, 2], [1, 2, 1], [5, 2, 3], [5, 2, 2], [5, 2, 1], [2, 1, 3], [2, 1, 2], [6, 1, 3], [2, 1, 1], [6, 1, 2], [1, 1, 3], [6, 1, 1], [1, 1, 2], [1, 1, 1], [5, 1, 3], [5, 1, 2], [5, 1, 1]]
7	-4.08726	45.83282	68	74	12	familyII	[[1, 1, 4], [1, 2, 4], [2, 1, 4], [2, 2, 4], [3, 1, 4], [3, 2, 4], [4, 1, 4], [4, 2, 4], [5, 1, 4], [5, 2, 4], [6, 1, 4], [6, 2, 4], [6, 2, 3], 0, [1, 2, 3], [5, 2, 3], [6, 2, 2], [1, 2, 2], [5, 2, 2], [6, 2, 1], [1, 2, 1], [5, 2, 1], [3, 2, 3], [2, 2, 3], [3, 2, 2], [6, 1, 3], [1, 1, 3], [5, 1, 3], [2, 2, 2], [3, 2, 1], [6, 1, 2], [1, 1, 2], [5, 1, 2], [2, 2, 1], [4, 2, 3], [6, 1, 1], [1, 1, 1], [5, 1, 1], [4, 2, 2], [4, 2, 1], [3, 1, 3], [2, 1, 3], [3, 1, 2], [2, 1, 2], [3, 1, 1], [2, 1, 1], [4, 1, 3], [4, 1, 2], [4, 1, 1]]
8	-4.00277	45.80322	75	33	12	pensionerI	[[1, 1, 2], [1, 1, 3], [1, 1, 4], [1, 2, 2], [1, 2, 3], [1, 2, 4], [2, 1, 2], [2, 1, 3], [2, 1, 4], [2, 2, 2], [2, 2, 3], [2, 2, 4], [3, 1, 2], [3, 1, 3], [3, 1, 4], [3, 2, 2], [3, 2, 3], [3, 2, 4], [4, 1, 2], [4, 1, 3], [4, 1, 4], [4, 2, 2], [4, 2, 3], [4, 2, 4], [5, 1, 2], [5, 1, 3], [5, 1, 4], [5, 2, 2], [5, 2, 3], [5, 2, 4], [6, 1, 2], [6, 1, 3], [6, 1, 4], [6, 2, 2], [6, 2, 3], [6, 2, 4], [4, 2, 1], 0, [2, 2, 1], [3, 2, 1], [6, 2, 1], [5, 2, 1], [4, 1, 1], [1, 2, 1], [2, 1, 1], [3, 1, 1], [6, 1, 1], [5, 1, 1], [1, 1, 1]]
9	-4.03311	45.79856	75	35	12	pensionerI	[[1, 1, 2], [1, 1, 3], [1, 1, 4], [1, 2, 2], [1, 2, 3], [1, 2, 4], [2, 1, 2], [2, 1, 3], [2, 1, 4], [2, 2, 2], [2, 2, 3], [2, 2, 4], [3, 1, 2], [3, 1, 3], [3, 1, 4], [3, 2, 2], [3, 2, 3], [3, 2, 4], [4, 1, 2], [4, 1, 3], [4, 1, 4], [4, 2, 2], [4, 2, 3], [4, 2, 4], [5, 1, 2], [5, 1, 3], [5, 1, 4], [5, 2, 2], [5, 2, 3], [5, 2, 4], [6, 1, 2], [6, 1, 3], [6, 1, 4], [6, 2, 2], [6, 2, 3], [6, 2, 4], [4, 1, 1], 0, [3, 1, 1], [5, 1, 1], [6, 1, 1], [4, 2, 1], [3, 2, 1], [5, 2, 1], [6, 2, 1], [2, 1, 1], [1, 1, 1], [2, 2, 1], [1, 2, 1]]
10	-4.04337	45.80556	75	46	12	familyII	[[1, 1, 4], [1, 2, 4], [2, 1, 4], [2, 2, 4], [3, 1, 4], [3, 2, 4], [4, 1, 4], [4, 2, 4], [5, 1, 4], [5, 2, 4], [6, 1, 4], [6, 2, 4], [6, 1, 3], 0, [5, 1, 3], [6, 1, 2], [5, 1, 2], [1, 1, 3], [6, 1, 1], [5, 1, 1], [1, 1, 2], [6, 2, 3], [5, 2, 3], [1, 1, 1], [6, 2, 2], [5, 2, 2], [1, 2, 3], [6, 2, 1], [5, 2, 1], [1, 2, 2], [2, 1, 3], [1, 2, 1], [3, 1, 3], [2, 1, 2], [3, 1, 2], [2, 1, 1], [3, 1, 1], [2, 2, 3], [3, 2, 3], [4, 1, 3], [2, 2, 2], [3, 2, 2], [4, 1, 2], [2, 2, 1], [3, 2, 1], [4, 1, 1], [4, 2, 3], [4, 2, 2], [4, 2, 1]]
11	-4.04826	45.82902	68	41	12	businessI	[[1, 1, 4], [1, 2, 4], [2, 1, 4], [2, 2, 4], [3, 1, 1], [3, 1, 2], [3, 1, 3], [3, 1, 4], [3, 2, 1], [3, 2, 2], [3, 2, 3], [3, 2, 4], [4, 1, 1], [4, 1, 2], [4, 1, 3], [4, 1, 4], [4, 2, 1], [4, 2, 2], [4, 2, 3], [4, 2, 4], [5, 1, 4], [5, 2, 4], [6, 1, 4], [6, 2, 4], [2, 2, 3], 0, [2, 2, 2], [2, 2, 1], [1, 2, 3], [1, 2, 2], [1, 2, 1], [6, 2, 3], [5, 2, 3], [6, 2, 2], [5, 2, 2], [6, 2, 1], [2, 1, 3], [5, 2, 1], [2, 1, 2], [2, 1, 1], [1, 1, 3], [1, 1, 2], [1, 1, 1], [6, 1, 3], [5, 1, 3], [6, 1, 2], [5, 1, 2], [6, 1, 1], [5, 1, 1]]
12	-3.95873	45.847	69	36	12	pensionerII	[[1, 1, 3], [1, 1, 4], [1, 2, 3], [1, 2, 4], [2, 1, 3], [2, 1, 4], [2, 2, 3], [2, 2, 4], [3, 1, 3], [3, 1, 4], [3, 2, 3], [3, 2, 4], [4, 1, 3], [4, 1, 4], [4, 2, 3], [4, 2, 4], [5, 1, 3], [5, 1, 4], [5, 2, 3], [5, 2, 4], [6, 1, 3], [6, 1, 4], [6, 2, 3], [6, 2, 4], [5, 2, 2], 0, [5, 2, 1], [2, 2, 2], [6, 2, 2], [2, 2, 1], [6, 2, 1], [5, 1, 2], [5, 1, 1], [2, 1, 2], [6, 1, 2], [2, 1, 1], [6, 1, 1], [4, 2, 2], [4, 2, 1], [1, 2, 2], [1, 2, 1], [3, 2, 2], [3, 2, 1], [4, 1, 2], [4, 1, 1], [1, 1, 2], [1, 1, 1], [3, 1, 2], [3, 1, 1]]
13	-3.98256	45.83759	69	35	12	businessII	[[1, 1, 4], [1, 2, 4], [2, 1, 1], [2, 1, 2], [2, 1, 3], [2, 1, 4], [2, 2, 1], [2, 2, 2], [2, 2, 3], [2, 2, 4], [3, 1, 1], [3, 1, 2], [3, 1, 3], [3, 1, 4], [3, 2, 1], [3, 2, 2], [3, 2, 3], [3, 2, 4], [4, 1, 1], [4, 1, 2], [4, 1, 3], [4, 1, 4], [4, 2, 1], [4, 2, 2], [4, 2, 3], [4, 2, 4], [5, 1, 1], [5, 1, 2], [5, 1, 3], [5, 1, 4], [5, 2, 1], [5, 2, 2], [5, 2, 3], [5, 2, 4], [6, 1, 4], [6, 2, 4], [6, 1, 3], 0, [6, 1, 2], [6, 1, 1], [1, 1, 3], [1, 1, 2], [1, 1, 1], [6, 2, 3], [6, 2, 2], [6, 2, 1], [1, 2, 3], [1, 2, 2], [1, 2, 1]]
14	-3.9563	45.83247	69	59	12	familyII	[[1, 1, 4], [1, 2, 4], [2, 1, 4], [2, 2, 4], [3, 1, 4], [3, 2, 4], [4, 1, 4], [4, 2, 4], [5, 1, 4], [5, 2, 4], [6, 1, 4], [6, 2, 4], [1, 1, 3], 0, [6, 1, 3], [5, 1, 3], [1, 1, 2], [6, 1, 2], [5, 1, 2], [1, 1, 1], [6, 1, 1], [5, 1, 1], [3, 1, 3], [2, 1, 3], [4, 1, 3], [1, 2, 3], [6, 2, 3], [5, 2, 3], [3, 1, 2], [2, 1, 2], [4, 1, 2], [1, 2, 2], [6, 2, 2], [5, 2, 2], [3, 1, 1], [2, 1, 1], [4, 1, 1], [1, 2, 1], [6, 2, 1], [5, 2, 1], [3, 2, 3], [2, 2, 3], [4, 2, 3], [3, 2, 2], [2, 2, 2], [4, 2, 2], [3, 2, 1], [2, 2, 1], [4, 2, 1]]
15	-4.05579	45.83405	68	46	12	businessII	[[1, 1, 4], [1, 2, 4], [2, 1, 1], [2, 1, 2], [2, 1, 3], [2, 1, 4], [2, 2, 1], [2, 2, 2], [2, 2, 3], [2, 2, 4], [3, 1, 1], [3, 1, 2], [3, 1, 3], [3, 1, 4], [3, 2, 1], [3, 2, 2], [3, 2, 3], [3, 2, 4], [4, 1, 1], [4, 1, 2], [4, 1, 3], [4, 1, 4], [4, 2, 1], [4, 2, 2], [4, 2, 3], [4, 2, 4], [5, 1, 1], [5, 1, 2], [5, 1, 3], [5, 1, 4], [5, 2, 1], [5, 2, 2], [5, 2, 3], [5, 2, 4], [6, 1, 4], [6, 2, 4], [1, 2, 3], 0, [1, 2, 2], [1, 2, 1], [6, 2, 3], [6, 2, 2], [6, 2, 1], [1, 1, 3], [1, 1, 2], [1, 1, 1], [6, 1, 3], [6, 1, 2], [6, 1, 1]]
16	-4.05826	45.82369	68	37	12	businessII	[[1, 1, 4], [1, 2, 4], [2, 1, 1], [2, 1, 2], [2, 1, 3], [2, 1, 4], [2, 2, 1], [2, 2, 2], [2, 2, 3], [2, 2, 4], [3, 1, 1], [3, 1, 2], [3, 1, 3], [3, 1, 4], [3, 2, 1], [3, 2, 2], [3, 2, 3], [3, 2, 4], [4, 1, 1], [4, 1, 2], [4, 1, 3], [4, 1, 4], [4, 2, 1], [4, 2, 2], [4, 2, 3], [4, 2, 4], [5, 1, 1], [5, 1, 2], [5, 1, 3], [5, 1, 4], [5, 2, 1], [5, 2, 2], [5, 2, 3], [5, 2, 4], [6, 1, 4], [6, 2, 4], [1, 1, 3], 0, [1, 1, 2], [1, 1, 1], [6, 1, 3], [6, 1, 2], [6, 1, 1], [1, 2, 3], [1, 2, 2], [1, 2, 1], [6, 2, 3], [6, 2, 2], [6, 2, 1]]
17	-4.03293	45.81774	75	66	12	familyII	[[1, 1, 4], [1, 2, 4], [2, 1, 4], [2, 2, 4], [3, 1, 4], [3, 2, 4], [4, 1, 4], [4, 2, 4], [5, 1, 4], [5, 2, 4], [6, 1, 4], [6, 2, 4], [5, 1, 3], 0, [5, 1, 2], [5, 2, 3], [6, 1, 3], [1, 1, 3], [5, 1, 1], [5, 2, 2], [6, 1, 2], [6, 2, 3], [1, 1, 2], [1, 2, 3], [5, 2, 1], [6, 1, 1], [6, 2, 2], [1, 1, 1], [1, 2, 2], [6, 2, 1], [1, 2, 1], [3, 1, 3], [4, 1, 3], [2, 1, 3], [3, 1, 2], [3, 2, 3], [4, 1, 2], [2, 1, 2], [3, 1, 1], [4, 2, 3], [2, 2, 3], [3, 2, 2], [4, 1, 1], [2, 1, 1], [4, 2, 2], [2, 2, 2], [3, 2, 1], [4, 2, 1], [2, 2, 1]]
18	-4.04162	45.8441	68	53	12	familyI	[[1, 1, 2], [1, 1, 3], [1, 1, 4], [1, 2, 2], [1, 2, 3], [1, 2, 4], [2, 1, 2], [2, 1, 3], [2, 1, 4], [2, 2, 2], [2, 2, 3], [2, 2, 4], [3, 1, 2], [3, 1, 3], [3, 1, 4], [3, 2, 2], [3, 2, 3], [3, 2, 4], [4, 1, 2], [4, 1, 3], [4, 1, 4], [4, 2, 2], [4, 2, 3], [4, 2, 4], [5, 1, 2], [5, 1, 3], [5, 1, 4], [5, 2, 2], [5, 2, 3], [5, 2, 4], [6, 1, 2], [6, 1, 3], [6, 1, 4], [6, 2, 2], [6, 2, 3], [6, 2, 4], [1, 1, 1], 0, [3, 1, 1], [5, 1, 1], [6, 1, 1], [1, 2, 1], [3, 2, 1], [5, 2, 1], [6, 2, 1], [4, 1, 1], [2, 1, 1], [4, 2, 1], [2, 2, 1]]
19	-4.02166	45.78289	75	40	12	businessII	[[1, 1, 4], [1, 2, 4], [2, 1, 1], [2, 1, 2], [2, 1, 3], [2, 1, 4], [2, 2, 1], [2, 2, 2], [2, 2, 3], [2, 2, 4], [3, 1, 1], [3, 1, 2], [3, 1, 3], [3, 1, 4], [3, 2, 1], [3, 2, 2], [3, 2, 3], [3, 2, 4], [4, 1, 1], [4, 1, 2], [4, 1, 3], [4, 1, 4], [4, 2, 1], [4, 2, 2], [4, 2, 3], [4, 2, 4], [5, 1, 1], [5, 1, 2], [5, 1, 3], [5, 1, 4], [5, 2, 1], [5, 2, 2], [5, 2, 3], [5, 2, 4], [6, 1, 4], [6, 2, 4], [6, 1, 3], 0, [6, 1, 2], [6, 1, 1], [1, 1, 3], [1, 1, 2], [1, 1, 1], [6, 2, 3], [6, 2, 2], [6, 2, 1], [1, 2, 3], [1, 2, 2], [1, 2, 1]]
20	-3.96458	45.82756	69	73	12	familyI	[[1, 1, 2], [1, 1, 3], [1, 1, 4], [1, 2, 2], [1, 2, 3], [1, 2, 4], [2, 1, 2], [2, 1, 3], [2, 1, 4], [2, 2, 2], [2, 2, 3], [2, 2, 4], [3, 1, 2], [3, 1, 3], [3, 1, 4], [3, 2, 2], [3, 2, 3], [3, 2, 4], [4, 1, 2], [4, 1, 3], [4, 1, 4], [4, 2, 2], [4, 2, 3], [4, 2, 4], [5, 1, 2], [5, 1, 3], [5, 1, 4], [5, 2, 2], [5, 2, 3], [5, 2, 4], [6, 1, 2], [6, 1, 3], [6, 1, 4], [6, 2, 2], [6, 2, 3], [6, 2, 4], [1, 1, 1], 0, [6, 1, 1], [3, 1, 1], [1, 2, 1], [5, 1, 1], [6, 2, 1], [3, 2, 1], [5, 2, 1], [4, 1, 1], [2, 1, 1], [4, 2, 1], [2, 2, 1]]
21	-4.00295	45.82513	75	49	12	familyI	[[1, 1, 2], [1, 1, 3], [1, 1, 4], [1, 2, 2], [1, 2, 3], [1, 2, 4], [2, 1, 2], [2, 1, 3], [2, 1, 4], [2, 2, 2], [2, 2, 3], [2, 2, 4], [3, 1, 2], [3, 1, 3], [3, 1, 4], [3, 2, 2], [3, 2, 3], [3, 2, 4], [4, 1, 2], [4, 1, 3], [4, 1, 4], [4, 2, 2], [4, 2, 3], [4, 2, 4], [5, 1, 2], [5, 1, 3], [5, 1, 4], [5, 2, 2], [5, 2, 3], [5, 2, 4], [6, 1, 2], [6, 1, 3], [6, 1, 4], [6, 2, 2], [6, 2, 3], [6, 2, 4], [6, 2, 1], 0, [5, 2, 1], [1, 2, 1], [6, 1, 1], [5, 1, 1], [1, 1, 1], [3, 2, 1], [3, 1, 1], [2, 2, 1], [2, 1, 1], [4, 2, 1], [4, 1, 1]]
22	-4.02892	45.79757	75	80	12	familyI	[[1, 1, 2], [1, 1, 3], [1, 1, 4], [1, 2, 2], [1, 2, 3], [1, 2, 4], [2, 1, 2], [2, 1, 3], [2, 1, 4], [2, 2, 2], [2, 2, 3], [2, 2, 4], [3, 1, 2], [3, 1, 3], [3, 1, 4], [3, 2, 2], [3, 2, 3], [3, 2, 4], [4, 1, 2], [4, 1, 3], [4, 1, 4], [4, 2, 2], [4, 2, 3], [4, 2, 4], [5, 1, 2], [5, 1, 3], [5, 1, 4], [5, 2, 2], [5, 2, 3], [5, 2, 4], [6, 1, 2], [6, 1, 3], [6, 1, 4], [6, 2, 2], [6, 2, 3], [6, 2, 4], [1, 1, 1], 0, [5, 1, 1], [3, 1, 1], [6, 1, 1], [1, 2, 1], [4, 1, 1], [5, 2, 1], [2, 1, 1], [3, 2, 1], [6, 2, 1], [4, 2, 1], [2, 2, 1]]
23	-4.03996	45.80986	75	36	12	pensionerI	[[1, 1, 2], [1, 1, 3], [1, 1, 4], [1, 2, 2], [1, 2, 3], [1, 2, 4], [2, 1, 2], [2, 1, 3], [2, 1, 4], [2, 2, 2], [2, 2, 3], [2, 2, 4], [3, 1, 2], [3, 1, 3], [3, 1, 4], [3, 2, 2], [3, 2, 3], [3, 2, 4], [4, 1, 2], [4, 1, 3], [4, 1, 4], [4, 2, 2], [4, 2, 3], [4, 2, 4], [5, 1, 2], [5, 1, 3], [5, 1, 4], [5, 2, 2], [5, 2, 3], [5, 2, 4], [6, 1, 2], [6, 1, 3], [6, 1, 4], [6, 2, 2], [6, 2, 3], [6, 2, 4], [1, 1, 1], 0, [5, 1, 1], [4, 1, 1], [1, 2, 1], [2, 1, 1], [5, 2, 1], [4, 2, 1], [6, 1, 1], [2, 2, 1], [3, 1, 1], [6, 2, 1], [3, 2, 1]]
24	-4.04807	45.82943	68	34	12	pensionerI	[[1, 1, 2], [1, 1, 3], [1, 1, 4], [1, 2, 2], [1, 2, 3], [1, 2, 4], [2, 1, 2], [2, 1, 3], [2, 1, 4], [2, 2, 2], [2, 2, 3], [2, 2, 4], [3, 1, 2], [3, 1, 3], [3, 1, 4], [3, 2, 2], [3, 2, 3], [3, 2, 4], [4, 1, 2], [4, 1, 3], [4, 1, 4], [4, 2, 2], [4, 2, 3], [4, 2, 4], [5, 1, 2], [5, 1, 3], [5, 1, 4], [5, 2, 2], [5, 2, 3], [5, 2, 4], [6, 1, 2], [6, 1, 3], [6, 1, 4], [6, 2, 2], [6, 2, 3], [6, 2, 4], [1, 2, 1], 0, [1, 1, 1], [6, 2, 1], [6, 1, 1], [3, 2, 1], [3, 1, 1], [2, 2, 1], [2, 1, 1], [5, 2, 1], [5, 1, 1], [4, 2, 1], [4, 1, 1]]
25	-4.02415	45.83212	75	48	12	businessII	[[1, 1, 4], [1, 2, 4], [2, 1, 1], [2, 1, 2], [2, 1, 3], [2, 1, 4], [2, 2, 1], [2, 2, 2], [2, 2, 3], [2, 2, 4], [3, 1, 1], [3, 1, 2], [3, 1, 3], [3, 1, 4], [3, 2, 1], [3, 2, 2], [3, 2, 3], [3, 2, 4], [4, 1, 1], [4, 1, 2], [4, 1, 3], [4, 1, 4], [4, 2, 1], [4, 2, 2], [4, 2, 3], [4, 2, 4], [5, 1, 1], [5, 1, 2], [5, 1, 3], [5, 1, 4], [5, 2, 1], [5, 2, 2], [5, 2, 3], [5, 2, 4], [6, 1, 4], [6, 2, 4], [1, 2, 3], 0, [1, 2, 2], [1, 2, 1], [1, 1, 3], [1, 1, 2], [1, 1, 1], [6, 2, 3], [6, 2, 2], [6, 2, 1], [6, 1, 3], [6, 1, 2], [6, 1, 1]]
26	-4.01619	45.82887	75	50	12	familyI	[[1, 1, 2], [1, 1, 3], [1, 1, 4], [1, 2, 2], [1, 2, 3], [1, 2, 4], [2, 1, 2], [2, 1, 3], [2, 1, 4], [2, 2, 2], [2, 2, 3], [2, 2, 4], [3, 1, 2], [3, 1, 3], [3, 1, 4], [3, 2, 2], [3, 2, 3], [3, 2, 4], [4, 1, 2], [4, 1, 3], [4, 1, 4], [4, 2, 2], [4, 2, 3], [4, 2, 4], [5, 1, 2], [5, 1, 3], [5, 1, 4], [5, 2, 2], [5, 2, 3], [5, 2, 4], [6, 1, 2], [6, 1, 3], [6, 1, 4], [6, 2, 2], [6, 2, 3], [6, 2, 4], [3, 2, 1], 0, [5, 2, 1], [6, 2, 1], [1, 2, 1], [3, 1, 1], [5, 1, 1], [6, 1, 1], [1, 1, 1], [4, 2, 1], [2, 2, 1], [4, 1, 1], [2, 1, 1]]
27	-4.02462	45.83075	75	51	12	businessII	[[1, 1, 4], [1, 2, 4], [2, 1, 1], [2, 1, 2], [2, 1, 3], [2, 1, 4], [2, 2, 1], [2, 2, 2], [2, 2, 3], [2, 2, 4], [3, 1, 1], [3, 1, 2], [3, 1, 3], [3, 1, 4], [3, 2, 1], [3, 2, 2], [3, 2, 3], [3, 2, 4], [4, 1, 1], [4, 1, 2], [4, 1, 3], [4, 1, 4], [4, 2, 1], [4, 2, 2], [4, 2, 3], [4, 2, 4], [5, 1, 1], [5, 1, 2], [5, 1, 3], [5, 1, 4], [5, 2, 1], [5, 2, 2], [5, 2, 3], [5, 2, 4], [6, 1, 4], [6, 2, 4], [1, 2, 3], 0, [1, 2, 2], [1, 2, 1], [6, 2, 3], [6, 2, 2], [6, 2, 1], [1, 1, 3], [1, 1, 2], [1, 1, 1], [6, 1, 3], [6, 1, 2], [6, 1, 1]]
28	-4.02649	45.81878	75	35	12	businessI	[[1, 1, 4], [1, 2, 4], [2, 1, 4], [2, 2, 4], [3, 1, 1], [3, 1, 2], [3, 1, 3], [3, 1, 4], [3, 2, 1], [3, 2, 2], [3, 2, 3], [3, 2, 4], [4, 1, 1], [4, 1, 2], [4, 1, 3], [4, 1, 4], [4, 2, 1], [4, 2, 2], [4, 2, 3], [4, 2, 4], [5, 1, 4], [5, 2, 4], [6, 1, 4], [6, 2, 4], [5, 1, 3], 0, [5, 1, 2], [5, 1, 1], [1, 1, 3], [6, 1, 3], [1, 1, 2], [6, 1, 2], [1, 1, 1], [6, 1, 1], [2, 1, 3], [2, 1, 2], [2, 1, 1], [5, 2, 3], [5, 2, 2], [5, 2, 1], [1, 2, 3], [6, 2, 3], [1, 2, 2], [6, 2, 2], [1, 2, 1], [6, 2, 1], [2, 2, 3], [2, 2, 2], [2, 2, 1]]
29	-3.95804	45.81369	69	38	12	businessI	[[1, 1, 4], [1, 2, 4], [2, 1, 4], [2, 2, 4], [3, 1, 1], [3, 1, 2], [3, 1, 3], [3, 1, 4], [3, 2, 1], [3, 2, 2], [3, 2, 3], [3, 2, 4], [4, 1, 1], [4, 1, 2], [4, 1, 3], [4, 1, 4], [4, 2, 1], [4, 2, 2], [4, 2, 3], [4, 2, 4], [5, 1, 4], [5, 2, 4], [6, 1, 4], [6, 2, 4], [2, 2, 3], 0, [2, 2, 2], [2, 2, 1], [6, 2, 3], [6, 2, 2], [1, 2, 3], [6, 2, 1], [1, 2, 2], [1, 2, 1], [5, 2, 3], [5, 2, 2], [5, 2, 1], [2, 1, 3], [2, 1, 2], [2, 1, 1], [6, 1, 3], [6, 1, 2], [1, 1, 3], [6, 1, 1], [1, 1, 2], [1, 1, 1], [5, 1, 3], [5, 1, 2], [5, 1, 1]]
30	-3.95958	45.81439	69	22	12	pensionerI	[[1, 1, 2], [1, 1, 3], [1, 1, 4], [1, 2, 2], [1, 2, 3], [1, 2, 4], [2, 1, 2], [2, 1, 3], [2, 1, 4], [2, 2, 2], [2, 2, 3], [2, 2, 4], [3, 1, 2], [3, 1, 3], [3, 1, 4], [3, 2, 2], [3, 2, 3], [3, 2, 4], [4, 1, 2], [4, 1, 3], [4, 1, 4], [4, 2, 2], [4, 2, 3], [4, 2, 4], [5, 1, 2], [5, 1, 3], [5, 1, 4], [5, 2, 2], [5, 2, 3], [5, 2, 4], [6, 1, 2], [6, 1, 3], [6, 1, 4], [6, 2, 2], [6, 2, 3], [6, 2, 4], [4, 1, 1], 0, [6, 1, 1], [2, 1, 1], [5, 1, 1], [4, 2, 1], [6, 2, 1], [2, 2, 1], [5, 2, 1], [3, 1, 1], [3, 2, 1], [1, 1, 1], [1, 2, 1]]
31	-3.95478	45.81095	69	20	12	pensionerI	[[1, 1, 2], [1, 1, 3], [1, 1, 4], [1, 2, 2], [1, 2, 3], [1, 2, 4], [2, 1, 2], [2, 1, 3], [2, 1, 4], [2, 2, 2], [2, 2, 3], [2, 2, 4], [3, 1, 2], [3, 1, 3], [3, 1, 4], [3, 2, 2], [3, 2, 3], [3, 2, 4], [4, 1, 2], [4, 1, 3], [4, 1, 4], [4, 2, 2], [4, 2, 3], [4, 2, 4], [5, 1, 2], [5, 1, 3], [5, 1, 4], [5, 2, 2], [5, 2, 3], [5, 2, 4], [6, 1, 2], [6, 1, 3], [6, 1, 4], [6, 2, 2], [6, 2, 3], [6, 2, 4], [2, 2, 1], 0, [6, 2, 1], [2, 1, 1], [5, 2, 1], [6, 1, 1], [4, 2, 1], [1, 2, 1], [3, 2, 1], [5, 1, 1], [4, 1, 1], [1, 1, 1], [3, 1, 1]]
32	-3.99403	45.84719	69	79	12	familyII	[[1, 1, 4], [1, 2, 4], [2, 1, 4], [2, 2, 4], [3, 1, 4], [3, 2, 4], [4, 1, 4], [4, 2, 4], [5, 1, 4], [5, 2, 4], [6, 1, 4], [6, 2, 4], [6, 1, 3], 0, [5, 1, 3], [1, 1, 3], [6, 1, 2], [5, 1, 2], [1, 1, 2], [6, 1, 1], [5, 1, 1], [1, 1, 1], [6, 2, 3], [5, 2, 3], [4, 1, 3], [1, 2, 3], [3, 1, 3], [6, 2, 2], [5, 2, 2], [4, 1, 2], [1, 2, 2], [2, 1, 3], [3, 1, 2], [6, 2, 1], [5, 2, 1], [4, 1, 1], [1, 2, 1], [2, 1, 2], [3, 1, 1], [2, 1, 1], [4, 2, 3], [3, 2, 3], [4, 2, 2], [2, 2, 3], [3, 2, 2], [4, 2, 1], [2, 2, 2], [3, 2, 1], [2, 2, 1]]
33	-3.96994	45.86321	69	31	12	pensionerII	[[1, 1, 3], [1, 1, 4], [1, 2, 3], [1, 2, 4], [2, 1, 3], [2, 1, 4], [2, 2, 3], [2, 2, 4], [3, 1, 3], [3, 1, 4], [3, 2, 3], [3, 2, 4], [4, 1, 3], [4, 1, 4], [4, 2, 3], [4, 2, 4], [5, 1, 3], [5, 1, 4], [5, 2, 3], [5, 2, 4], [6, 1, 3], [6, 1, 4], [6, 2, 3], [6, 2, 4], [5, 1, 2], 0, [5, 1, 1], [2, 1, 2], [2, 1, 1], [6, 1, 2], [6, 1, 1], [3, 1, 2], [3, 1, 1], [1, 1, 2], [1, 1, 1], [5, 2, 2], [5, 2, 1], [2, 2, 2], [2, 2, 1], [6, 2, 2], [6, 2, 1], [4, 1, 2], [4, 1, 1], [3, 2, 2], [3, 2, 1], [1, 2, 2], [1, 2, 1], [4, 2, 2], [4, 2, 1]]
34	-3.97665	45.85314	69	36	12	pensionerI	[[1, 1, 2], [1, 1, 3], [1, 1, 4], [1, 2, 2], [1, 2, 3], [1, 2, 4], [2, 1, 2], [2, 1, 3], [2, 1, 4], [2, 2, 2], [2, 2, 3], [2, 2, 4], [3, 1, 2], [3, 1, 3], [3, 1, 4], [3, 2, 2], [3, 2, 3], [3, 2, 4], [4, 1, 2], [4, 1, 3], [4, 1, 4], [4, 2, 2], [4, 2, 3], [4, 2, 4], [5, 1, 2], [5, 1, 3], [5, 1, 4], [5, 2, 2], [5, 2, 3], [5, 2, 4], [6, 1, 2], [6, 1, 3], [6, 1, 4], [6, 2, 2], [6, 2, 3], [6, 2, 4], [6, 1, 1], 0, [3, 1, 1], [6, 2, 1], [3, 2, 1], [1, 1, 1], [1, 2, 1], [4, 1, 1], [4, 2, 1], [5, 1, 1], [5, 2, 1], [2, 1, 1], [2, 2, 1]]
35	-3.97981	45.86138	69	58	12	familyII	[[1, 1, 4], [1, 2, 4], [2, 1, 4], [2, 2, 4], [3, 1, 4], [3, 2, 4], [4, 1, 4], [4, 2, 4], [5, 1, 4], [5, 2, 4], [6, 1, 4], [6, 2, 4], [1, 2, 3], 0, [5, 2, 3], [6, 2, 3], [1, 2, 2], [5, 2, 2], [6, 2, 2], [1, 2, 1], [5, 2, 1], [6, 2, 1], [1, 1, 3], [5, 1, 3], [6, 1, 3], [2, 2, 3], [1, 1, 2], [5, 1, 2], [6, 1, 2], [2, 2, 2], [4, 2, 3], [1, 1, 1], [5, 1, 1], [6, 1, 1], [2, 2, 1], [4, 2, 2], [3, 2, 3], [4, 2, 1], [3, 2, 2], [2, 1, 3], [3, 2, 1], [2, 1, 2], [4, 1, 3], [2, 1, 1], [4, 1, 2], [3, 1, 3], [4, 1, 1], [3, 1, 2], [3, 1, 1]]
36	-3.98555	45.86096	69	47	12	businessI	[[1, 1, 4], [1, 2, 4], [2, 1, 4], [2, 2, 4], [3, 1, 1], [3, 1, 2], [3, 1, 3], [3, 1, 4], [3, 2, 1], [3, 2, 2], [3, 2, 3], [3, 2, 4], [4, 1, 1], [4, 1, 2], [4, 1, 3], [4, 1, 4], [4, 2, 1], [4, 2, 2], [4, 2, 3], [4, 2, 4], [5, 1, 4], [5, 2, 4], [6, 1, 4], [6, 2, 4], [6, 1, 3], 0, [1, 1, 3], [6, 1, 2], [1, 1, 2], [6, 1, 1], [1, 1, 1], [2, 1, 3], [2, 1, 2], [2, 1, 1], [5, 1, 3], [5, 1, 2], [5, 1, 1], [6, 2, 3], [1, 2, 3], [6, 2, 2], [1, 2, 2], [6, 2, 1], [1, 2, 1], [2, 2, 3], [2, 2, 2], [2, 2, 1], [5, 2, 3], [5, 2, 2], [5, 2, 1]]