S3n36d2w6-120p5-4-8c3_1679305615

DAYS
2

WINDOWS
1	480	600
2	600	720
3	720	840
4	840	960
5	960	1080
6	1080	1200

FEES
1	5
2	6
3	7
4	8

CLUSTERS
CLUST NO.	LONCOORD.	LATCOORD.

51	-4.87416	43.3423
52	-4.7807	43.3423
57	-4.82743	43.31532

CUSTOMERS
CUST NO.	LONCOORD.	LATCOORD.	CLUST NO.	BASKET.	SERVICE TIME.	SEGMENT.	PREF LIST.
0	-4.82743	43.31532	0	0	0	0	0
1	-4.8295	43.30899	57	39	12	pensionerII	[[1, 1, 3], [1, 1, 4], [1, 2, 3], [1, 2, 4], [2, 1, 3], [2, 1, 4], [2, 2, 3], [2, 2, 4], [3, 1, 3], [3, 1, 4], [3, 2, 3], [3, 2, 4], [4, 1, 3], [4, 1, 4], [4, 2, 3], [4, 2, 4], [5, 1, 3], [5, 1, 4], [5, 2, 3], [5, 2, 4], [6, 1, 3], [6, 1, 4], [6, 2, 3], [6, 2, 4], [2, 1, 2], 0, [2, 1, 1], [6, 1, 2], [6, 1, 1], [5, 1, 2], [5, 1, 1], [3, 1, 2], [3, 1, 1], [2, 2, 2], [2, 2, 1], [1, 1, 2], [1, 1, 1], [4, 1, 2], [4, 1, 1], [6, 2, 2], [6, 2, 1], [5, 2, 2], [5, 2, 1], [3, 2, 2], [3, 2, 1], [1, 2, 2], [1, 2, 1], [4, 2, 2], [4, 2, 1]]
2	-4.82774	43.3092	57	74	12	familyI	[[1, 1, 2], [1, 1, 3], [1, 1, 4], [1, 2, 2], [1, 2, 3], [1, 2, 4], [2, 1, 2], [2, 1, 3], [2, 1, 4], [2, 2, 2], [2, 2, 3], [2, 2, 4], [3, 1, 2], [3, 1, 3], [3, 1, 4], [3, 2, 2], [3, 2, 3], [3, 2, 4], [4, 1, 2], [4, 1, 3], [4, 1, 4], [4, 2, 2], [4, 2, 3], [4, 2, 4], [5, 1, 2], [5, 1, 3], [5, 1, 4], [5, 2, 2], [5, 2, 3], [5, 2, 4], [6, 1, 2], [6, 1, 3], [6, 1, 4], [6, 2, 2], [6, 2, 3], [6, 2, 4], [1, 1, 1], 0, [3, 1, 1], [5, 1, 1], [6, 1, 1], [1, 2, 1], [3, 2, 1], [4, 1, 1], [5, 2, 1], [6, 2, 1], [2, 1, 1], [4, 2, 1], [2, 2, 1]]
3	-4.8201	43.31061	57	56	12	familyI	[[1, 1, 2], [1, 1, 3], [1, 1, 4], [1, 2, 2], [1, 2, 3], [1, 2, 4], [2, 1, 2], [2, 1, 3], [2, 1, 4], [2, 2, 2], [2, 2, 3], [2, 2, 4], [3, 1, 2], [3, 1, 3], [3, 1, 4], [3, 2, 2], [3, 2, 3], [3, 2, 4], [4, 1, 2], [4, 1, 3], [4, 1, 4], [4, 2, 2], [4, 2, 3], [4, 2, 4], [5, 1, 2], [5, 1, 3], [5, 1, 4], [5, 2, 2], [5, 2, 3], [5, 2, 4], [6, 1, 2], [6, 1, 3], [6, 1, 4], [6, 2, 2], [6, 2, 3], [6, 2, 4], [6, 1, 1], 0, [1, 1, 1], [5, 1, 1], [3, 1, 1], [6, 2, 1], [1, 2, 1], [5, 2, 1], [3, 2, 1], [4, 1, 1], [2, 1, 1], [4, 2, 1], [2, 2, 1]]
4	-4.83468	43.30595	57	31	12	pensionerI	[[1, 1, 2], [1, 1, 3], [1, 1, 4], [1, 2, 2], [1, 2, 3], [1, 2, 4], [2, 1, 2], [2, 1, 3], [2, 1, 4], [2, 2, 2], [2, 2, 3], [2, 2, 4], [3, 1, 2], [3, 1, 3], [3, 1, 4], [3, 2, 2], [3, 2, 3], [3, 2, 4], [4, 1, 2], [4, 1, 3], [4, 1, 4], [4, 2, 2], [4, 2, 3], [4, 2, 4], [5, 1, 2], [5, 1, 3], [5, 1, 4], [5, 2, 2], [5, 2, 3], [5, 2, 4], [6, 1, 2], [6, 1, 3], [6, 1, 4], [6, 2, 2], [6, 2, 3], [6, 2, 4], [3, 1, 1], 0, [5, 1, 1], [1, 1, 1], [6, 1, 1], [3, 2, 1], [5, 2, 1], [2, 1, 1], [1, 2, 1], [6, 2, 1], [2, 2, 1], [4, 1, 1], [4, 2, 1]]
5	-4.80921	43.30401	57	36	12	pensionerII	[[1, 1, 3], [1, 1, 4], [1, 2, 3], [1, 2, 4], [2, 1, 3], [2, 1, 4], [2, 2, 3], [2, 2, 4], [3, 1, 3], [3, 1, 4], [3, 2, 3], [3, 2, 4], [4, 1, 3], [4, 1, 4], [4, 2, 3], [4, 2, 4], [5, 1, 3], [5, 1, 4], [5, 2, 3], [5, 2, 4], [6, 1, 3], [6, 1, 4], [6, 2, 3], [6, 2, 4], [6, 1, 2], 0, [6, 1, 1], [2, 1, 2], [2, 1, 1], [5, 1, 2], [5, 1, 1], [6, 2, 2], [6, 2, 1], [2, 2, 2], [2, 2, 1], [5, 2, 2], [5, 2, 1], [4, 1, 2], [4, 1, 1], [3, 1, 2], [3, 1, 1], [1, 1, 2], [1, 1, 1], [4, 2, 2], [4, 2, 1], [3, 2, 2], [3, 2, 1], [1, 2, 2], [1, 2, 1]]
6	-4.83301	43.29858	57	44	12	businessII	[[1, 1, 4], [1, 2, 4], [2, 1, 1], [2, 1, 2], [2, 1, 3], [2, 1, 4], [2, 2, 1], [2, 2, 2], [2, 2, 3], [2, 2, 4], [3, 1, 1], [3, 1, 2], [3, 1, 3], [3, 1, 4], [3, 2, 1], [3, 2, 2], [3, 2, 3], [3, 2, 4], [4, 1, 1], [4, 1, 2], [4, 1, 3], [4, 1, 4], [4, 2, 1], [4, 2, 2], [4, 2, 3], [4, 2, 4], [5, 1, 1], [5, 1, 2], [5, 1, 3], [5, 1, 4], [5, 2, 1], [5, 2, 2], [5, 2, 3], [5, 2, 4], [6, 1, 4], [6, 2, 4], [6, 2, 3], 0, [6, 2, 2], [6, 2, 1], [1, 2, 3], [1, 2, 2], [1, 2, 1], [6, 1, 3], [6, 1, 2], [6, 1, 1], [1, 1, 3], [1, 1, 2], [1, 1, 1]]
7	-4.82873	43.31811	57	48	12	familyI	[[1, 1, 2], [1, 1, 3], [1, 1, 4], [1, 2, 2], [1, 2, 3], [1, 2, 4], [2, 1, 2], [2, 1, 3], [2, 1, 4], [2, 2, 2], [2, 2, 3], [2, 2, 4], [3, 1, 2], [3, 1, 3], [3, 1, 4], [3, 2, 2], [3, 2, 3], [3, 2, 4], [4, 1, 2], [4, 1, 3], [4, 1, 4], [4, 2, 2], [4, 2, 3], [4, 2, 4], [5, 1, 2], [5, 1, 3], [5, 1, 4], [5, 2, 2], [5, 2, 3], [5, 2, 4], [6, 1, 2], [6, 1, 3], [6, 1, 4], [6, 2, 2], [6, 2, 3], [6, 2, 4], [5, 1, 1], 0, [3, 1, 1], [6, 1, 1], [1, 1, 1], [5, 2, 1], [2, 1, 1], [4, 1, 1], [3, 2, 1], [6, 2, 1], [1, 2, 1], [2, 2, 1], [4, 2, 1]]
8	-4.84923	43.30555	57	34	12	pensionerI	[[1, 1, 2], [1, 1, 3], [1, 1, 4], [1, 2, 2], [1, 2, 3], [1, 2, 4], [2, 1, 2], [2, 1, 3], [2, 1, 4], [2, 2, 2], [2, 2, 3], [2, 2, 4], [3, 1, 2], [3, 1, 3], [3, 1, 4], [3, 2, 2], [3, 2, 3], [3, 2, 4], [4, 1, 2], [4, 1, 3], [4, 1, 4], [4, 2, 2], [4, 2, 3], [4, 2, 4], [5, 1, 2], [5, 1, 3], [5, 1, 4], [5, 2, 2], [5, 2, 3], [5, 2, 4], [6, 1, 2], [6, 1, 3], [6, 1, 4], [6, 2, 2], [6, 2, 3], [6, 2, 4], [3, 1, 1], 0, [5, 1, 1], [2, 1, 1], [4, 1, 1], [6, 1, 1], [1, 1, 1], [3, 2, 1], [5, 2, 1], [2, 2, 1], [4, 2, 1], [6, 2, 1], [1, 2, 1]]
9	-4.84637	43.30801	57	50	12	familyII	[[1, 1, 4], [1, 2, 4], [2, 1, 4], [2, 2, 4], [3, 1, 4], [3, 2, 4], [4, 1, 4], [4, 2, 4], [5, 1, 4], [5, 2, 4], [6, 1, 4], [6, 2, 4], [6, 2, 3], 0, [5, 2, 3], [6, 2, 2], [5, 2, 2], [1, 2, 3], [6, 2, 1], [5, 2, 1], [1, 2, 2], [1, 2, 1], [4, 2, 3], [6, 1, 3], [2, 2, 3], [5, 1, 3], [4, 2, 2], [6, 1, 2], [2, 2, 2], [5, 1, 2], [1, 1, 3], [3, 2, 3], [4, 2, 1], [6, 1, 1], [2, 2, 1], [5, 1, 1], [1, 1, 2], [3, 2, 2], [1, 1, 1], [3, 2, 1], [4, 1, 3], [2, 1, 3], [4, 1, 2], [2, 1, 2], [3, 1, 3], [4, 1, 1], [2, 1, 1], [3, 1, 2], [3, 1, 1]]
10	-4.8459	43.29959	57	37	12	pensionerII	[[1, 1, 3], [1, 1, 4], [1, 2, 3], [1, 2, 4], [2, 1, 3], [2, 1, 4], [2, 2, 3], [2, 2, 4], [3, 1, 3], [3, 1, 4], [3, 2, 3], [3, 2, 4], [4, 1, 3], [4, 1, 4], [4, 2, 3], [4, 2, 4], [5, 1, 3], [5, 1, 4], [5, 2, 3], [5, 2, 4], [6, 1, 3], [6, 1, 4], [6, 2, 3], [6, 2, 4], [6, 2, 2], 0, [2, 2, 2], [6, 2, 1], [2, 2, 1], [5, 2, 2], [5, 2, 1], [6, 1, 2], [2, 1, 2], [6, 1, 1], [2, 1, 1], [4, 2, 2], [4, 2, 1], [5, 1, 2], [5, 1, 1], [3, 2, 2], [3, 2, 1], [1, 2, 2], [1, 2, 1], [4, 1, 2], [4, 1, 1], [3, 1, 2], [3, 1, 1], [1, 1, 2], [1, 1, 1]]
11	-4.83233	43.30174	57	77	12	familyI	[[1, 1, 2], [1, 1, 3], [1, 1, 4], [1, 2, 2], [1, 2, 3], [1, 2, 4], [2, 1, 2], [2, 1, 3], [2, 1, 4], [2, 2, 2], [2, 2, 3], [2, 2, 4], [3, 1, 2], [3, 1, 3], [3, 1, 4], [3, 2, 2], [3, 2, 3], [3, 2, 4], [4, 1, 2], [4, 1, 3], [4, 1, 4], [4, 2, 2], [4, 2, 3], [4, 2, 4], [5, 1, 2], [5, 1, 3], [5, 1, 4], [5, 2, 2], [5, 2, 3], [5, 2, 4], [6, 1, 2], [6, 1, 3], [6, 1, 4], [6, 2, 2], [6, 2, 3], [6, 2, 4], [1, 2, 1], 0, [5, 2, 1], [3, 2, 1], [6, 2, 1], [1, 1, 1], [5, 1, 1], [3, 1, 1], [6, 1, 1], [4, 2, 1], [2, 2, 1], [4, 1, 1], [2, 1, 1]]
12	-4.87012	43.33053	51	44	12	businessI	[[1, 1, 4], [1, 2, 4], [2, 1, 4], [2, 2, 4], [3, 1, 1], [3, 1, 2], [3, 1, 3], [3, 1, 4], [3, 2, 1], [3, 2, 2], [3, 2, 3], [3, 2, 4], [4, 1, 1], [4, 1, 2], [4, 1, 3], [4, 1, 4], [4, 2, 1], [4, 2, 2], [4, 2, 3], [4, 2, 4], [5, 1, 4], [5, 2, 4], [6, 1, 4], [6, 2, 4], [2, 2, 3], 0, [2, 2, 2], [2, 2, 1], [6, 2, 3], [6, 2, 2], [6, 2, 1], [1, 2, 3], [5, 2, 3], [1, 2, 2], [5, 2, 2], [1, 2, 1], [5, 2, 1], [2, 1, 3], [2, 1, 2], [2, 1, 1], [6, 1, 3], [6, 1, 2], [6, 1, 1], [1, 1, 3], [5, 1, 3], [1, 1, 2], [5, 1, 2], [1, 1, 1], [5, 1, 1]]
13	-4.80219	43.30892	57	26	12	pensionerI	[[1, 1, 2], [1, 1, 3], [1, 1, 4], [1, 2, 2], [1, 2, 3], [1, 2, 4], [2, 1, 2], [2, 1, 3], [2, 1, 4], [2, 2, 2], [2, 2, 3], [2, 2, 4], [3, 1, 2], [3, 1, 3], [3, 1, 4], [3, 2, 2], [3, 2, 3], [3, 2, 4], [4, 1, 2], [4, 1, 3], [4, 1, 4], [4, 2, 2], [4, 2, 3], [4, 2, 4], [5, 1, 2], [5, 1, 3], [5, 1, 4], [5, 2, 2], [5, 2, 3], [5, 2, 4], [6, 1, 2], [6, 1, 3], [6, 1, 4], [6, 2, 2], [6, 2, 3], [6, 2, 4], [5, 1, 1], 0, [4, 1, 1], [3, 1, 1], [6, 1, 1], [1, 1, 1], [2, 1, 1], [5, 2, 1], [4, 2, 1], [3, 2, 1], [6, 2, 1], [1, 2, 1], [2, 2, 1]]
14	-4.85285	43.31976	57	34	12	pensionerII	[[1, 1, 3], [1, 1, 4], [1, 2, 3], [1, 2, 4], [2, 1, 3], [2, 1, 4], [2, 2, 3], [2, 2, 4], [3, 1, 3], [3, 1, 4], [3, 2, 3], [3, 2, 4], [4, 1, 3], [4, 1, 4], [4, 2, 3], [4, 2, 4], [5, 1, 3], [5, 1, 4], [5, 2, 3], [5, 2, 4], [6, 1, 3], [6, 1, 4], [6, 2, 3], [6, 2, 4], [6, 2, 2], 0, [6, 2, 1], [5, 2, 2], [5, 2, 1], [2, 2, 2], [2, 2, 1], [6, 1, 2], [6, 1, 1], [5, 1, 2], [5, 1, 1], [4, 2, 2], [4, 2, 1], [2, 1, 2], [2, 1, 1], [3, 2, 2], [3, 2, 1], [1, 2, 2], [1, 2, 1], [4, 1, 2], [4, 1, 1], [3, 1, 2], [3, 1, 1], [1, 1, 2], [1, 1, 1]]
15	-4.8182	43.31051	57	38	12	pensionerI	[[1, 1, 2], [1, 1, 3], [1, 1, 4], [1, 2, 2], [1, 2, 3], [1, 2, 4], [2, 1, 2], [2, 1, 3], [2, 1, 4], [2, 2, 2], [2, 2, 3], [2, 2, 4], [3, 1, 2], [3, 1, 3], [3, 1, 4], [3, 2, 2], [3, 2, 3], [3, 2, 4], [4, 1, 2], [4, 1, 3], [4, 1, 4], [4, 2, 2], [4, 2, 3], [4, 2, 4], [5, 1, 2], [5, 1, 3], [5, 1, 4], [5, 2, 2], [5, 2, 3], [5, 2, 4], [6, 1, 2], [6, 1, 3], [6, 1, 4], [6, 2, 2], [6, 2, 3], [6, 2, 4], [2, 1, 1], 0, [2, 2, 1], [6, 1, 1], [6, 2, 1], [3, 1, 1], [1, 1, 1], [4, 1, 1], [3, 2, 1], [1, 2, 1], [4, 2, 1], [5, 1, 1], [5, 2, 1]]
16	-4.82002	43.3088	57	77	12	familyI	[[1, 1, 2], [1, 1, 3], [1, 1, 4], [1, 2, 2], [1, 2, 3], [1, 2, 4], [2, 1, 2], [2, 1, 3], [2, 1, 4], [2, 2, 2], [2, 2, 3], [2, 2, 4], [3, 1, 2], [3, 1, 3], [3, 1, 4], [3, 2, 2], [3, 2, 3], [3, 2, 4], [4, 1, 2], [4, 1, 3], [4, 1, 4], [4, 2, 2], [4, 2, 3], [4, 2, 4], [5, 1, 2], [5, 1, 3], [5, 1, 4], [5, 2, 2], [5, 2, 3], [5, 2, 4], [6, 1, 2], [6, 1, 3], [6, 1, 4], [6, 2, 2], [6, 2, 3], [6, 2, 4], [3, 2, 1], 0, [5, 2, 1], [6, 2, 1], [3, 1, 1], [5, 1, 1], [1, 2, 1], [6, 1, 1], [1, 1, 1], [4, 2, 1], [2, 2, 1], [4, 1, 1], [2, 1, 1]]
17	-4.83489	43.28876	57	55	12	businessII	[[1, 1, 4], [1, 2, 4], [2, 1, 1], [2, 1, 2], [2, 1, 3], [2, 1, 4], [2, 2, 1], [2, 2, 2], [2, 2, 3], [2, 2, 4], [3, 1, 1], [3, 1, 2], [3, 1, 3], [3, 1, 4], [3, 2, 1], [3, 2, 2], [3, 2, 3], [3, 2, 4], [4, 1, 1], [4, 1, 2], [4, 1, 3], [4, 1, 4], [4, 2, 1], [4, 2, 2], [4, 2, 3], [4, 2, 4], [5, 1, 1], [5, 1, 2], [5, 1, 3], [5, 1, 4], [5, 2, 1], [5, 2, 2], [5, 2, 3], [5, 2, 4], [6, 1, 4], [6, 2, 4], [1, 1, 3], 0, [1, 1, 2], [1, 1, 1], [6, 1, 3], [6, 1, 2], [6, 1, 1], [1, 2, 3], [1, 2, 2], [1, 2, 1], [6, 2, 3], [6, 2, 2], [6, 2, 1]]
18	-4.8208	43.31005	57	49	12	businessII	[[1, 1, 4], [1, 2, 4], [2, 1, 1], [2, 1, 2], [2, 1, 3], [2, 1, 4], [2, 2, 1], [2, 2, 2], [2, 2, 3], [2, 2, 4], [3, 1, 1], [3, 1, 2], [3, 1, 3], [3, 1, 4], [3, 2, 1], [3, 2, 2], [3, 2, 3], [3, 2, 4], [4, 1, 1], [4, 1, 2], [4, 1, 3], [4, 1, 4], [4, 2, 1], [4, 2, 2], [4, 2, 3], [4, 2, 4], [5, 1, 1], [5, 1, 2], [5, 1, 3], [5, 1, 4], [5, 2, 1], [5, 2, 2], [5, 2, 3], [5, 2, 4], [6, 1, 4], [6, 2, 4], [6, 1, 3], 0, [6, 1, 2], [6, 1, 1], [1, 1, 3], [1, 1, 2], [1, 1, 1], [6, 2, 3], [6, 2, 2], [6, 2, 1], [1, 2, 3], [1, 2, 2], [1, 2, 1]]
19	-4.83022	43.29759	57	29	12	pensionerI	[[1, 1, 2], [1, 1, 3], [1, 1, 4], [1, 2, 2], [1, 2, 3], [1, 2, 4], [2, 1, 2], [2, 1, 3], [2, 1, 4], [2, 2, 2], [2, 2, 3], [2, 2, 4], [3, 1, 2], [3, 1, 3], [3, 1, 4], [3, 2, 2], [3, 2, 3], [3, 2, 4], [4, 1, 2], [4, 1, 3], [4, 1, 4], [4, 2, 2], [4, 2, 3], [4, 2, 4], [5, 1, 2], [5, 1, 3], [5, 1, 4], [5, 2, 2], [5, 2, 3], [5, 2, 4], [6, 1, 2], [6, 1, 3], [6, 1, 4], [6, 2, 2], [6, 2, 3], [6, 2, 4], [4, 2, 1], 0, [2, 2, 1], [4, 1, 1], [6, 2, 1], [2, 1, 1], [6, 1, 1], [1, 2, 1], [1, 1, 1], [5, 2, 1], [5, 1, 1], [3, 2, 1], [3, 1, 1]]
20	-4.82091	43.29023	57	53	12	businessI	[[1, 1, 4], [1, 2, 4], [2, 1, 4], [2, 2, 4], [3, 1, 1], [3, 1, 2], [3, 1, 3], [3, 1, 4], [3, 2, 1], [3, 2, 2], [3, 2, 3], [3, 2, 4], [4, 1, 1], [4, 1, 2], [4, 1, 3], [4, 1, 4], [4, 2, 1], [4, 2, 2], [4, 2, 3], [4, 2, 4], [5, 1, 4], [5, 2, 4], [6, 1, 4], [6, 2, 4], [2, 2, 3], 0, [6, 2, 3], [2, 2, 2], [6, 2, 2], [2, 2, 1], [6, 2, 1], [1, 2, 3], [1, 2, 2], [1, 2, 1], [5, 2, 3], [5, 2, 2], [5, 2, 1], [2, 1, 3], [6, 1, 3], [2, 1, 2], [6, 1, 2], [2, 1, 1], [6, 1, 1], [1, 1, 3], [1, 1, 2], [1, 1, 1], [5, 1, 3], [5, 1, 2], [5, 1, 1]]
21	-4.83126	43.28853	57	29	12	pensionerII	[[1, 1, 3], [1, 1, 4], [1, 2, 3], [1, 2, 4], [2, 1, 3], [2, 1, 4], [2, 2, 3], [2, 2, 4], [3, 1, 3], [3, 1, 4], [3, 2, 3], [3, 2, 4], [4, 1, 3], [4, 1, 4], [4, 2, 3], [4, 2, 4], [5, 1, 3], [5, 1, 4], [5, 2, 3], [5, 2, 4], [6, 1, 3], [6, 1, 4], [6, 2, 3], [6, 2, 4], [2, 1, 2], 0, [2, 1, 1], [6, 1, 2], [5, 1, 2], [6, 1, 1], [5, 1, 1], [3, 1, 2], [3, 1, 1], [2, 2, 2], [2, 2, 1], [6, 2, 2], [5, 2, 2], [6, 2, 1], [5, 2, 1], [1, 1, 2], [4, 1, 2], [1, 1, 1], [4, 1, 1], [3, 2, 2], [3, 2, 1], [1, 2, 2], [4, 2, 2], [1, 2, 1], [4, 2, 1]]
22	-4.76745	43.36439	52	38	12	businessII	[[1, 1, 4], [1, 2, 4], [2, 1, 1], [2, 1, 2], [2, 1, 3], [2, 1, 4], [2, 2, 1], [2, 2, 2], [2, 2, 3], [2, 2, 4], [3, 1, 1], [3, 1, 2], [3, 1, 3], [3, 1, 4], [3, 2, 1], [3, 2, 2], [3, 2, 3], [3, 2, 4], [4, 1, 1], [4, 1, 2], [4, 1, 3], [4, 1, 4], [4, 2, 1], [4, 2, 2], [4, 2, 3], [4, 2, 4], [5, 1, 1], [5, 1, 2], [5, 1, 3], [5, 1, 4], [5, 2, 1], [5, 2, 2], [5, 2, 3], [5, 2, 4], [6, 1, 4], [6, 2, 4], [1, 2, 3], 0, [1, 2, 2], [1, 2, 1], [6, 2, 3], [6, 2, 2], [6, 2, 1], [1, 1, 3], [1, 1, 2], [1, 1, 1], [6, 1, 3], [6, 1, 2], [6, 1, 1]]
23	-4.75802	43.34582	52	25	12	pensionerII	[[1, 1, 3], [1, 1, 4], [1, 2, 3], [1, 2, 4], [2, 1, 3], [2, 1, 4], [2, 2, 3], [2, 2, 4], [3, 1, 3], [3, 1, 4], [3, 2, 3], [3, 2, 4], [4, 1, 3], [4, 1, 4], [4, 2, 3], [4, 2, 4], [5, 1, 3], [5, 1, 4], [5, 2, 3], [5, 2, 4], [6, 1, 3], [6, 1, 4], [6, 2, 3], [6, 2, 4], [2, 2, 2], 0, [2, 2, 1], [5, 2, 2], [5, 2, 1], [6, 2, 2], [6, 2, 1], [3, 2, 2], [3, 2, 1], [2, 1, 2], [2, 1, 1], [1, 2, 2], [1, 2, 1], [5, 1, 2], [5, 1, 1], [4, 2, 2], [4, 2, 1], [6, 1, 2], [6, 1, 1], [3, 1, 2], [3, 1, 1], [1, 1, 2], [1, 1, 1], [4, 1, 2], [4, 1, 1]]
24	-4.76166	43.32588	52	77	12	familyII	[[1, 1, 4], [1, 2, 4], [2, 1, 4], [2, 2, 4], [3, 1, 4], [3, 2, 4], [4, 1, 4], [4, 2, 4], [5, 1, 4], [5, 2, 4], [6, 1, 4], [6, 2, 4], [5, 2, 3], 0, [1, 2, 3], [6, 2, 3], [5, 2, 2], [5, 1, 3], [1, 2, 2], [1, 1, 3], [6, 2, 2], [6, 1, 3], [5, 2, 1], [5, 1, 2], [1, 2, 1], [1, 1, 2], [6, 2, 1], [6, 1, 2], [5, 1, 1], [1, 1, 1], [6, 1, 1], [3, 2, 3], [2, 2, 3], [4, 2, 3], [3, 2, 2], [2, 2, 2], [4, 2, 2], [3, 1, 3], [2, 1, 3], [4, 1, 3], [3, 2, 1], [2, 2, 1], [4, 2, 1], [3, 1, 2], [2, 1, 2], [4, 1, 2], [3, 1, 1], [2, 1, 1], [4, 1, 1]]
25	-4.75447	43.34733	52	74	12	familyI	[[1, 1, 2], [1, 1, 3], [1, 1, 4], [1, 2, 2], [1, 2, 3], [1, 2, 4], [2, 1, 2], [2, 1, 3], [2, 1, 4], [2, 2, 2], [2, 2, 3], [2, 2, 4], [3, 1, 2], [3, 1, 3], [3, 1, 4], [3, 2, 2], [3, 2, 3], [3, 2, 4], [4, 1, 2], [4, 1, 3], [4, 1, 4], [4, 2, 2], [4, 2, 3], [4, 2, 4], [5, 1, 2], [5, 1, 3], [5, 1, 4], [5, 2, 2], [5, 2, 3], [5, 2, 4], [6, 1, 2], [6, 1, 3], [6, 1, 4], [6, 2, 2], [6, 2, 3], [6, 2, 4], [1, 1, 1], 0, [3, 1, 1], [5, 1, 1], [1, 2, 1], [3, 2, 1], [6, 1, 1], [5, 2, 1], [6, 2, 1], [4, 1, 1], [2, 1, 1], [4, 2, 1], [2, 2, 1]]
26	-4.75403	43.33541	52	37	12	pensionerI	[[1, 1, 2], [1, 1, 3], [1, 1, 4], [1, 2, 2], [1, 2, 3], [1, 2, 4], [2, 1, 2], [2, 1, 3], [2, 1, 4], [2, 2, 2], [2, 2, 3], [2, 2, 4], [3, 1, 2], [3, 1, 3], [3, 1, 4], [3, 2, 2], [3, 2, 3], [3, 2, 4], [4, 1, 2], [4, 1, 3], [4, 1, 4], [4, 2, 2], [4, 2, 3], [4, 2, 4], [5, 1, 2], [5, 1, 3], [5, 1, 4], [5, 2, 2], [5, 2, 3], [5, 2, 4], [6, 1, 2], [6, 1, 3], [6, 1, 4], [6, 2, 2], [6, 2, 3], [6, 2, 4], [2, 1, 1], 0, [1, 1, 1], [5, 1, 1], [6, 1, 1], [4, 1, 1], [3, 1, 1], [2, 2, 1], [1, 2, 1], [5, 2, 1], [6, 2, 1], [4, 2, 1], [3, 2, 1]]
27	-4.76283	43.3308	52	37	12	businessI	[[1, 1, 4], [1, 2, 4], [2, 1, 4], [2, 2, 4], [3, 1, 1], [3, 1, 2], [3, 1, 3], [3, 1, 4], [3, 2, 1], [3, 2, 2], [3, 2, 3], [3, 2, 4], [4, 1, 1], [4, 1, 2], [4, 1, 3], [4, 1, 4], [4, 2, 1], [4, 2, 2], [4, 2, 3], [4, 2, 4], [5, 1, 4], [5, 2, 4], [6, 1, 4], [6, 2, 4], [1, 2, 3], 0, [1, 2, 2], [1, 2, 1], [2, 2, 3], [2, 2, 2], [2, 2, 1], [6, 2, 3], [6, 2, 2], [6, 2, 1], [5, 2, 3], [5, 2, 2], [1, 1, 3], [5, 2, 1], [1, 1, 2], [1, 1, 1], [2, 1, 3], [2, 1, 2], [2, 1, 1], [6, 1, 3], [6, 1, 2], [6, 1, 1], [5, 1, 3], [5, 1, 2], [5, 1, 1]]
28	-4.78693	43.34104	52	73	12	familyI	[[1, 1, 2], [1, 1, 3], [1, 1, 4], [1, 2, 2], [1, 2, 3], [1, 2, 4], [2, 1, 2], [2, 1, 3], [2, 1, 4], [2, 2, 2], [2, 2, 3], [2, 2, 4], [3, 1, 2], [3, 1, 3], [3, 1, 4], [3, 2, 2], [3, 2, 3], [3, 2, 4], [4, 1, 2], [4, 1, 3], [4, 1, 4], [4, 2, 2], [4, 2, 3], [4, 2, 4], [5, 1, 2], [5, 1, 3], [5, 1, 4], [5, 2, 2], [5, 2, 3], [5, 2, 4], [6, 1, 2], [6, 1, 3], [6, 1, 4], [6, 2, 2], [6, 2, 3], [6, 2, 4], [1, 1, 1], 0, [5, 1, 1], [3, 1, 1], [6, 1, 1], [1, 2, 1], [5, 2, 1], [3, 2, 1], [2, 1, 1], [4, 1, 1], [6, 2, 1], [2, 2, 1], [4, 2, 1]]
29	-4.78303	43.34237	52	43	12	businessI	[[1, 1, 4], [1, 2, 4], [2, 1, 4], [2, 2, 4], [3, 1, 1], [3, 1, 2], [3, 1, 3], [3, 1, 4], [3, 2, 1], [3, 2, 2], [3, 2, 3], [3, 2, 4], [4, 1, 1], [4, 1, 2], [4, 1, 3], [4, 1, 4], [4, 2, 1], [4, 2, 2], [4, 2, 3], [4, 2, 4], [5, 1, 4], [5, 2, 4], [6, 1, 4], [6, 2, 4], [6, 2, 3], 0, [1, 2, 3], [6, 2, 2], [1, 2, 2], [6, 2, 1], [1, 2, 1], [2, 2, 3], [2, 2, 2], [2, 2, 1], [5, 2, 3], [5, 2, 2], [5, 2, 1], [6, 1, 3], [1, 1, 3], [6, 1, 2], [1, 1, 2], [6, 1, 1], [1, 1, 1], [2, 1, 3], [2, 1, 2], [2, 1, 1], [5, 1, 3], [5, 1, 2], [5, 1, 1]]
30	-4.77738	43.35502	52	54	12	businessI	[[1, 1, 4], [1, 2, 4], [2, 1, 4], [2, 2, 4], [3, 1, 1], [3, 1, 2], [3, 1, 3], [3, 1, 4], [3, 2, 1], [3, 2, 2], [3, 2, 3], [3, 2, 4], [4, 1, 1], [4, 1, 2], [4, 1, 3], [4, 1, 4], [4, 2, 1], [4, 2, 2], [4, 2, 3], [4, 2, 4], [5, 1, 4], [5, 2, 4], [6, 1, 4], [6, 2, 4], [1, 1, 3], 0, [1, 1, 2], [1, 1, 1], [2, 1, 3], [6, 1, 3], [2, 1, 2], [6, 1, 2], [2, 1, 1], [6, 1, 1], [5, 1, 3], [5, 1, 2], [5, 1, 1], [1, 2, 3], [1, 2, 2], [1, 2, 1], [2, 2, 3], [6, 2, 3], [2, 2, 2], [6, 2, 2], [2, 2, 1], [6, 2, 1], [5, 2, 3], [5, 2, 2], [5, 2, 1]]
31	-4.77178	43.35903	52	47	12	businessII	[[1, 1, 4], [1, 2, 4], [2, 1, 1], [2, 1, 2], [2, 1, 3], [2, 1, 4], [2, 2, 1], [2, 2, 2], [2, 2, 3], [2, 2, 4], [3, 1, 1], [3, 1, 2], [3, 1, 3], [3, 1, 4], [3, 2, 1], [3, 2, 2], [3, 2, 3], [3, 2, 4], [4, 1, 1], [4, 1, 2], [4, 1, 3], [4, 1, 4], [4, 2, 1], [4, 2, 2], [4, 2, 3], [4, 2, 4], [5, 1, 1], [5, 1, 2], [5, 1, 3], [5, 1, 4], [5, 2, 1], [5, 2, 2], [5, 2, 3], [5, 2, 4], [6, 1, 4], [6, 2, 4], [1, 1, 3], 0, [1, 1, 2], [1, 1, 1], [6, 1, 3], [6, 1, 2], [6, 1, 1], [1, 2, 3], [1, 2, 2], [1, 2, 1], [6, 2, 3], [6, 2, 2], [6, 2, 1]]
32	-4.80706	43.34017	52	51	12	businessII	[[1, 1, 4], [1, 2, 4], [2, 1, 1], [2, 1, 2], [2, 1, 3], [2, 1, 4], [2, 2, 1], [2, 2, 2], [2, 2, 3], [2, 2, 4], [3, 1, 1], [3, 1, 2], [3, 1, 3], [3, 1, 4], [3, 2, 1], [3, 2, 2], [3, 2, 3], [3, 2, 4], [4, 1, 1], [4, 1, 2], [4, 1, 3], [4, 1, 4], [4, 2, 1], [4, 2, 2], [4, 2, 3], [4, 2, 4], [5, 1, 1], [5, 1, 2], [5, 1, 3], [5, 1, 4], [5, 2, 1], [5, 2, 2], [5, 2, 3], [5, 2, 4], [6, 1, 4], [6, 2, 4], [1, 2, 3], 0, [1, 2, 2], [1, 2, 1], [6, 2, 3], [6, 2, 2], [6, 2, 1], [1, 1, 3], [1, 1, 2], [1, 1, 1], [6, 1, 3], [6, 1, 2], [6, 1, 1]]
33	-4.80584	43.34416	52	26	12	pensionerI	[[1, 1, 2], [1, 1, 3], [1, 1, 4], [1, 2, 2], [1, 2, 3], [1, 2, 4], [2, 1, 2], [2, 1, 3], [2, 1, 4], [2, 2, 2], [2, 2, 3], [2, 2, 4], [3, 1, 2], [3, 1, 3], [3, 1, 4], [3, 2, 2], [3, 2, 3], [3, 2, 4], [4, 1, 2], [4, 1, 3], [4, 1, 4], [4, 2, 2], [4, 2, 3], [4, 2, 4], [5, 1, 2], [5, 1, 3], [5, 1, 4], [5, 2, 2], [5, 2, 3], [5, 2, 4], [6, 1, 2], [6, 1, 3], [6, 1, 4], [6, 2, 2], [6, 2, 3], [6, 2, 4], [4, 1, 1], 0, [4, 2, 1], [3, 1, 1], [5, 1, 1], [3, 2, 1], [5, 2, 1], [2, 1, 1], [2, 2, 1], [1, 1, 1], [1, 2, 1], [6, 1, 1], [6, 2, 1]]
34	-4.80843	43.33644	52	44	12	businessII	[[1, 1, 4], [1, 2, 4], [2, 1, 1], [2, 1, 2], [2, 1, 3], [2, 1, 4], [2, 2, 1], [2, 2, 2], [2, 2, 3], [2, 2, 4], [3, 1, 1], [3, 1, 2], [3, 1, 3], [3, 1, 4], [3, 2, 1], [3, 2, 2], [3, 2, 3], [3, 2, 4], [4, 1, 1], [4, 1, 2], [4, 1, 3], [4, 1, 4], [4, 2, 1], [4, 2, 2], [4, 2, 3], [4, 2, 4], [5, 1, 1], [5, 1, 2], [5, 1, 3], [5, 1, 4], [5, 2, 1], [5, 2, 2], [5, 2, 3], [5, 2, 4], [6, 1, 4], [6, 2, 4], [6, 2, 3], 0, [6, 2, 2], [6, 2, 1], [1, 2, 3], [1, 2, 2], [1, 2, 1], [6, 1, 3], [6, 1, 2], [6, 1, 1], [1, 1, 3], [1, 1, 2], [1, 1, 1]]
35	-4.80739	43.34093	52	52	12	businessII	[[1, 1, 4], [1, 2, 4], [2, 1, 1], [2, 1, 2], [2, 1, 3], [2, 1, 4], [2, 2, 1], [2, 2, 2], [2, 2, 3], [2, 2, 4], [3, 1, 1], [3, 1, 2], [3, 1, 3], [3, 1, 4], [3, 2, 1], [3, 2, 2], [3, 2, 3], [3, 2, 4], [4, 1, 1], [4, 1, 2], [4, 1, 3], [4, 1, 4], [4, 2, 1], [4, 2, 2], [4, 2, 3], [4, 2, 4], [5, 1, 1], [5, 1, 2], [5, 1, 3], [5, 1, 4], [5, 2, 1], [5, 2, 2], [5, 2, 3], [5, 2, 4], [6, 1, 4], [6, 2, 4], [1, 2, 3], 0, [1, 2, 2], [1, 2, 1], [6, 2, 3], [6, 2, 2], [6, 2, 1], [1, 1, 3], [1, 1, 2], [1, 1, 1], [6, 1, 3], [6, 1, 2], [6, 1, 1]]
36	-4.77878	43.3631	52	65	12	familyII	[[1, 1, 4], [1, 2, 4], [2, 1, 4], [2, 2, 4], [3, 1, 4], [3, 2, 4], [4, 1, 4], [4, 2, 4], [5, 1, 4], [5, 2, 4], [6, 1, 4], [6, 2, 4], [1, 1, 3], 0, [5, 1, 3], [1, 1, 2], [5, 1, 2], [1, 1, 1], [6, 1, 3], [5, 1, 1], [6, 1, 2], [6, 1, 1], [1, 2, 3], [5, 2, 3], [3, 1, 3], [1, 2, 2], [2, 1, 3], [5, 2, 2], [3, 1, 2], [1, 2, 1], [6, 2, 3], [2, 1, 2], [4, 1, 3], [5, 2, 1], [3, 1, 1], [6, 2, 2], [2, 1, 1], [4, 1, 2], [6, 2, 1], [4, 1, 1], [3, 2, 3], [2, 2, 3], [3, 2, 2], [2, 2, 2], [4, 2, 3], [3, 2, 1], [2, 2, 1], [4, 2, 2], [4, 2, 1]]