S3n36d2w6-120p5-4-8c3_1679305541

DAYS
2

WINDOWS
1	480	600
2	600	720
3	720	840
4	840	960
5	960	1080
6	1080	1200

FEES
1	5
2	6
3	7
4	8

CLUSTERS
CLUST NO.	LONCOORD.	LATCOORD.

51	-4.87416	43.3423
52	-4.7807	43.3423
57	-4.82743	43.31532

CUSTOMERS
CUST NO.	LONCOORD.	LATCOORD.	CLUST NO.	BASKET.	SERVICE TIME.	SEGMENT.	PREF LIST.
0	-4.82743	43.31532	0	0	0	0	0
1	-4.80958	43.29862	57	32	12	pensionerI	[[1, 1, 2], [1, 1, 3], [1, 1, 4], [1, 2, 2], [1, 2, 3], [1, 2, 4], [2, 1, 2], [2, 1, 3], [2, 1, 4], [2, 2, 2], [2, 2, 3], [2, 2, 4], [3, 1, 2], [3, 1, 3], [3, 1, 4], [3, 2, 2], [3, 2, 3], [3, 2, 4], [4, 1, 2], [4, 1, 3], [4, 1, 4], [4, 2, 2], [4, 2, 3], [4, 2, 4], [5, 1, 2], [5, 1, 3], [5, 1, 4], [5, 2, 2], [5, 2, 3], [5, 2, 4], [6, 1, 2], [6, 1, 3], [6, 1, 4], [6, 2, 2], [6, 2, 3], [6, 2, 4], [4, 2, 1], 0, [1, 2, 1], [4, 1, 1], [6, 2, 1], [1, 1, 1], [6, 1, 1], [3, 2, 1], [3, 1, 1], [5, 2, 1], [5, 1, 1], [2, 2, 1], [2, 1, 1]]
2	-4.80747	43.29815	57	52	12	familyI	[[1, 1, 2], [1, 1, 3], [1, 1, 4], [1, 2, 2], [1, 2, 3], [1, 2, 4], [2, 1, 2], [2, 1, 3], [2, 1, 4], [2, 2, 2], [2, 2, 3], [2, 2, 4], [3, 1, 2], [3, 1, 3], [3, 1, 4], [3, 2, 2], [3, 2, 3], [3, 2, 4], [4, 1, 2], [4, 1, 3], [4, 1, 4], [4, 2, 2], [4, 2, 3], [4, 2, 4], [5, 1, 2], [5, 1, 3], [5, 1, 4], [5, 2, 2], [5, 2, 3], [5, 2, 4], [6, 1, 2], [6, 1, 3], [6, 1, 4], [6, 2, 2], [6, 2, 3], [6, 2, 4], [5, 2, 1], 0, [3, 2, 1], [6, 2, 1], [1, 2, 1], [5, 1, 1], [3, 1, 1], [6, 1, 1], [2, 2, 1], [4, 2, 1], [1, 1, 1], [2, 1, 1], [4, 1, 1]]
3	-4.84298	43.28888	57	48	12	familyII	[[1, 1, 4], [1, 2, 4], [2, 1, 4], [2, 2, 4], [3, 1, 4], [3, 2, 4], [4, 1, 4], [4, 2, 4], [5, 1, 4], [5, 2, 4], [6, 1, 4], [6, 2, 4], [6, 1, 3], 0, [5, 1, 3], [6, 1, 2], [1, 1, 3], [5, 1, 2], [6, 1, 1], [1, 1, 2], [5, 1, 1], [1, 1, 1], [2, 1, 3], [6, 2, 3], [4, 1, 3], [2, 1, 2], [3, 1, 3], [5, 2, 3], [6, 2, 2], [4, 1, 2], [1, 2, 3], [2, 1, 1], [3, 1, 2], [5, 2, 2], [6, 2, 1], [4, 1, 1], [1, 2, 2], [3, 1, 1], [5, 2, 1], [1, 2, 1], [2, 2, 3], [4, 2, 3], [2, 2, 2], [3, 2, 3], [4, 2, 2], [2, 2, 1], [3, 2, 2], [4, 2, 1], [3, 2, 1]]
4	-4.83468	43.30595	57	46	12	familyI	[[1, 1, 2], [1, 1, 3], [1, 1, 4], [1, 2, 2], [1, 2, 3], [1, 2, 4], [2, 1, 2], [2, 1, 3], [2, 1, 4], [2, 2, 2], [2, 2, 3], [2, 2, 4], [3, 1, 2], [3, 1, 3], [3, 1, 4], [3, 2, 2], [3, 2, 3], [3, 2, 4], [4, 1, 2], [4, 1, 3], [4, 1, 4], [4, 2, 2], [4, 2, 3], [4, 2, 4], [5, 1, 2], [5, 1, 3], [5, 1, 4], [5, 2, 2], [5, 2, 3], [5, 2, 4], [6, 1, 2], [6, 1, 3], [6, 1, 4], [6, 2, 2], [6, 2, 3], [6, 2, 4], [3, 2, 1], 0, [1, 2, 1], [5, 2, 1], [6, 2, 1], [3, 1, 1], [1, 1, 1], [5, 1, 1], [6, 1, 1], [4, 2, 1], [2, 2, 1], [4, 1, 1], [2, 1, 1]]
5	-4.83742	43.30004	57	48	12	businessI	[[1, 1, 4], [1, 2, 4], [2, 1, 4], [2, 2, 4], [3, 1, 1], [3, 1, 2], [3, 1, 3], [3, 1, 4], [3, 2, 1], [3, 2, 2], [3, 2, 3], [3, 2, 4], [4, 1, 1], [4, 1, 2], [4, 1, 3], [4, 1, 4], [4, 2, 1], [4, 2, 2], [4, 2, 3], [4, 2, 4], [5, 1, 4], [5, 2, 4], [6, 1, 4], [6, 2, 4], [2, 1, 3], 0, [2, 1, 2], [6, 1, 3], [2, 1, 1], [5, 1, 3], [6, 1, 2], [5, 1, 2], [6, 1, 1], [5, 1, 1], [1, 1, 3], [1, 1, 2], [1, 1, 1], [2, 2, 3], [2, 2, 2], [6, 2, 3], [2, 2, 1], [5, 2, 3], [6, 2, 2], [5, 2, 2], [6, 2, 1], [5, 2, 1], [1, 2, 3], [1, 2, 2], [1, 2, 1]]
6	-4.82855	43.31236	57	75	12	familyI	[[1, 1, 2], [1, 1, 3], [1, 1, 4], [1, 2, 2], [1, 2, 3], [1, 2, 4], [2, 1, 2], [2, 1, 3], [2, 1, 4], [2, 2, 2], [2, 2, 3], [2, 2, 4], [3, 1, 2], [3, 1, 3], [3, 1, 4], [3, 2, 2], [3, 2, 3], [3, 2, 4], [4, 1, 2], [4, 1, 3], [4, 1, 4], [4, 2, 2], [4, 2, 3], [4, 2, 4], [5, 1, 2], [5, 1, 3], [5, 1, 4], [5, 2, 2], [5, 2, 3], [5, 2, 4], [6, 1, 2], [6, 1, 3], [6, 1, 4], [6, 2, 2], [6, 2, 3], [6, 2, 4], [3, 1, 1], 0, [1, 1, 1], [5, 1, 1], [6, 1, 1], [3, 2, 1], [1, 2, 1], [5, 2, 1], [6, 2, 1], [4, 1, 1], [2, 1, 1], [4, 2, 1], [2, 2, 1]]
7	-4.80564	43.30477	57	53	12	businessI	[[1, 1, 4], [1, 2, 4], [2, 1, 4], [2, 2, 4], [3, 1, 1], [3, 1, 2], [3, 1, 3], [3, 1, 4], [3, 2, 1], [3, 2, 2], [3, 2, 3], [3, 2, 4], [4, 1, 1], [4, 1, 2], [4, 1, 3], [4, 1, 4], [4, 2, 1], [4, 2, 2], [4, 2, 3], [4, 2, 4], [5, 1, 4], [5, 2, 4], [6, 1, 4], [6, 2, 4], [6, 1, 3], 0, [2, 1, 3], [6, 1, 2], [2, 1, 2], [6, 1, 1], [2, 1, 1], [1, 1, 3], [1, 1, 2], [1, 1, 1], [5, 1, 3], [5, 1, 2], [5, 1, 1], [6, 2, 3], [2, 2, 3], [6, 2, 2], [2, 2, 2], [6, 2, 1], [2, 2, 1], [1, 2, 3], [1, 2, 2], [1, 2, 1], [5, 2, 3], [5, 2, 2], [5, 2, 1]]
8	-4.84631	43.30094	57	51	12	familyI	[[1, 1, 2], [1, 1, 3], [1, 1, 4], [1, 2, 2], [1, 2, 3], [1, 2, 4], [2, 1, 2], [2, 1, 3], [2, 1, 4], [2, 2, 2], [2, 2, 3], [2, 2, 4], [3, 1, 2], [3, 1, 3], [3, 1, 4], [3, 2, 2], [3, 2, 3], [3, 2, 4], [4, 1, 2], [4, 1, 3], [4, 1, 4], [4, 2, 2], [4, 2, 3], [4, 2, 4], [5, 1, 2], [5, 1, 3], [5, 1, 4], [5, 2, 2], [5, 2, 3], [5, 2, 4], [6, 1, 2], [6, 1, 3], [6, 1, 4], [6, 2, 2], [6, 2, 3], [6, 2, 4], [1, 1, 1], 0, [6, 1, 1], [1, 2, 1], [6, 2, 1], [5, 1, 1], [5, 2, 1], [3, 1, 1], [3, 2, 1], [4, 1, 1], [2, 1, 1], [4, 2, 1], [2, 2, 1]]
9	-4.86988	43.33349	51	34	12	pensionerI	[[1, 1, 2], [1, 1, 3], [1, 1, 4], [1, 2, 2], [1, 2, 3], [1, 2, 4], [2, 1, 2], [2, 1, 3], [2, 1, 4], [2, 2, 2], [2, 2, 3], [2, 2, 4], [3, 1, 2], [3, 1, 3], [3, 1, 4], [3, 2, 2], [3, 2, 3], [3, 2, 4], [4, 1, 2], [4, 1, 3], [4, 1, 4], [4, 2, 2], [4, 2, 3], [4, 2, 4], [5, 1, 2], [5, 1, 3], [5, 1, 4], [5, 2, 2], [5, 2, 3], [5, 2, 4], [6, 1, 2], [6, 1, 3], [6, 1, 4], [6, 2, 2], [6, 2, 3], [6, 2, 4], [4, 2, 1], 0, [3, 2, 1], [6, 2, 1], [4, 1, 1], [3, 1, 1], [2, 2, 1], [1, 2, 1], [6, 1, 1], [5, 2, 1], [2, 1, 1], [1, 1, 1], [5, 1, 1]]
10	-4.868	43.33676	51	48	12	familyII	[[1, 1, 4], [1, 2, 4], [2, 1, 4], [2, 2, 4], [3, 1, 4], [3, 2, 4], [4, 1, 4], [4, 2, 4], [5, 1, 4], [5, 2, 4], [6, 1, 4], [6, 2, 4], [1, 1, 3], 0, [6, 1, 3], [1, 1, 2], [6, 1, 2], [5, 1, 3], [1, 1, 1], [6, 1, 1], [5, 1, 2], [5, 1, 1], [3, 1, 3], [4, 1, 3], [2, 1, 3], [3, 1, 2], [1, 2, 3], [4, 1, 2], [2, 1, 2], [6, 2, 3], [3, 1, 1], [1, 2, 2], [4, 1, 1], [2, 1, 1], [6, 2, 2], [5, 2, 3], [1, 2, 1], [6, 2, 1], [5, 2, 2], [5, 2, 1], [3, 2, 3], [4, 2, 3], [2, 2, 3], [3, 2, 2], [4, 2, 2], [2, 2, 2], [3, 2, 1], [4, 2, 1], [2, 2, 1]]
11	-4.87643	43.32978	51	43	12	businessII	[[1, 1, 4], [1, 2, 4], [2, 1, 1], [2, 1, 2], [2, 1, 3], [2, 1, 4], [2, 2, 1], [2, 2, 2], [2, 2, 3], [2, 2, 4], [3, 1, 1], [3, 1, 2], [3, 1, 3], [3, 1, 4], [3, 2, 1], [3, 2, 2], [3, 2, 3], [3, 2, 4], [4, 1, 1], [4, 1, 2], [4, 1, 3], [4, 1, 4], [4, 2, 1], [4, 2, 2], [4, 2, 3], [4, 2, 4], [5, 1, 1], [5, 1, 2], [5, 1, 3], [5, 1, 4], [5, 2, 1], [5, 2, 2], [5, 2, 3], [5, 2, 4], [6, 1, 4], [6, 2, 4], [1, 2, 3], 0, [1, 2, 2], [1, 2, 1], [6, 2, 3], [6, 2, 2], [6, 2, 1], [1, 1, 3], [1, 1, 2], [1, 1, 1], [6, 1, 3], [6, 1, 2], [6, 1, 1]]
12	-4.82215	43.3135	57	72	12	familyII	[[1, 1, 4], [1, 2, 4], [2, 1, 4], [2, 2, 4], [3, 1, 4], [3, 2, 4], [4, 1, 4], [4, 2, 4], [5, 1, 4], [5, 2, 4], [6, 1, 4], [6, 2, 4], [1, 1, 3], 0, [5, 1, 3], [1, 1, 2], [5, 1, 2], [6, 1, 3], [1, 1, 1], [1, 2, 3], [5, 1, 1], [6, 1, 2], [5, 2, 3], [1, 2, 2], [6, 1, 1], [5, 2, 2], [6, 2, 3], [1, 2, 1], [2, 1, 3], [5, 2, 1], [6, 2, 2], [4, 1, 3], [2, 1, 2], [6, 2, 1], [4, 1, 2], [3, 1, 3], [2, 1, 1], [4, 1, 1], [2, 2, 3], [3, 1, 2], [4, 2, 3], [2, 2, 2], [3, 1, 1], [4, 2, 2], [3, 2, 3], [2, 2, 1], [4, 2, 1], [3, 2, 2], [3, 2, 1]]
13	-4.82844	43.29405	57	53	12	familyII	[[1, 1, 4], [1, 2, 4], [2, 1, 4], [2, 2, 4], [3, 1, 4], [3, 2, 4], [4, 1, 4], [4, 2, 4], [5, 1, 4], [5, 2, 4], [6, 1, 4], [6, 2, 4], [6, 1, 3], 0, [5, 1, 3], [1, 1, 3], [6, 1, 2], [5, 1, 2], [1, 1, 2], [6, 1, 1], [5, 1, 1], [1, 1, 1], [3, 1, 3], [2, 1, 3], [6, 2, 3], [5, 2, 3], [1, 2, 3], [3, 1, 2], [2, 1, 2], [6, 2, 2], [5, 2, 2], [1, 2, 2], [3, 1, 1], [2, 1, 1], [6, 2, 1], [5, 2, 1], [1, 2, 1], [4, 1, 3], [4, 1, 2], [4, 1, 1], [3, 2, 3], [2, 2, 3], [3, 2, 2], [2, 2, 2], [3, 2, 1], [2, 2, 1], [4, 2, 3], [4, 2, 2], [4, 2, 1]]
14	-4.83046	43.29693	57	58	12	familyII	[[1, 1, 4], [1, 2, 4], [2, 1, 4], [2, 2, 4], [3, 1, 4], [3, 2, 4], [4, 1, 4], [4, 2, 4], [5, 1, 4], [5, 2, 4], [6, 1, 4], [6, 2, 4], [1, 2, 3], 0, [5, 2, 3], [1, 2, 2], [5, 2, 2], [6, 2, 3], [1, 2, 1], [5, 2, 1], [6, 2, 2], [6, 2, 1], [1, 1, 3], [5, 1, 3], [1, 1, 2], [5, 1, 2], [6, 1, 3], [2, 2, 3], [1, 1, 1], [5, 1, 1], [6, 1, 2], [3, 2, 3], [4, 2, 3], [2, 2, 2], [6, 1, 1], [3, 2, 2], [4, 2, 2], [2, 2, 1], [3, 2, 1], [4, 2, 1], [2, 1, 3], [3, 1, 3], [4, 1, 3], [2, 1, 2], [3, 1, 2], [4, 1, 2], [2, 1, 1], [3, 1, 1], [4, 1, 1]]
15	-4.82804	43.29896	57	73	12	familyI	[[1, 1, 2], [1, 1, 3], [1, 1, 4], [1, 2, 2], [1, 2, 3], [1, 2, 4], [2, 1, 2], [2, 1, 3], [2, 1, 4], [2, 2, 2], [2, 2, 3], [2, 2, 4], [3, 1, 2], [3, 1, 3], [3, 1, 4], [3, 2, 2], [3, 2, 3], [3, 2, 4], [4, 1, 2], [4, 1, 3], [4, 1, 4], [4, 2, 2], [4, 2, 3], [4, 2, 4], [5, 1, 2], [5, 1, 3], [5, 1, 4], [5, 2, 2], [5, 2, 3], [5, 2, 4], [6, 1, 2], [6, 1, 3], [6, 1, 4], [6, 2, 2], [6, 2, 3], [6, 2, 4], [6, 2, 1], 0, [1, 2, 1], [3, 2, 1], [5, 2, 1], [6, 1, 1], [1, 1, 1], [3, 1, 1], [2, 2, 1], [4, 2, 1], [5, 1, 1], [2, 1, 1], [4, 1, 1]]
16	-4.76871	43.31957	52	42	12	familyII	[[1, 1, 4], [1, 2, 4], [2, 1, 4], [2, 2, 4], [3, 1, 4], [3, 2, 4], [4, 1, 4], [4, 2, 4], [5, 1, 4], [5, 2, 4], [6, 1, 4], [6, 2, 4], [5, 2, 3], 0, [6, 2, 3], [5, 2, 2], [6, 2, 2], [5, 2, 1], [1, 2, 3], [6, 2, 1], [1, 2, 2], [1, 2, 1], [4, 2, 3], [3, 2, 3], [4, 2, 2], [3, 2, 2], [2, 2, 3], [5, 1, 3], [4, 2, 1], [6, 1, 3], [3, 2, 1], [2, 2, 2], [5, 1, 2], [6, 1, 2], [2, 2, 1], [5, 1, 1], [1, 1, 3], [6, 1, 1], [1, 1, 2], [1, 1, 1], [4, 1, 3], [3, 1, 3], [4, 1, 2], [3, 1, 2], [2, 1, 3], [4, 1, 1], [3, 1, 1], [2, 1, 2], [2, 1, 1]]
17	-4.8082	43.31202	57	36	12	businessII	[[1, 1, 4], [1, 2, 4], [2, 1, 1], [2, 1, 2], [2, 1, 3], [2, 1, 4], [2, 2, 1], [2, 2, 2], [2, 2, 3], [2, 2, 4], [3, 1, 1], [3, 1, 2], [3, 1, 3], [3, 1, 4], [3, 2, 1], [3, 2, 2], [3, 2, 3], [3, 2, 4], [4, 1, 1], [4, 1, 2], [4, 1, 3], [4, 1, 4], [4, 2, 1], [4, 2, 2], [4, 2, 3], [4, 2, 4], [5, 1, 1], [5, 1, 2], [5, 1, 3], [5, 1, 4], [5, 2, 1], [5, 2, 2], [5, 2, 3], [5, 2, 4], [6, 1, 4], [6, 2, 4], [6, 1, 3], 0, [6, 1, 2], [6, 1, 1], [1, 1, 3], [1, 1, 2], [1, 1, 1], [6, 2, 3], [6, 2, 2], [6, 2, 1], [1, 2, 3], [1, 2, 2], [1, 2, 1]]
18	-4.76366	43.36654	52	22	12	pensionerII	[[1, 1, 3], [1, 1, 4], [1, 2, 3], [1, 2, 4], [2, 1, 3], [2, 1, 4], [2, 2, 3], [2, 2, 4], [3, 1, 3], [3, 1, 4], [3, 2, 3], [3, 2, 4], [4, 1, 3], [4, 1, 4], [4, 2, 3], [4, 2, 4], [5, 1, 3], [5, 1, 4], [5, 2, 3], [5, 2, 4], [6, 1, 3], [6, 1, 4], [6, 2, 3], [6, 2, 4], [2, 1, 2], 0, [2, 1, 1], [6, 1, 2], [6, 1, 1], [2, 2, 2], [2, 2, 1], [6, 2, 2], [6, 2, 1], [5, 1, 2], [5, 1, 1], [5, 2, 2], [5, 2, 1], [1, 1, 2], [1, 1, 1], [4, 1, 2], [4, 1, 1], [1, 2, 2], [1, 2, 1], [3, 1, 2], [3, 1, 1], [4, 2, 2], [4, 2, 1], [3, 2, 2], [3, 2, 1]]
19	-4.76683	43.36677	52	61	12	familyI	[[1, 1, 2], [1, 1, 3], [1, 1, 4], [1, 2, 2], [1, 2, 3], [1, 2, 4], [2, 1, 2], [2, 1, 3], [2, 1, 4], [2, 2, 2], [2, 2, 3], [2, 2, 4], [3, 1, 2], [3, 1, 3], [3, 1, 4], [3, 2, 2], [3, 2, 3], [3, 2, 4], [4, 1, 2], [4, 1, 3], [4, 1, 4], [4, 2, 2], [4, 2, 3], [4, 2, 4], [5, 1, 2], [5, 1, 3], [5, 1, 4], [5, 2, 2], [5, 2, 3], [5, 2, 4], [6, 1, 2], [6, 1, 3], [6, 1, 4], [6, 2, 2], [6, 2, 3], [6, 2, 4], [5, 2, 1], 0, [1, 2, 1], [3, 2, 1], [6, 2, 1], [5, 1, 1], [1, 1, 1], [3, 1, 1], [6, 1, 1], [4, 2, 1], [2, 2, 1], [4, 1, 1], [2, 1, 1]]
20	-4.77204	43.36151	52	39	12	businessII	[[1, 1, 4], [1, 2, 4], [2, 1, 1], [2, 1, 2], [2, 1, 3], [2, 1, 4], [2, 2, 1], [2, 2, 2], [2, 2, 3], [2, 2, 4], [3, 1, 1], [3, 1, 2], [3, 1, 3], [3, 1, 4], [3, 2, 1], [3, 2, 2], [3, 2, 3], [3, 2, 4], [4, 1, 1], [4, 1, 2], [4, 1, 3], [4, 1, 4], [4, 2, 1], [4, 2, 2], [4, 2, 3], [4, 2, 4], [5, 1, 1], [5, 1, 2], [5, 1, 3], [5, 1, 4], [5, 2, 1], [5, 2, 2], [5, 2, 3], [5, 2, 4], [6, 1, 4], [6, 2, 4], [6, 2, 3], 0, [6, 2, 2], [6, 2, 1], [1, 2, 3], [1, 2, 2], [1, 2, 1], [6, 1, 3], [6, 1, 2], [6, 1, 1], [1, 1, 3], [1, 1, 2], [1, 1, 1]]
21	-4.76902	43.3667	52	35	12	pensionerI	[[1, 1, 2], [1, 1, 3], [1, 1, 4], [1, 2, 2], [1, 2, 3], [1, 2, 4], [2, 1, 2], [2, 1, 3], [2, 1, 4], [2, 2, 2], [2, 2, 3], [2, 2, 4], [3, 1, 2], [3, 1, 3], [3, 1, 4], [3, 2, 2], [3, 2, 3], [3, 2, 4], [4, 1, 2], [4, 1, 3], [4, 1, 4], [4, 2, 2], [4, 2, 3], [4, 2, 4], [5, 1, 2], [5, 1, 3], [5, 1, 4], [5, 2, 2], [5, 2, 3], [5, 2, 4], [6, 1, 2], [6, 1, 3], [6, 1, 4], [6, 2, 2], [6, 2, 3], [6, 2, 4], [4, 1, 1], 0, [4, 2, 1], [3, 1, 1], [5, 1, 1], [3, 2, 1], [1, 1, 1], [5, 2, 1], [1, 2, 1], [2, 1, 1], [2, 2, 1], [6, 1, 1], [6, 2, 1]]
22	-4.78179	43.33228	52	35	12	businessII	[[1, 1, 4], [1, 2, 4], [2, 1, 1], [2, 1, 2], [2, 1, 3], [2, 1, 4], [2, 2, 1], [2, 2, 2], [2, 2, 3], [2, 2, 4], [3, 1, 1], [3, 1, 2], [3, 1, 3], [3, 1, 4], [3, 2, 1], [3, 2, 2], [3, 2, 3], [3, 2, 4], [4, 1, 1], [4, 1, 2], [4, 1, 3], [4, 1, 4], [4, 2, 1], [4, 2, 2], [4, 2, 3], [4, 2, 4], [5, 1, 1], [5, 1, 2], [5, 1, 3], [5, 1, 4], [5, 2, 1], [5, 2, 2], [5, 2, 3], [5, 2, 4], [6, 1, 4], [6, 2, 4], [6, 2, 3], 0, [6, 2, 2], [6, 2, 1], [1, 2, 3], [1, 2, 2], [1, 2, 1], [6, 1, 3], [6, 1, 2], [6, 1, 1], [1, 1, 3], [1, 1, 2], [1, 1, 1]]
23	-4.77079	43.34096	52	51	12	familyI	[[1, 1, 2], [1, 1, 3], [1, 1, 4], [1, 2, 2], [1, 2, 3], [1, 2, 4], [2, 1, 2], [2, 1, 3], [2, 1, 4], [2, 2, 2], [2, 2, 3], [2, 2, 4], [3, 1, 2], [3, 1, 3], [3, 1, 4], [3, 2, 2], [3, 2, 3], [3, 2, 4], [4, 1, 2], [4, 1, 3], [4, 1, 4], [4, 2, 2], [4, 2, 3], [4, 2, 4], [5, 1, 2], [5, 1, 3], [5, 1, 4], [5, 2, 2], [5, 2, 3], [5, 2, 4], [6, 1, 2], [6, 1, 3], [6, 1, 4], [6, 2, 2], [6, 2, 3], [6, 2, 4], [5, 2, 1], 0, [3, 2, 1], [1, 2, 1], [6, 2, 1], [5, 1, 1], [3, 1, 1], [1, 1, 1], [6, 1, 1], [4, 2, 1], [2, 2, 1], [4, 1, 1], [2, 1, 1]]
24	-4.77326	43.32988	52	45	12	businessI	[[1, 1, 4], [1, 2, 4], [2, 1, 4], [2, 2, 4], [3, 1, 1], [3, 1, 2], [3, 1, 3], [3, 1, 4], [3, 2, 1], [3, 2, 2], [3, 2, 3], [3, 2, 4], [4, 1, 1], [4, 1, 2], [4, 1, 3], [4, 1, 4], [4, 2, 1], [4, 2, 2], [4, 2, 3], [4, 2, 4], [5, 1, 4], [5, 2, 4], [6, 1, 4], [6, 2, 4], [2, 1, 3], 0, [5, 1, 3], [2, 1, 2], [5, 1, 2], [2, 1, 1], [5, 1, 1], [1, 1, 3], [1, 1, 2], [1, 1, 1], [6, 1, 3], [6, 1, 2], [6, 1, 1], [2, 2, 3], [5, 2, 3], [2, 2, 2], [5, 2, 2], [2, 2, 1], [5, 2, 1], [1, 2, 3], [1, 2, 2], [1, 2, 1], [6, 2, 3], [6, 2, 2], [6, 2, 1]]
25	-4.76088	43.32706	52	21	12	pensionerI	[[1, 1, 2], [1, 1, 3], [1, 1, 4], [1, 2, 2], [1, 2, 3], [1, 2, 4], [2, 1, 2], [2, 1, 3], [2, 1, 4], [2, 2, 2], [2, 2, 3], [2, 2, 4], [3, 1, 2], [3, 1, 3], [3, 1, 4], [3, 2, 2], [3, 2, 3], [3, 2, 4], [4, 1, 2], [4, 1, 3], [4, 1, 4], [4, 2, 2], [4, 2, 3], [4, 2, 4], [5, 1, 2], [5, 1, 3], [5, 1, 4], [5, 2, 2], [5, 2, 3], [5, 2, 4], [6, 1, 2], [6, 1, 3], [6, 1, 4], [6, 2, 2], [6, 2, 3], [6, 2, 4], [4, 1, 1], 0, [4, 2, 1], [1, 1, 1], [3, 1, 1], [1, 2, 1], [3, 2, 1], [5, 1, 1], [5, 2, 1], [6, 1, 1], [6, 2, 1], [2, 1, 1], [2, 2, 1]]
26	-4.7636	43.36182	52	34	12	pensionerI	[[1, 1, 2], [1, 1, 3], [1, 1, 4], [1, 2, 2], [1, 2, 3], [1, 2, 4], [2, 1, 2], [2, 1, 3], [2, 1, 4], [2, 2, 2], [2, 2, 3], [2, 2, 4], [3, 1, 2], [3, 1, 3], [3, 1, 4], [3, 2, 2], [3, 2, 3], [3, 2, 4], [4, 1, 2], [4, 1, 3], [4, 1, 4], [4, 2, 2], [4, 2, 3], [4, 2, 4], [5, 1, 2], [5, 1, 3], [5, 1, 4], [5, 2, 2], [5, 2, 3], [5, 2, 4], [6, 1, 2], [6, 1, 3], [6, 1, 4], [6, 2, 2], [6, 2, 3], [6, 2, 4], [2, 2, 1], 0, [6, 2, 1], [1, 2, 1], [3, 2, 1], [5, 2, 1], [2, 1, 1], [6, 1, 1], [1, 1, 1], [4, 2, 1], [3, 1, 1], [5, 1, 1], [4, 1, 1]]
27	-4.76485	43.33291	52	26	12	pensionerII	[[1, 1, 3], [1, 1, 4], [1, 2, 3], [1, 2, 4], [2, 1, 3], [2, 1, 4], [2, 2, 3], [2, 2, 4], [3, 1, 3], [3, 1, 4], [3, 2, 3], [3, 2, 4], [4, 1, 3], [4, 1, 4], [4, 2, 3], [4, 2, 4], [5, 1, 3], [5, 1, 4], [5, 2, 3], [5, 2, 4], [6, 1, 3], [6, 1, 4], [6, 2, 3], [6, 2, 4], [2, 2, 2], 0, [2, 2, 1], [5, 2, 2], [5, 2, 1], [6, 2, 2], [6, 2, 1], [2, 1, 2], [2, 1, 1], [1, 2, 2], [1, 2, 1], [3, 2, 2], [5, 1, 2], [3, 2, 1], [5, 1, 1], [6, 1, 2], [6, 1, 1], [4, 2, 2], [4, 2, 1], [1, 1, 2], [1, 1, 1], [3, 1, 2], [3, 1, 1], [4, 1, 2], [4, 1, 1]]
28	-4.78225	43.33997	52	38	12	pensionerII	[[1, 1, 3], [1, 1, 4], [1, 2, 3], [1, 2, 4], [2, 1, 3], [2, 1, 4], [2, 2, 3], [2, 2, 4], [3, 1, 3], [3, 1, 4], [3, 2, 3], [3, 2, 4], [4, 1, 3], [4, 1, 4], [4, 2, 3], [4, 2, 4], [5, 1, 3], [5, 1, 4], [5, 2, 3], [5, 2, 4], [6, 1, 3], [6, 1, 4], [6, 2, 3], [6, 2, 4], [5, 2, 2], 0, [5, 2, 1], [2, 2, 2], [2, 2, 1], [6, 2, 2], [6, 2, 1], [3, 2, 2], [3, 2, 1], [1, 2, 2], [1, 2, 1], [5, 1, 2], [5, 1, 1], [2, 1, 2], [2, 1, 1], [6, 1, 2], [6, 1, 1], [4, 2, 2], [4, 2, 1], [3, 1, 2], [3, 1, 1], [1, 1, 2], [1, 1, 1], [4, 1, 2], [4, 1, 1]]
29	-4.78717	43.34172	52	36	12	pensionerII	[[1, 1, 3], [1, 1, 4], [1, 2, 3], [1, 2, 4], [2, 1, 3], [2, 1, 4], [2, 2, 3], [2, 2, 4], [3, 1, 3], [3, 1, 4], [3, 2, 3], [3, 2, 4], [4, 1, 3], [4, 1, 4], [4, 2, 3], [4, 2, 4], [5, 1, 3], [5, 1, 4], [5, 2, 3], [5, 2, 4], [6, 1, 3], [6, 1, 4], [6, 2, 3], [6, 2, 4], [6, 1, 2], 0, [6, 1, 1], [2, 1, 2], [2, 1, 1], [5, 1, 2], [5, 1, 1], [6, 2, 2], [6, 2, 1], [2, 2, 2], [2, 2, 1], [5, 2, 2], [5, 2, 1], [3, 1, 2], [4, 1, 2], [1, 1, 2], [3, 1, 1], [4, 1, 1], [1, 1, 1], [3, 2, 2], [4, 2, 2], [1, 2, 2], [3, 2, 1], [4, 2, 1], [1, 2, 1]]
30	-4.77935	43.34105	52	33	12	pensionerII	[[1, 1, 3], [1, 1, 4], [1, 2, 3], [1, 2, 4], [2, 1, 3], [2, 1, 4], [2, 2, 3], [2, 2, 4], [3, 1, 3], [3, 1, 4], [3, 2, 3], [3, 2, 4], [4, 1, 3], [4, 1, 4], [4, 2, 3], [4, 2, 4], [5, 1, 3], [5, 1, 4], [5, 2, 3], [5, 2, 4], [6, 1, 3], [6, 1, 4], [6, 2, 3], [6, 2, 4], [5, 2, 2], 0, [5, 2, 1], [2, 2, 2], [6, 2, 2], [2, 2, 1], [5, 1, 2], [6, 2, 1], [5, 1, 1], [2, 1, 2], [6, 1, 2], [2, 1, 1], [6, 1, 1], [4, 2, 2], [3, 2, 2], [4, 2, 1], [3, 2, 1], [4, 1, 2], [3, 1, 2], [4, 1, 1], [3, 1, 1], [1, 2, 2], [1, 2, 1], [1, 1, 2], [1, 1, 1]]
31	-4.76776	43.34918	52	42	12	businessI	[[1, 1, 4], [1, 2, 4], [2, 1, 4], [2, 2, 4], [3, 1, 1], [3, 1, 2], [3, 1, 3], [3, 1, 4], [3, 2, 1], [3, 2, 2], [3, 2, 3], [3, 2, 4], [4, 1, 1], [4, 1, 2], [4, 1, 3], [4, 1, 4], [4, 2, 1], [4, 2, 2], [4, 2, 3], [4, 2, 4], [5, 1, 4], [5, 2, 4], [6, 1, 4], [6, 2, 4], [6, 1, 3], 0, [6, 1, 2], [5, 1, 3], [2, 1, 3], [6, 1, 1], [5, 1, 2], [2, 1, 2], [5, 1, 1], [2, 1, 1], [1, 1, 3], [1, 1, 2], [1, 1, 1], [6, 2, 3], [6, 2, 2], [5, 2, 3], [2, 2, 3], [6, 2, 1], [5, 2, 2], [2, 2, 2], [5, 2, 1], [2, 2, 1], [1, 2, 3], [1, 2, 2], [1, 2, 1]]
32	-4.81817	43.3319	57	77	12	familyII	[[1, 1, 4], [1, 2, 4], [2, 1, 4], [2, 2, 4], [3, 1, 4], [3, 2, 4], [4, 1, 4], [4, 2, 4], [5, 1, 4], [5, 2, 4], [6, 1, 4], [6, 2, 4], [5, 1, 3], 0, [1, 1, 3], [5, 2, 3], [6, 1, 3], [1, 2, 3], [5, 1, 2], [1, 1, 2], [6, 2, 3], [5, 2, 2], [6, 1, 2], [1, 2, 2], [5, 1, 1], [1, 1, 1], [6, 2, 2], [5, 2, 1], [6, 1, 1], [1, 2, 1], [6, 2, 1], [3, 1, 3], [2, 1, 3], [4, 1, 3], [3, 2, 3], [2, 2, 3], [3, 1, 2], [4, 2, 3], [2, 1, 2], [4, 1, 2], [3, 2, 2], [2, 2, 2], [3, 1, 1], [4, 2, 2], [2, 1, 1], [4, 1, 1], [3, 2, 1], [2, 2, 1], [4, 2, 1]]
33	-4.80476	43.34282	52	38	12	pensionerI	[[1, 1, 2], [1, 1, 3], [1, 1, 4], [1, 2, 2], [1, 2, 3], [1, 2, 4], [2, 1, 2], [2, 1, 3], [2, 1, 4], [2, 2, 2], [2, 2, 3], [2, 2, 4], [3, 1, 2], [3, 1, 3], [3, 1, 4], [3, 2, 2], [3, 2, 3], [3, 2, 4], [4, 1, 2], [4, 1, 3], [4, 1, 4], [4, 2, 2], [4, 2, 3], [4, 2, 4], [5, 1, 2], [5, 1, 3], [5, 1, 4], [5, 2, 2], [5, 2, 3], [5, 2, 4], [6, 1, 2], [6, 1, 3], [6, 1, 4], [6, 2, 2], [6, 2, 3], [6, 2, 4], [3, 1, 1], 0, [2, 1, 1], [6, 1, 1], [1, 1, 1], [5, 1, 1], [3, 2, 1], [2, 2, 1], [6, 2, 1], [1, 2, 1], [5, 2, 1], [4, 1, 1], [4, 2, 1]]
34	-4.78949	43.34492	52	44	12	businessI	[[1, 1, 4], [1, 2, 4], [2, 1, 4], [2, 2, 4], [3, 1, 1], [3, 1, 2], [3, 1, 3], [3, 1, 4], [3, 2, 1], [3, 2, 2], [3, 2, 3], [3, 2, 4], [4, 1, 1], [4, 1, 2], [4, 1, 3], [4, 1, 4], [4, 2, 1], [4, 2, 2], [4, 2, 3], [4, 2, 4], [5, 1, 4], [5, 2, 4], [6, 1, 4], [6, 2, 4], [5, 1, 3], 0, [5, 1, 2], [5, 1, 1], [5, 2, 3], [2, 1, 3], [6, 1, 3], [1, 1, 3], [5, 2, 2], [2, 1, 2], [6, 1, 2], [1, 1, 2], [5, 2, 1], [2, 1, 1], [6, 1, 1], [1, 1, 1], [2, 2, 3], [6, 2, 3], [1, 2, 3], [2, 2, 2], [6, 2, 2], [1, 2, 2], [2, 2, 1], [6, 2, 1], [1, 2, 1]]
35	-4.77895	43.36406	52	39	12	pensionerI	[[1, 1, 2], [1, 1, 3], [1, 1, 4], [1, 2, 2], [1, 2, 3], [1, 2, 4], [2, 1, 2], [2, 1, 3], [2, 1, 4], [2, 2, 2], [2, 2, 3], [2, 2, 4], [3, 1, 2], [3, 1, 3], [3, 1, 4], [3, 2, 2], [3, 2, 3], [3, 2, 4], [4, 1, 2], [4, 1, 3], [4, 1, 4], [4, 2, 2], [4, 2, 3], [4, 2, 4], [5, 1, 2], [5, 1, 3], [5, 1, 4], [5, 2, 2], [5, 2, 3], [5, 2, 4], [6, 1, 2], [6, 1, 3], [6, 1, 4], [6, 2, 2], [6, 2, 3], [6, 2, 4], [3, 1, 1], 0, [6, 1, 1], [1, 1, 1], [3, 2, 1], [6, 2, 1], [2, 1, 1], [5, 1, 1], [1, 2, 1], [2, 2, 1], [5, 2, 1], [4, 1, 1], [4, 2, 1]]
36	-4.78275	43.34866	52	55	12	businessII	[[1, 1, 4], [1, 2, 4], [2, 1, 1], [2, 1, 2], [2, 1, 3], [2, 1, 4], [2, 2, 1], [2, 2, 2], [2, 2, 3], [2, 2, 4], [3, 1, 1], [3, 1, 2], [3, 1, 3], [3, 1, 4], [3, 2, 1], [3, 2, 2], [3, 2, 3], [3, 2, 4], [4, 1, 1], [4, 1, 2], [4, 1, 3], [4, 1, 4], [4, 2, 1], [4, 2, 2], [4, 2, 3], [4, 2, 4], [5, 1, 1], [5, 1, 2], [5, 1, 3], [5, 1, 4], [5, 2, 1], [5, 2, 2], [5, 2, 3], [5, 2, 4], [6, 1, 4], [6, 2, 4], [1, 2, 3], 0, [1, 2, 2], [1, 2, 1], [6, 2, 3], [6, 2, 2], [6, 2, 1], [1, 1, 3], [1, 1, 2], [1, 1, 1], [6, 1, 3], [6, 1, 2], [6, 1, 1]]