S3n36d2w6-120p5-4-8c3_1679305586

DAYS
2

WINDOWS
1	480	600
2	600	720
3	720	840
4	840	960
5	960	1080
6	1080	1200

FEES
1	5
2	6
3	7
4	8

CLUSTERS
CLUST NO.	LONCOORD.	LATCOORD.

51	-4.87416	43.3423
52	-4.7807	43.3423
57	-4.82743	43.31532

CUSTOMERS
CUST NO.	LONCOORD.	LATCOORD.	CLUST NO.	BASKET.	SERVICE TIME.	SEGMENT.	PREF LIST.
0	-4.82743	43.31532	0	0	0	0	0
1	-4.83564	43.3082	57	61	12	familyII	[[1, 1, 4], [1, 2, 4], [2, 1, 4], [2, 2, 4], [3, 1, 4], [3, 2, 4], [4, 1, 4], [4, 2, 4], [5, 1, 4], [5, 2, 4], [6, 1, 4], [6, 2, 4], [5, 1, 3], 0, [1, 1, 3], [6, 1, 3], [5, 1, 2], [1, 1, 2], [6, 1, 2], [5, 2, 3], [5, 1, 1], [1, 2, 3], [6, 2, 3], [1, 1, 1], [6, 1, 1], [5, 2, 2], [1, 2, 2], [6, 2, 2], [5, 2, 1], [1, 2, 1], [6, 2, 1], [4, 1, 3], [2, 1, 3], [4, 1, 2], [2, 1, 2], [3, 1, 3], [4, 2, 3], [4, 1, 1], [2, 2, 3], [2, 1, 1], [3, 1, 2], [4, 2, 2], [2, 2, 2], [3, 2, 3], [3, 1, 1], [4, 2, 1], [2, 2, 1], [3, 2, 2], [3, 2, 1]]
2	-4.83029	43.31237	57	36	12	businessII	[[1, 1, 4], [1, 2, 4], [2, 1, 1], [2, 1, 2], [2, 1, 3], [2, 1, 4], [2, 2, 1], [2, 2, 2], [2, 2, 3], [2, 2, 4], [3, 1, 1], [3, 1, 2], [3, 1, 3], [3, 1, 4], [3, 2, 1], [3, 2, 2], [3, 2, 3], [3, 2, 4], [4, 1, 1], [4, 1, 2], [4, 1, 3], [4, 1, 4], [4, 2, 1], [4, 2, 2], [4, 2, 3], [4, 2, 4], [5, 1, 1], [5, 1, 2], [5, 1, 3], [5, 1, 4], [5, 2, 1], [5, 2, 2], [5, 2, 3], [5, 2, 4], [6, 1, 4], [6, 2, 4], [1, 2, 3], 0, [1, 2, 2], [1, 2, 1], [1, 1, 3], [6, 2, 3], [1, 1, 2], [6, 2, 2], [1, 1, 1], [6, 2, 1], [6, 1, 3], [6, 1, 2], [6, 1, 1]]
3	-4.82741	43.31341	57	30	12	pensionerII	[[1, 1, 3], [1, 1, 4], [1, 2, 3], [1, 2, 4], [2, 1, 3], [2, 1, 4], [2, 2, 3], [2, 2, 4], [3, 1, 3], [3, 1, 4], [3, 2, 3], [3, 2, 4], [4, 1, 3], [4, 1, 4], [4, 2, 3], [4, 2, 4], [5, 1, 3], [5, 1, 4], [5, 2, 3], [5, 2, 4], [6, 1, 3], [6, 1, 4], [6, 2, 3], [6, 2, 4], [5, 1, 2], 0, [5, 1, 1], [2, 1, 2], [2, 1, 1], [5, 2, 2], [6, 1, 2], [5, 2, 1], [6, 1, 1], [2, 2, 2], [2, 2, 1], [6, 2, 2], [6, 2, 1], [4, 1, 2], [4, 1, 1], [3, 1, 2], [3, 1, 1], [4, 2, 2], [4, 2, 1], [3, 2, 2], [3, 2, 1], [1, 1, 2], [1, 1, 1], [1, 2, 2], [1, 2, 1]]
4	-4.84267	43.29061	57	48	12	businessI	[[1, 1, 4], [1, 2, 4], [2, 1, 4], [2, 2, 4], [3, 1, 1], [3, 1, 2], [3, 1, 3], [3, 1, 4], [3, 2, 1], [3, 2, 2], [3, 2, 3], [3, 2, 4], [4, 1, 1], [4, 1, 2], [4, 1, 3], [4, 1, 4], [4, 2, 1], [4, 2, 2], [4, 2, 3], [4, 2, 4], [5, 1, 4], [5, 2, 4], [6, 1, 4], [6, 2, 4], [2, 1, 3], 0, [1, 1, 3], [2, 1, 2], [1, 1, 2], [2, 1, 1], [1, 1, 1], [6, 1, 3], [6, 1, 2], [6, 1, 1], [5, 1, 3], [5, 1, 2], [5, 1, 1], [2, 2, 3], [1, 2, 3], [2, 2, 2], [1, 2, 2], [2, 2, 1], [1, 2, 1], [6, 2, 3], [6, 2, 2], [6, 2, 1], [5, 2, 3], [5, 2, 2], [5, 2, 1]]
5	-4.83132	43.29	57	42	12	businessII	[[1, 1, 4], [1, 2, 4], [2, 1, 1], [2, 1, 2], [2, 1, 3], [2, 1, 4], [2, 2, 1], [2, 2, 2], [2, 2, 3], [2, 2, 4], [3, 1, 1], [3, 1, 2], [3, 1, 3], [3, 1, 4], [3, 2, 1], [3, 2, 2], [3, 2, 3], [3, 2, 4], [4, 1, 1], [4, 1, 2], [4, 1, 3], [4, 1, 4], [4, 2, 1], [4, 2, 2], [4, 2, 3], [4, 2, 4], [5, 1, 1], [5, 1, 2], [5, 1, 3], [5, 1, 4], [5, 2, 1], [5, 2, 2], [5, 2, 3], [5, 2, 4], [6, 1, 4], [6, 2, 4], [6, 2, 3], 0, [6, 2, 2], [6, 2, 1], [1, 2, 3], [1, 2, 2], [1, 2, 1], [6, 1, 3], [6, 1, 2], [6, 1, 1], [1, 1, 3], [1, 1, 2], [1, 1, 1]]
6	-4.83312	43.29926	57	38	12	pensionerII	[[1, 1, 3], [1, 1, 4], [1, 2, 3], [1, 2, 4], [2, 1, 3], [2, 1, 4], [2, 2, 3], [2, 2, 4], [3, 1, 3], [3, 1, 4], [3, 2, 3], [3, 2, 4], [4, 1, 3], [4, 1, 4], [4, 2, 3], [4, 2, 4], [5, 1, 3], [5, 1, 4], [5, 2, 3], [5, 2, 4], [6, 1, 3], [6, 1, 4], [6, 2, 3], [6, 2, 4], [6, 1, 2], 0, [5, 1, 2], [2, 1, 2], [6, 1, 1], [5, 1, 1], [2, 1, 1], [6, 2, 2], [5, 2, 2], [2, 2, 2], [6, 2, 1], [5, 2, 1], [2, 2, 1], [3, 1, 2], [3, 1, 1], [4, 1, 2], [4, 1, 1], [3, 2, 2], [3, 2, 1], [4, 2, 2], [4, 2, 1], [1, 1, 2], [1, 1, 1], [1, 2, 2], [1, 2, 1]]
7	-4.83121	43.29215	57	58	12	familyII	[[1, 1, 4], [1, 2, 4], [2, 1, 4], [2, 2, 4], [3, 1, 4], [3, 2, 4], [4, 1, 4], [4, 2, 4], [5, 1, 4], [5, 2, 4], [6, 1, 4], [6, 2, 4], [6, 2, 3], 0, [5, 2, 3], [6, 2, 2], [1, 2, 3], [5, 2, 2], [6, 2, 1], [1, 2, 2], [5, 2, 1], [1, 2, 1], [6, 1, 3], [5, 1, 3], [3, 2, 3], [6, 1, 2], [1, 1, 3], [2, 2, 3], [5, 1, 2], [3, 2, 2], [4, 2, 3], [6, 1, 1], [1, 1, 2], [2, 2, 2], [5, 1, 1], [3, 2, 1], [4, 2, 2], [1, 1, 1], [2, 2, 1], [4, 2, 1], [3, 1, 3], [2, 1, 3], [3, 1, 2], [4, 1, 3], [2, 1, 2], [3, 1, 1], [4, 1, 2], [2, 1, 1], [4, 1, 1]]
8	-4.81126	43.29832	57	27	12	pensionerII	[[1, 1, 3], [1, 1, 4], [1, 2, 3], [1, 2, 4], [2, 1, 3], [2, 1, 4], [2, 2, 3], [2, 2, 4], [3, 1, 3], [3, 1, 4], [3, 2, 3], [3, 2, 4], [4, 1, 3], [4, 1, 4], [4, 2, 3], [4, 2, 4], [5, 1, 3], [5, 1, 4], [5, 2, 3], [5, 2, 4], [6, 1, 3], [6, 1, 4], [6, 2, 3], [6, 2, 4], [5, 2, 2], 0, [5, 2, 1], [2, 2, 2], [2, 2, 1], [6, 2, 2], [6, 2, 1], [4, 2, 2], [4, 2, 1], [1, 2, 2], [3, 2, 2], [1, 2, 1], [3, 2, 1], [5, 1, 2], [5, 1, 1], [2, 1, 2], [2, 1, 1], [6, 1, 2], [6, 1, 1], [4, 1, 2], [4, 1, 1], [1, 1, 2], [3, 1, 2], [1, 1, 1], [3, 1, 1]]
9	-4.80745	43.30568	57	46	12	businessII	[[1, 1, 4], [1, 2, 4], [2, 1, 1], [2, 1, 2], [2, 1, 3], [2, 1, 4], [2, 2, 1], [2, 2, 2], [2, 2, 3], [2, 2, 4], [3, 1, 1], [3, 1, 2], [3, 1, 3], [3, 1, 4], [3, 2, 1], [3, 2, 2], [3, 2, 3], [3, 2, 4], [4, 1, 1], [4, 1, 2], [4, 1, 3], [4, 1, 4], [4, 2, 1], [4, 2, 2], [4, 2, 3], [4, 2, 4], [5, 1, 1], [5, 1, 2], [5, 1, 3], [5, 1, 4], [5, 2, 1], [5, 2, 2], [5, 2, 3], [5, 2, 4], [6, 1, 4], [6, 2, 4], [1, 1, 3], 0, [1, 1, 2], [1, 1, 1], [6, 1, 3], [1, 2, 3], [6, 1, 2], [1, 2, 2], [6, 1, 1], [1, 2, 1], [6, 2, 3], [6, 2, 2], [6, 2, 1]]
10	-4.87729	43.31932	51	53	12	businessII	[[1, 1, 4], [1, 2, 4], [2, 1, 1], [2, 1, 2], [2, 1, 3], [2, 1, 4], [2, 2, 1], [2, 2, 2], [2, 2, 3], [2, 2, 4], [3, 1, 1], [3, 1, 2], [3, 1, 3], [3, 1, 4], [3, 2, 1], [3, 2, 2], [3, 2, 3], [3, 2, 4], [4, 1, 1], [4, 1, 2], [4, 1, 3], [4, 1, 4], [4, 2, 1], [4, 2, 2], [4, 2, 3], [4, 2, 4], [5, 1, 1], [5, 1, 2], [5, 1, 3], [5, 1, 4], [5, 2, 1], [5, 2, 2], [5, 2, 3], [5, 2, 4], [6, 1, 4], [6, 2, 4], [1, 1, 3], 0, [1, 1, 2], [1, 1, 1], [6, 1, 3], [6, 1, 2], [6, 1, 1], [1, 2, 3], [1, 2, 2], [1, 2, 1], [6, 2, 3], [6, 2, 2], [6, 2, 1]]
11	-4.8647	43.32893	51	37	12	businessI	[[1, 1, 4], [1, 2, 4], [2, 1, 4], [2, 2, 4], [3, 1, 1], [3, 1, 2], [3, 1, 3], [3, 1, 4], [3, 2, 1], [3, 2, 2], [3, 2, 3], [3, 2, 4], [4, 1, 1], [4, 1, 2], [4, 1, 3], [4, 1, 4], [4, 2, 1], [4, 2, 2], [4, 2, 3], [4, 2, 4], [5, 1, 4], [5, 2, 4], [6, 1, 4], [6, 2, 4], [2, 1, 3], 0, [2, 1, 2], [2, 1, 1], [2, 2, 3], [1, 1, 3], [2, 2, 2], [6, 1, 3], [1, 1, 2], [2, 2, 1], [6, 1, 2], [1, 1, 1], [1, 2, 3], [6, 1, 1], [6, 2, 3], [1, 2, 2], [6, 2, 2], [1, 2, 1], [6, 2, 1], [5, 1, 3], [5, 1, 2], [5, 1, 1], [5, 2, 3], [5, 2, 2], [5, 2, 1]]
12	-4.87184	43.33178	51	64	12	familyII	[[1, 1, 4], [1, 2, 4], [2, 1, 4], [2, 2, 4], [3, 1, 4], [3, 2, 4], [4, 1, 4], [4, 2, 4], [5, 1, 4], [5, 2, 4], [6, 1, 4], [6, 2, 4], [5, 2, 3], 0, [1, 2, 3], [5, 1, 3], [5, 2, 2], [1, 1, 3], [1, 2, 2], [5, 1, 2], [5, 2, 1], [1, 1, 2], [6, 2, 3], [1, 2, 1], [5, 1, 1], [6, 1, 3], [1, 1, 1], [6, 2, 2], [6, 1, 2], [6, 2, 1], [4, 2, 3], [3, 2, 3], [6, 1, 1], [2, 2, 3], [4, 1, 3], [4, 2, 2], [3, 1, 3], [3, 2, 2], [2, 1, 3], [2, 2, 2], [4, 1, 2], [4, 2, 1], [3, 1, 2], [3, 2, 1], [2, 1, 2], [2, 2, 1], [4, 1, 1], [3, 1, 1], [2, 1, 1]]
13	-4.80731	43.30707	57	45	12	familyI	[[1, 1, 2], [1, 1, 3], [1, 1, 4], [1, 2, 2], [1, 2, 3], [1, 2, 4], [2, 1, 2], [2, 1, 3], [2, 1, 4], [2, 2, 2], [2, 2, 3], [2, 2, 4], [3, 1, 2], [3, 1, 3], [3, 1, 4], [3, 2, 2], [3, 2, 3], [3, 2, 4], [4, 1, 2], [4, 1, 3], [4, 1, 4], [4, 2, 2], [4, 2, 3], [4, 2, 4], [5, 1, 2], [5, 1, 3], [5, 1, 4], [5, 2, 2], [5, 2, 3], [5, 2, 4], [6, 1, 2], [6, 1, 3], [6, 1, 4], [6, 2, 2], [6, 2, 3], [6, 2, 4], [5, 1, 1], 0, [6, 1, 1], [1, 1, 1], [3, 1, 1], [5, 2, 1], [6, 2, 1], [1, 2, 1], [3, 2, 1], [4, 1, 1], [2, 1, 1], [4, 2, 1], [2, 2, 1]]
14	-4.85942	43.31831	51	24	12	pensionerI	[[1, 1, 2], [1, 1, 3], [1, 1, 4], [1, 2, 2], [1, 2, 3], [1, 2, 4], [2, 1, 2], [2, 1, 3], [2, 1, 4], [2, 2, 2], [2, 2, 3], [2, 2, 4], [3, 1, 2], [3, 1, 3], [3, 1, 4], [3, 2, 2], [3, 2, 3], [3, 2, 4], [4, 1, 2], [4, 1, 3], [4, 1, 4], [4, 2, 2], [4, 2, 3], [4, 2, 4], [5, 1, 2], [5, 1, 3], [5, 1, 4], [5, 2, 2], [5, 2, 3], [5, 2, 4], [6, 1, 2], [6, 1, 3], [6, 1, 4], [6, 2, 2], [6, 2, 3], [6, 2, 4], [1, 2, 1], 0, [5, 2, 1], [3, 2, 1], [4, 2, 1], [1, 1, 1], [5, 1, 1], [3, 1, 1], [2, 2, 1], [4, 1, 1], [2, 1, 1], [6, 2, 1], [6, 1, 1]]
15	-4.81586	43.30999	57	52	12	familyI	[[1, 1, 2], [1, 1, 3], [1, 1, 4], [1, 2, 2], [1, 2, 3], [1, 2, 4], [2, 1, 2], [2, 1, 3], [2, 1, 4], [2, 2, 2], [2, 2, 3], [2, 2, 4], [3, 1, 2], [3, 1, 3], [3, 1, 4], [3, 2, 2], [3, 2, 3], [3, 2, 4], [4, 1, 2], [4, 1, 3], [4, 1, 4], [4, 2, 2], [4, 2, 3], [4, 2, 4], [5, 1, 2], [5, 1, 3], [5, 1, 4], [5, 2, 2], [5, 2, 3], [5, 2, 4], [6, 1, 2], [6, 1, 3], [6, 1, 4], [6, 2, 2], [6, 2, 3], [6, 2, 4], [1, 2, 1], 0, [3, 2, 1], [5, 2, 1], [6, 2, 1], [1, 1, 1], [3, 1, 1], [5, 1, 1], [6, 1, 1], [2, 2, 1], [4, 2, 1], [2, 1, 1], [4, 1, 1]]
16	-4.81365	43.32339	57	24	12	pensionerI	[[1, 1, 2], [1, 1, 3], [1, 1, 4], [1, 2, 2], [1, 2, 3], [1, 2, 4], [2, 1, 2], [2, 1, 3], [2, 1, 4], [2, 2, 2], [2, 2, 3], [2, 2, 4], [3, 1, 2], [3, 1, 3], [3, 1, 4], [3, 2, 2], [3, 2, 3], [3, 2, 4], [4, 1, 2], [4, 1, 3], [4, 1, 4], [4, 2, 2], [4, 2, 3], [4, 2, 4], [5, 1, 2], [5, 1, 3], [5, 1, 4], [5, 2, 2], [5, 2, 3], [5, 2, 4], [6, 1, 2], [6, 1, 3], [6, 1, 4], [6, 2, 2], [6, 2, 3], [6, 2, 4], [4, 1, 1], 0, [5, 1, 1], [6, 1, 1], [2, 1, 1], [3, 1, 1], [4, 2, 1], [5, 2, 1], [1, 1, 1], [6, 2, 1], [2, 2, 1], [3, 2, 1], [1, 2, 1]]
17	-4.82119	43.30835	57	50	12	businessII	[[1, 1, 4], [1, 2, 4], [2, 1, 1], [2, 1, 2], [2, 1, 3], [2, 1, 4], [2, 2, 1], [2, 2, 2], [2, 2, 3], [2, 2, 4], [3, 1, 1], [3, 1, 2], [3, 1, 3], [3, 1, 4], [3, 2, 1], [3, 2, 2], [3, 2, 3], [3, 2, 4], [4, 1, 1], [4, 1, 2], [4, 1, 3], [4, 1, 4], [4, 2, 1], [4, 2, 2], [4, 2, 3], [4, 2, 4], [5, 1, 1], [5, 1, 2], [5, 1, 3], [5, 1, 4], [5, 2, 1], [5, 2, 2], [5, 2, 3], [5, 2, 4], [6, 1, 4], [6, 2, 4], [1, 1, 3], 0, [6, 1, 3], [1, 1, 2], [6, 1, 2], [1, 1, 1], [6, 1, 1], [1, 2, 3], [6, 2, 3], [1, 2, 2], [6, 2, 2], [1, 2, 1], [6, 2, 1]]
18	-4.81845	43.31088	57	36	12	pensionerI	[[1, 1, 2], [1, 1, 3], [1, 1, 4], [1, 2, 2], [1, 2, 3], [1, 2, 4], [2, 1, 2], [2, 1, 3], [2, 1, 4], [2, 2, 2], [2, 2, 3], [2, 2, 4], [3, 1, 2], [3, 1, 3], [3, 1, 4], [3, 2, 2], [3, 2, 3], [3, 2, 4], [4, 1, 2], [4, 1, 3], [4, 1, 4], [4, 2, 2], [4, 2, 3], [4, 2, 4], [5, 1, 2], [5, 1, 3], [5, 1, 4], [5, 2, 2], [5, 2, 3], [5, 2, 4], [6, 1, 2], [6, 1, 3], [6, 1, 4], [6, 2, 2], [6, 2, 3], [6, 2, 4], [3, 2, 1], 0, [6, 2, 1], [5, 2, 1], [1, 2, 1], [4, 2, 1], [2, 2, 1], [3, 1, 1], [6, 1, 1], [5, 1, 1], [1, 1, 1], [4, 1, 1], [2, 1, 1]]
19	-4.87383	43.32961	51	40	12	businessII	[[1, 1, 4], [1, 2, 4], [2, 1, 1], [2, 1, 2], [2, 1, 3], [2, 1, 4], [2, 2, 1], [2, 2, 2], [2, 2, 3], [2, 2, 4], [3, 1, 1], [3, 1, 2], [3, 1, 3], [3, 1, 4], [3, 2, 1], [3, 2, 2], [3, 2, 3], [3, 2, 4], [4, 1, 1], [4, 1, 2], [4, 1, 3], [4, 1, 4], [4, 2, 1], [4, 2, 2], [4, 2, 3], [4, 2, 4], [5, 1, 1], [5, 1, 2], [5, 1, 3], [5, 1, 4], [5, 2, 1], [5, 2, 2], [5, 2, 3], [5, 2, 4], [6, 1, 4], [6, 2, 4], [6, 2, 3], 0, [6, 2, 2], [6, 2, 1], [1, 2, 3], [1, 2, 2], [1, 2, 1], [6, 1, 3], [6, 1, 2], [6, 1, 1], [1, 1, 3], [1, 1, 2], [1, 1, 1]]
20	-4.82931	43.29589	57	39	12	pensionerII	[[1, 1, 3], [1, 1, 4], [1, 2, 3], [1, 2, 4], [2, 1, 3], [2, 1, 4], [2, 2, 3], [2, 2, 4], [3, 1, 3], [3, 1, 4], [3, 2, 3], [3, 2, 4], [4, 1, 3], [4, 1, 4], [4, 2, 3], [4, 2, 4], [5, 1, 3], [5, 1, 4], [5, 2, 3], [5, 2, 4], [6, 1, 3], [6, 1, 4], [6, 2, 3], [6, 2, 4], [2, 1, 2], 0, [6, 1, 2], [2, 1, 1], [5, 1, 2], [6, 1, 1], [5, 1, 1], [1, 1, 2], [1, 1, 1], [4, 1, 2], [4, 1, 1], [2, 2, 2], [6, 2, 2], [2, 2, 1], [5, 2, 2], [6, 2, 1], [5, 2, 1], [3, 1, 2], [3, 1, 1], [1, 2, 2], [1, 2, 1], [4, 2, 2], [4, 2, 1], [3, 2, 2], [3, 2, 1]]
21	-4.82752	43.29756	57	48	12	familyI	[[1, 1, 2], [1, 1, 3], [1, 1, 4], [1, 2, 2], [1, 2, 3], [1, 2, 4], [2, 1, 2], [2, 1, 3], [2, 1, 4], [2, 2, 2], [2, 2, 3], [2, 2, 4], [3, 1, 2], [3, 1, 3], [3, 1, 4], [3, 2, 2], [3, 2, 3], [3, 2, 4], [4, 1, 2], [4, 1, 3], [4, 1, 4], [4, 2, 2], [4, 2, 3], [4, 2, 4], [5, 1, 2], [5, 1, 3], [5, 1, 4], [5, 2, 2], [5, 2, 3], [5, 2, 4], [6, 1, 2], [6, 1, 3], [6, 1, 4], [6, 2, 2], [6, 2, 3], [6, 2, 4], [1, 2, 1], 0, [6, 2, 1], [5, 2, 1], [1, 1, 1], [6, 1, 1], [5, 1, 1], [3, 2, 1], [3, 1, 1], [2, 2, 1], [4, 2, 1], [2, 1, 1], [4, 1, 1]]
22	-4.82091	43.2902	57	41	12	businessII	[[1, 1, 4], [1, 2, 4], [2, 1, 1], [2, 1, 2], [2, 1, 3], [2, 1, 4], [2, 2, 1], [2, 2, 2], [2, 2, 3], [2, 2, 4], [3, 1, 1], [3, 1, 2], [3, 1, 3], [3, 1, 4], [3, 2, 1], [3, 2, 2], [3, 2, 3], [3, 2, 4], [4, 1, 1], [4, 1, 2], [4, 1, 3], [4, 1, 4], [4, 2, 1], [4, 2, 2], [4, 2, 3], [4, 2, 4], [5, 1, 1], [5, 1, 2], [5, 1, 3], [5, 1, 4], [5, 2, 1], [5, 2, 2], [5, 2, 3], [5, 2, 4], [6, 1, 4], [6, 2, 4], [1, 2, 3], 0, [1, 2, 2], [1, 2, 1], [6, 2, 3], [6, 2, 2], [6, 2, 1], [1, 1, 3], [1, 1, 2], [1, 1, 1], [6, 1, 3], [6, 1, 2], [6, 1, 1]]
23	-4.82101	43.2917	57	38	12	businessI	[[1, 1, 4], [1, 2, 4], [2, 1, 4], [2, 2, 4], [3, 1, 1], [3, 1, 2], [3, 1, 3], [3, 1, 4], [3, 2, 1], [3, 2, 2], [3, 2, 3], [3, 2, 4], [4, 1, 1], [4, 1, 2], [4, 1, 3], [4, 1, 4], [4, 2, 1], [4, 2, 2], [4, 2, 3], [4, 2, 4], [5, 1, 4], [5, 2, 4], [6, 1, 4], [6, 2, 4], [6, 2, 3], 0, [5, 2, 3], [6, 2, 2], [5, 2, 2], [6, 2, 1], [5, 2, 1], [2, 2, 3], [2, 2, 2], [2, 2, 1], [6, 1, 3], [5, 1, 3], [6, 1, 2], [1, 2, 3], [5, 1, 2], [6, 1, 1], [1, 2, 2], [5, 1, 1], [1, 2, 1], [2, 1, 3], [2, 1, 2], [2, 1, 1], [1, 1, 3], [1, 1, 2], [1, 1, 1]]
24	-4.76296	43.36472	52	73	12	familyI	[[1, 1, 2], [1, 1, 3], [1, 1, 4], [1, 2, 2], [1, 2, 3], [1, 2, 4], [2, 1, 2], [2, 1, 3], [2, 1, 4], [2, 2, 2], [2, 2, 3], [2, 2, 4], [3, 1, 2], [3, 1, 3], [3, 1, 4], [3, 2, 2], [3, 2, 3], [3, 2, 4], [4, 1, 2], [4, 1, 3], [4, 1, 4], [4, 2, 2], [4, 2, 3], [4, 2, 4], [5, 1, 2], [5, 1, 3], [5, 1, 4], [5, 2, 2], [5, 2, 3], [5, 2, 4], [6, 1, 2], [6, 1, 3], [6, 1, 4], [6, 2, 2], [6, 2, 3], [6, 2, 4], [5, 1, 1], 0, [3, 1, 1], [1, 1, 1], [6, 1, 1], [5, 2, 1], [3, 2, 1], [1, 2, 1], [2, 1, 1], [4, 1, 1], [6, 2, 1], [2, 2, 1], [4, 2, 1]]
25	-4.76934	43.36833	52	23	12	pensionerII	[[1, 1, 3], [1, 1, 4], [1, 2, 3], [1, 2, 4], [2, 1, 3], [2, 1, 4], [2, 2, 3], [2, 2, 4], [3, 1, 3], [3, 1, 4], [3, 2, 3], [3, 2, 4], [4, 1, 3], [4, 1, 4], [4, 2, 3], [4, 2, 4], [5, 1, 3], [5, 1, 4], [5, 2, 3], [5, 2, 4], [6, 1, 3], [6, 1, 4], [6, 2, 3], [6, 2, 4], [2, 1, 2], 0, [2, 1, 1], [5, 1, 2], [5, 1, 1], [6, 1, 2], [6, 1, 1], [1, 1, 2], [1, 1, 1], [4, 1, 2], [4, 1, 1], [2, 2, 2], [2, 2, 1], [3, 1, 2], [3, 1, 1], [5, 2, 2], [5, 2, 1], [6, 2, 2], [6, 2, 1], [1, 2, 2], [1, 2, 1], [4, 2, 2], [4, 2, 1], [3, 2, 2], [3, 2, 1]]
26	-4.77068	43.34242	52	46	12	businessI	[[1, 1, 4], [1, 2, 4], [2, 1, 4], [2, 2, 4], [3, 1, 1], [3, 1, 2], [3, 1, 3], [3, 1, 4], [3, 2, 1], [3, 2, 2], [3, 2, 3], [3, 2, 4], [4, 1, 1], [4, 1, 2], [4, 1, 3], [4, 1, 4], [4, 2, 1], [4, 2, 2], [4, 2, 3], [4, 2, 4], [5, 1, 4], [5, 2, 4], [6, 1, 4], [6, 2, 4], [1, 2, 3], 0, [1, 2, 2], [1, 2, 1], [5, 2, 3], [5, 2, 2], [2, 2, 3], [5, 2, 1], [2, 2, 2], [2, 2, 1], [6, 2, 3], [6, 2, 2], [6, 2, 1], [1, 1, 3], [1, 1, 2], [1, 1, 1], [5, 1, 3], [5, 1, 2], [2, 1, 3], [5, 1, 1], [2, 1, 2], [2, 1, 1], [6, 1, 3], [6, 1, 2], [6, 1, 1]]
27	-4.77837	43.33803	52	20	12	pensionerI	[[1, 1, 2], [1, 1, 3], [1, 1, 4], [1, 2, 2], [1, 2, 3], [1, 2, 4], [2, 1, 2], [2, 1, 3], [2, 1, 4], [2, 2, 2], [2, 2, 3], [2, 2, 4], [3, 1, 2], [3, 1, 3], [3, 1, 4], [3, 2, 2], [3, 2, 3], [3, 2, 4], [4, 1, 2], [4, 1, 3], [4, 1, 4], [4, 2, 2], [4, 2, 3], [4, 2, 4], [5, 1, 2], [5, 1, 3], [5, 1, 4], [5, 2, 2], [5, 2, 3], [5, 2, 4], [6, 1, 2], [6, 1, 3], [6, 1, 4], [6, 2, 2], [6, 2, 3], [6, 2, 4], [4, 1, 1], 0, [6, 1, 1], [1, 1, 1], [2, 1, 1], [4, 2, 1], [6, 2, 1], [1, 2, 1], [2, 2, 1], [3, 1, 1], [5, 1, 1], [3, 2, 1], [5, 2, 1]]
28	-4.77828	43.33296	52	40	12	businessI	[[1, 1, 4], [1, 2, 4], [2, 1, 4], [2, 2, 4], [3, 1, 1], [3, 1, 2], [3, 1, 3], [3, 1, 4], [3, 2, 1], [3, 2, 2], [3, 2, 3], [3, 2, 4], [4, 1, 1], [4, 1, 2], [4, 1, 3], [4, 1, 4], [4, 2, 1], [4, 2, 2], [4, 2, 3], [4, 2, 4], [5, 1, 4], [5, 2, 4], [6, 1, 4], [6, 2, 4], [6, 1, 3], 0, [6, 1, 2], [2, 1, 3], [6, 1, 1], [1, 1, 3], [2, 1, 2], [1, 1, 2], [2, 1, 1], [1, 1, 1], [5, 1, 3], [5, 1, 2], [5, 1, 1], [6, 2, 3], [6, 2, 2], [2, 2, 3], [6, 2, 1], [1, 2, 3], [2, 2, 2], [1, 2, 2], [2, 2, 1], [1, 2, 1], [5, 2, 3], [5, 2, 2], [5, 2, 1]]
29	-4.75716	43.33034	52	50	12	businessII	[[1, 1, 4], [1, 2, 4], [2, 1, 1], [2, 1, 2], [2, 1, 3], [2, 1, 4], [2, 2, 1], [2, 2, 2], [2, 2, 3], [2, 2, 4], [3, 1, 1], [3, 1, 2], [3, 1, 3], [3, 1, 4], [3, 2, 1], [3, 2, 2], [3, 2, 3], [3, 2, 4], [4, 1, 1], [4, 1, 2], [4, 1, 3], [4, 1, 4], [4, 2, 1], [4, 2, 2], [4, 2, 3], [4, 2, 4], [5, 1, 1], [5, 1, 2], [5, 1, 3], [5, 1, 4], [5, 2, 1], [5, 2, 2], [5, 2, 3], [5, 2, 4], [6, 1, 4], [6, 2, 4], [1, 1, 3], 0, [1, 1, 2], [1, 1, 1], [6, 1, 3], [6, 1, 2], [6, 1, 1], [1, 2, 3], [1, 2, 2], [1, 2, 1], [6, 2, 3], [6, 2, 2], [6, 2, 1]]
30	-4.78081	43.35071	52	67	12	familyII	[[1, 1, 4], [1, 2, 4], [2, 1, 4], [2, 2, 4], [3, 1, 4], [3, 2, 4], [4, 1, 4], [4, 2, 4], [5, 1, 4], [5, 2, 4], [6, 1, 4], [6, 2, 4], [6, 2, 3], 0, [5, 2, 3], [1, 2, 3], [6, 2, 2], [5, 2, 2], [1, 2, 2], [6, 2, 1], [5, 2, 1], [6, 1, 3], [1, 2, 1], [5, 1, 3], [1, 1, 3], [6, 1, 2], [5, 1, 2], [1, 1, 2], [6, 1, 1], [5, 1, 1], [4, 2, 3], [3, 2, 3], [1, 1, 1], [4, 2, 2], [3, 2, 2], [2, 2, 3], [4, 2, 1], [3, 2, 1], [4, 1, 3], [3, 1, 3], [2, 2, 2], [4, 1, 2], [3, 1, 2], [2, 2, 1], [2, 1, 3], [4, 1, 1], [3, 1, 1], [2, 1, 2], [2, 1, 1]]
31	-4.77597	43.34554	52	21	12	pensionerI	[[1, 1, 2], [1, 1, 3], [1, 1, 4], [1, 2, 2], [1, 2, 3], [1, 2, 4], [2, 1, 2], [2, 1, 3], [2, 1, 4], [2, 2, 2], [2, 2, 3], [2, 2, 4], [3, 1, 2], [3, 1, 3], [3, 1, 4], [3, 2, 2], [3, 2, 3], [3, 2, 4], [4, 1, 2], [4, 1, 3], [4, 1, 4], [4, 2, 2], [4, 2, 3], [4, 2, 4], [5, 1, 2], [5, 1, 3], [5, 1, 4], [5, 2, 2], [5, 2, 3], [5, 2, 4], [6, 1, 2], [6, 1, 3], [6, 1, 4], [6, 2, 2], [6, 2, 3], [6, 2, 4], [1, 1, 1], 0, [6, 1, 1], [3, 1, 1], [5, 1, 1], [4, 1, 1], [2, 1, 1], [1, 2, 1], [6, 2, 1], [3, 2, 1], [5, 2, 1], [4, 2, 1], [2, 2, 1]]
32	-4.77431	43.34652	52	32	12	pensionerI	[[1, 1, 2], [1, 1, 3], [1, 1, 4], [1, 2, 2], [1, 2, 3], [1, 2, 4], [2, 1, 2], [2, 1, 3], [2, 1, 4], [2, 2, 2], [2, 2, 3], [2, 2, 4], [3, 1, 2], [3, 1, 3], [3, 1, 4], [3, 2, 2], [3, 2, 3], [3, 2, 4], [4, 1, 2], [4, 1, 3], [4, 1, 4], [4, 2, 2], [4, 2, 3], [4, 2, 4], [5, 1, 2], [5, 1, 3], [5, 1, 4], [5, 2, 2], [5, 2, 3], [5, 2, 4], [6, 1, 2], [6, 1, 3], [6, 1, 4], [6, 2, 2], [6, 2, 3], [6, 2, 4], [1, 1, 1], 0, [5, 1, 1], [1, 2, 1], [3, 1, 1], [4, 1, 1], [6, 1, 1], [5, 2, 1], [2, 1, 1], [3, 2, 1], [4, 2, 1], [6, 2, 1], [2, 2, 1]]
33	-4.79893	43.35526	52	50	12	businessI	[[1, 1, 4], [1, 2, 4], [2, 1, 4], [2, 2, 4], [3, 1, 1], [3, 1, 2], [3, 1, 3], [3, 1, 4], [3, 2, 1], [3, 2, 2], [3, 2, 3], [3, 2, 4], [4, 1, 1], [4, 1, 2], [4, 1, 3], [4, 1, 4], [4, 2, 1], [4, 2, 2], [4, 2, 3], [4, 2, 4], [5, 1, 4], [5, 2, 4], [6, 1, 4], [6, 2, 4], [2, 2, 3], 0, [5, 2, 3], [2, 2, 2], [5, 2, 2], [2, 2, 1], [6, 2, 3], [5, 2, 1], [6, 2, 2], [6, 2, 1], [1, 2, 3], [1, 2, 2], [1, 2, 1], [2, 1, 3], [5, 1, 3], [2, 1, 2], [5, 1, 2], [2, 1, 1], [6, 1, 3], [5, 1, 1], [6, 1, 2], [6, 1, 1], [1, 1, 3], [1, 1, 2], [1, 1, 1]]
34	-4.81003	43.34244	52	60	12	familyII	[[1, 1, 4], [1, 2, 4], [2, 1, 4], [2, 2, 4], [3, 1, 4], [3, 2, 4], [4, 1, 4], [4, 2, 4], [5, 1, 4], [5, 2, 4], [6, 1, 4], [6, 2, 4], [6, 1, 3], 0, [5, 1, 3], [6, 1, 2], [5, 1, 2], [1, 1, 3], [6, 2, 3], [5, 2, 3], [6, 1, 1], [5, 1, 1], [1, 1, 2], [6, 2, 2], [5, 2, 2], [1, 2, 3], [1, 1, 1], [6, 2, 1], [5, 2, 1], [1, 2, 2], [1, 2, 1], [3, 1, 3], [2, 1, 3], [3, 1, 2], [4, 1, 3], [2, 1, 2], [3, 2, 3], [3, 1, 1], [2, 2, 3], [4, 1, 2], [2, 1, 1], [3, 2, 2], [4, 2, 3], [2, 2, 2], [4, 1, 1], [3, 2, 1], [4, 2, 2], [2, 2, 1], [4, 2, 1]]
35	-4.78414	43.36437	52	24	12	pensionerI	[[1, 1, 2], [1, 1, 3], [1, 1, 4], [1, 2, 2], [1, 2, 3], [1, 2, 4], [2, 1, 2], [2, 1, 3], [2, 1, 4], [2, 2, 2], [2, 2, 3], [2, 2, 4], [3, 1, 2], [3, 1, 3], [3, 1, 4], [3, 2, 2], [3, 2, 3], [3, 2, 4], [4, 1, 2], [4, 1, 3], [4, 1, 4], [4, 2, 2], [4, 2, 3], [4, 2, 4], [5, 1, 2], [5, 1, 3], [5, 1, 4], [5, 2, 2], [5, 2, 3], [5, 2, 4], [6, 1, 2], [6, 1, 3], [6, 1, 4], [6, 2, 2], [6, 2, 3], [6, 2, 4], [4, 1, 1], 0, [4, 2, 1], [6, 1, 1], [5, 1, 1], [6, 2, 1], [3, 1, 1], [1, 1, 1], [5, 2, 1], [3, 2, 1], [1, 2, 1], [2, 1, 1], [2, 2, 1]]
36	-4.78723	43.31661	52	42	12	familyI	[[1, 1, 2], [1, 1, 3], [1, 1, 4], [1, 2, 2], [1, 2, 3], [1, 2, 4], [2, 1, 2], [2, 1, 3], [2, 1, 4], [2, 2, 2], [2, 2, 3], [2, 2, 4], [3, 1, 2], [3, 1, 3], [3, 1, 4], [3, 2, 2], [3, 2, 3], [3, 2, 4], [4, 1, 2], [4, 1, 3], [4, 1, 4], [4, 2, 2], [4, 2, 3], [4, 2, 4], [5, 1, 2], [5, 1, 3], [5, 1, 4], [5, 2, 2], [5, 2, 3], [5, 2, 4], [6, 1, 2], [6, 1, 3], [6, 1, 4], [6, 2, 2], [6, 2, 3], [6, 2, 4], [5, 2, 1], 0, [6, 2, 1], [3, 2, 1], [1, 2, 1], [2, 2, 1], [5, 1, 1], [6, 1, 1], [4, 2, 1], [3, 1, 1], [1, 1, 1], [2, 1, 1], [4, 1, 1]]