S3n36d2w6-120p5-4-8c3_1679305566

DAYS
2

WINDOWS
1	480	600
2	600	720
3	720	840
4	840	960
5	960	1080
6	1080	1200

FEES
1	5
2	6
3	7
4	8

CLUSTERS
CLUST NO.	LONCOORD.	LATCOORD.

51	-4.87416	43.3423
52	-4.7807	43.3423
57	-4.82743	43.31532

CUSTOMERS
CUST NO.	LONCOORD.	LATCOORD.	CLUST NO.	BASKET.	SERVICE TIME.	SEGMENT.	PREF LIST.
0	-4.82743	43.31532	0	0	0	0	0
1	-4.84002	43.29103	57	38	12	businessII	[[1, 1, 4], [1, 2, 4], [2, 1, 1], [2, 1, 2], [2, 1, 3], [2, 1, 4], [2, 2, 1], [2, 2, 2], [2, 2, 3], [2, 2, 4], [3, 1, 1], [3, 1, 2], [3, 1, 3], [3, 1, 4], [3, 2, 1], [3, 2, 2], [3, 2, 3], [3, 2, 4], [4, 1, 1], [4, 1, 2], [4, 1, 3], [4, 1, 4], [4, 2, 1], [4, 2, 2], [4, 2, 3], [4, 2, 4], [5, 1, 1], [5, 1, 2], [5, 1, 3], [5, 1, 4], [5, 2, 1], [5, 2, 2], [5, 2, 3], [5, 2, 4], [6, 1, 4], [6, 2, 4], [6, 1, 3], 0, [6, 1, 2], [6, 1, 1], [1, 1, 3], [1, 1, 2], [1, 1, 1], [6, 2, 3], [6, 2, 2], [6, 2, 1], [1, 2, 3], [1, 2, 2], [1, 2, 1]]
2	-4.82878	43.31223	57	44	12	businessII	[[1, 1, 4], [1, 2, 4], [2, 1, 1], [2, 1, 2], [2, 1, 3], [2, 1, 4], [2, 2, 1], [2, 2, 2], [2, 2, 3], [2, 2, 4], [3, 1, 1], [3, 1, 2], [3, 1, 3], [3, 1, 4], [3, 2, 1], [3, 2, 2], [3, 2, 3], [3, 2, 4], [4, 1, 1], [4, 1, 2], [4, 1, 3], [4, 1, 4], [4, 2, 1], [4, 2, 2], [4, 2, 3], [4, 2, 4], [5, 1, 1], [5, 1, 2], [5, 1, 3], [5, 1, 4], [5, 2, 1], [5, 2, 2], [5, 2, 3], [5, 2, 4], [6, 1, 4], [6, 2, 4], [6, 2, 3], 0, [6, 2, 2], [6, 2, 1], [1, 2, 3], [6, 1, 3], [1, 2, 2], [6, 1, 2], [1, 2, 1], [6, 1, 1], [1, 1, 3], [1, 1, 2], [1, 1, 1]]
3	-4.80419	43.31841	57	31	12	pensionerII	[[1, 1, 3], [1, 1, 4], [1, 2, 3], [1, 2, 4], [2, 1, 3], [2, 1, 4], [2, 2, 3], [2, 2, 4], [3, 1, 3], [3, 1, 4], [3, 2, 3], [3, 2, 4], [4, 1, 3], [4, 1, 4], [4, 2, 3], [4, 2, 4], [5, 1, 3], [5, 1, 4], [5, 2, 3], [5, 2, 4], [6, 1, 3], [6, 1, 4], [6, 2, 3], [6, 2, 4], [5, 2, 2], 0, [5, 2, 1], [2, 2, 2], [6, 2, 2], [2, 2, 1], [6, 2, 1], [5, 1, 2], [5, 1, 1], [2, 1, 2], [6, 1, 2], [2, 1, 1], [6, 1, 1], [3, 2, 2], [3, 2, 1], [4, 2, 2], [1, 2, 2], [4, 2, 1], [1, 2, 1], [3, 1, 2], [3, 1, 1], [4, 1, 2], [1, 1, 2], [4, 1, 1], [1, 1, 1]]
4	-4.84677	43.30838	57	44	12	familyII	[[1, 1, 4], [1, 2, 4], [2, 1, 4], [2, 2, 4], [3, 1, 4], [3, 2, 4], [4, 1, 4], [4, 2, 4], [5, 1, 4], [5, 2, 4], [6, 1, 4], [6, 2, 4], [1, 2, 3], 0, [6, 2, 3], [5, 2, 3], [1, 2, 2], [6, 2, 2], [5, 2, 2], [1, 2, 1], [6, 2, 1], [5, 2, 1], [1, 1, 3], [6, 1, 3], [5, 1, 3], [1, 1, 2], [6, 1, 2], [2, 2, 3], [5, 1, 2], [1, 1, 1], [3, 2, 3], [6, 1, 1], [4, 2, 3], [2, 2, 2], [5, 1, 1], [3, 2, 2], [4, 2, 2], [2, 2, 1], [3, 2, 1], [4, 2, 1], [2, 1, 3], [3, 1, 3], [4, 1, 3], [2, 1, 2], [3, 1, 2], [4, 1, 2], [2, 1, 1], [3, 1, 1], [4, 1, 1]]
5	-4.84556	43.29399	57	34	12	pensionerI	[[1, 1, 2], [1, 1, 3], [1, 1, 4], [1, 2, 2], [1, 2, 3], [1, 2, 4], [2, 1, 2], [2, 1, 3], [2, 1, 4], [2, 2, 2], [2, 2, 3], [2, 2, 4], [3, 1, 2], [3, 1, 3], [3, 1, 4], [3, 2, 2], [3, 2, 3], [3, 2, 4], [4, 1, 2], [4, 1, 3], [4, 1, 4], [4, 2, 2], [4, 2, 3], [4, 2, 4], [5, 1, 2], [5, 1, 3], [5, 1, 4], [5, 2, 2], [5, 2, 3], [5, 2, 4], [6, 1, 2], [6, 1, 3], [6, 1, 4], [6, 2, 2], [6, 2, 3], [6, 2, 4], [2, 2, 1], 0, [2, 1, 1], [4, 2, 1], [4, 1, 1], [6, 2, 1], [6, 1, 1], [3, 2, 1], [3, 1, 1], [5, 2, 1], [5, 1, 1], [1, 2, 1], [1, 1, 1]]
6	-4.83558	43.29204	57	50	12	familyI	[[1, 1, 2], [1, 1, 3], [1, 1, 4], [1, 2, 2], [1, 2, 3], [1, 2, 4], [2, 1, 2], [2, 1, 3], [2, 1, 4], [2, 2, 2], [2, 2, 3], [2, 2, 4], [3, 1, 2], [3, 1, 3], [3, 1, 4], [3, 2, 2], [3, 2, 3], [3, 2, 4], [4, 1, 2], [4, 1, 3], [4, 1, 4], [4, 2, 2], [4, 2, 3], [4, 2, 4], [5, 1, 2], [5, 1, 3], [5, 1, 4], [5, 2, 2], [5, 2, 3], [5, 2, 4], [6, 1, 2], [6, 1, 3], [6, 1, 4], [6, 2, 2], [6, 2, 3], [6, 2, 4], [5, 2, 1], 0, [6, 2, 1], [5, 1, 1], [1, 2, 1], [6, 1, 1], [3, 2, 1], [1, 1, 1], [3, 1, 1], [2, 2, 1], [4, 2, 1], [2, 1, 1], [4, 1, 1]]
7	-4.83751	43.29063	57	35	12	pensionerII	[[1, 1, 3], [1, 1, 4], [1, 2, 3], [1, 2, 4], [2, 1, 3], [2, 1, 4], [2, 2, 3], [2, 2, 4], [3, 1, 3], [3, 1, 4], [3, 2, 3], [3, 2, 4], [4, 1, 3], [4, 1, 4], [4, 2, 3], [4, 2, 4], [5, 1, 3], [5, 1, 4], [5, 2, 3], [5, 2, 4], [6, 1, 3], [6, 1, 4], [6, 2, 3], [6, 2, 4], [5, 1, 2], 0, [6, 1, 2], [5, 1, 1], [6, 1, 1], [2, 1, 2], [2, 1, 1], [5, 2, 2], [6, 2, 2], [5, 2, 1], [6, 2, 1], [1, 1, 2], [1, 1, 1], [4, 1, 2], [4, 1, 1], [2, 2, 2], [2, 2, 1], [3, 1, 2], [3, 1, 1], [1, 2, 2], [1, 2, 1], [4, 2, 2], [4, 2, 1], [3, 2, 2], [3, 2, 1]]
8	-4.83403	43.29464	57	54	12	businessI	[[1, 1, 4], [1, 2, 4], [2, 1, 4], [2, 2, 4], [3, 1, 1], [3, 1, 2], [3, 1, 3], [3, 1, 4], [3, 2, 1], [3, 2, 2], [3, 2, 3], [3, 2, 4], [4, 1, 1], [4, 1, 2], [4, 1, 3], [4, 1, 4], [4, 2, 1], [4, 2, 2], [4, 2, 3], [4, 2, 4], [5, 1, 4], [5, 2, 4], [6, 1, 4], [6, 2, 4], [5, 2, 3], 0, [6, 2, 3], [5, 2, 2], [6, 2, 2], [1, 2, 3], [5, 2, 1], [6, 2, 1], [1, 2, 2], [1, 2, 1], [2, 2, 3], [2, 2, 2], [2, 2, 1], [5, 1, 3], [6, 1, 3], [5, 1, 2], [6, 1, 2], [1, 1, 3], [5, 1, 1], [6, 1, 1], [1, 1, 2], [1, 1, 1], [2, 1, 3], [2, 1, 2], [2, 1, 1]]
9	-4.80791	43.30654	57	44	12	businessI	[[1, 1, 4], [1, 2, 4], [2, 1, 4], [2, 2, 4], [3, 1, 1], [3, 1, 2], [3, 1, 3], [3, 1, 4], [3, 2, 1], [3, 2, 2], [3, 2, 3], [3, 2, 4], [4, 1, 1], [4, 1, 2], [4, 1, 3], [4, 1, 4], [4, 2, 1], [4, 2, 2], [4, 2, 3], [4, 2, 4], [5, 1, 4], [5, 2, 4], [6, 1, 4], [6, 2, 4], [5, 1, 3], 0, [1, 1, 3], [5, 1, 2], [1, 1, 2], [5, 1, 1], [1, 1, 1], [2, 1, 3], [2, 1, 2], [2, 1, 1], [6, 1, 3], [6, 1, 2], [6, 1, 1], [5, 2, 3], [1, 2, 3], [5, 2, 2], [1, 2, 2], [5, 2, 1], [1, 2, 1], [2, 2, 3], [2, 2, 2], [2, 2, 1], [6, 2, 3], [6, 2, 2], [6, 2, 1]]
10	-4.86309	43.32698	51	37	12	pensionerI	[[1, 1, 2], [1, 1, 3], [1, 1, 4], [1, 2, 2], [1, 2, 3], [1, 2, 4], [2, 1, 2], [2, 1, 3], [2, 1, 4], [2, 2, 2], [2, 2, 3], [2, 2, 4], [3, 1, 2], [3, 1, 3], [3, 1, 4], [3, 2, 2], [3, 2, 3], [3, 2, 4], [4, 1, 2], [4, 1, 3], [4, 1, 4], [4, 2, 2], [4, 2, 3], [4, 2, 4], [5, 1, 2], [5, 1, 3], [5, 1, 4], [5, 2, 2], [5, 2, 3], [5, 2, 4], [6, 1, 2], [6, 1, 3], [6, 1, 4], [6, 2, 2], [6, 2, 3], [6, 2, 4], [4, 1, 1], 0, [5, 1, 1], [6, 1, 1], [4, 2, 1], [2, 1, 1], [5, 2, 1], [6, 2, 1], [2, 2, 1], [3, 1, 1], [1, 1, 1], [3, 2, 1], [1, 2, 1]]
11	-4.88083	43.32822	51	36	12	businessI	[[1, 1, 4], [1, 2, 4], [2, 1, 4], [2, 2, 4], [3, 1, 1], [3, 1, 2], [3, 1, 3], [3, 1, 4], [3, 2, 1], [3, 2, 2], [3, 2, 3], [3, 2, 4], [4, 1, 1], [4, 1, 2], [4, 1, 3], [4, 1, 4], [4, 2, 1], [4, 2, 2], [4, 2, 3], [4, 2, 4], [5, 1, 4], [5, 2, 4], [6, 1, 4], [6, 2, 4], [2, 1, 3], 0, [6, 1, 3], [5, 1, 3], [2, 1, 2], [6, 1, 2], [5, 1, 2], [2, 1, 1], [6, 1, 1], [5, 1, 1], [1, 1, 3], [1, 1, 2], [1, 1, 1], [2, 2, 3], [6, 2, 3], [5, 2, 3], [2, 2, 2], [6, 2, 2], [5, 2, 2], [2, 2, 1], [6, 2, 1], [5, 2, 1], [1, 2, 3], [1, 2, 2], [1, 2, 1]]
12	-4.83233	43.30174	57	55	12	familyI	[[1, 1, 2], [1, 1, 3], [1, 1, 4], [1, 2, 2], [1, 2, 3], [1, 2, 4], [2, 1, 2], [2, 1, 3], [2, 1, 4], [2, 2, 2], [2, 2, 3], [2, 2, 4], [3, 1, 2], [3, 1, 3], [3, 1, 4], [3, 2, 2], [3, 2, 3], [3, 2, 4], [4, 1, 2], [4, 1, 3], [4, 1, 4], [4, 2, 2], [4, 2, 3], [4, 2, 4], [5, 1, 2], [5, 1, 3], [5, 1, 4], [5, 2, 2], [5, 2, 3], [5, 2, 4], [6, 1, 2], [6, 1, 3], [6, 1, 4], [6, 2, 2], [6, 2, 3], [6, 2, 4], [3, 1, 1], 0, [1, 1, 1], [5, 1, 1], [6, 1, 1], [2, 1, 1], [3, 2, 1], [1, 2, 1], [4, 1, 1], [5, 2, 1], [6, 2, 1], [2, 2, 1], [4, 2, 1]]
13	-4.87184	43.33178	51	24	12	pensionerI	[[1, 1, 2], [1, 1, 3], [1, 1, 4], [1, 2, 2], [1, 2, 3], [1, 2, 4], [2, 1, 2], [2, 1, 3], [2, 1, 4], [2, 2, 2], [2, 2, 3], [2, 2, 4], [3, 1, 2], [3, 1, 3], [3, 1, 4], [3, 2, 2], [3, 2, 3], [3, 2, 4], [4, 1, 2], [4, 1, 3], [4, 1, 4], [4, 2, 2], [4, 2, 3], [4, 2, 4], [5, 1, 2], [5, 1, 3], [5, 1, 4], [5, 2, 2], [5, 2, 3], [5, 2, 4], [6, 1, 2], [6, 1, 3], [6, 1, 4], [6, 2, 2], [6, 2, 3], [6, 2, 4], [6, 2, 1], 0, [4, 2, 1], [6, 1, 1], [3, 2, 1], [2, 2, 1], [4, 1, 1], [3, 1, 1], [1, 2, 1], [2, 1, 1], [1, 1, 1], [5, 2, 1], [5, 1, 1]]
14	-4.86615	43.33138	51	44	12	businessII	[[1, 1, 4], [1, 2, 4], [2, 1, 1], [2, 1, 2], [2, 1, 3], [2, 1, 4], [2, 2, 1], [2, 2, 2], [2, 2, 3], [2, 2, 4], [3, 1, 1], [3, 1, 2], [3, 1, 3], [3, 1, 4], [3, 2, 1], [3, 2, 2], [3, 2, 3], [3, 2, 4], [4, 1, 1], [4, 1, 2], [4, 1, 3], [4, 1, 4], [4, 2, 1], [4, 2, 2], [4, 2, 3], [4, 2, 4], [5, 1, 1], [5, 1, 2], [5, 1, 3], [5, 1, 4], [5, 2, 1], [5, 2, 2], [5, 2, 3], [5, 2, 4], [6, 1, 4], [6, 2, 4], [1, 2, 3], 0, [1, 2, 2], [1, 2, 1], [6, 2, 3], [6, 2, 2], [6, 2, 1], [1, 1, 3], [1, 1, 2], [1, 1, 1], [6, 1, 3], [6, 1, 2], [6, 1, 1]]
15	-4.79635	43.31543	57	28	12	pensionerII	[[1, 1, 3], [1, 1, 4], [1, 2, 3], [1, 2, 4], [2, 1, 3], [2, 1, 4], [2, 2, 3], [2, 2, 4], [3, 1, 3], [3, 1, 4], [3, 2, 3], [3, 2, 4], [4, 1, 3], [4, 1, 4], [4, 2, 3], [4, 2, 4], [5, 1, 3], [5, 1, 4], [5, 2, 3], [5, 2, 4], [6, 1, 3], [6, 1, 4], [6, 2, 3], [6, 2, 4], [6, 1, 2], 0, [6, 1, 1], [2, 1, 2], [2, 1, 1], [5, 1, 2], [5, 1, 1], [3, 1, 2], [4, 1, 2], [3, 1, 1], [1, 1, 2], [4, 1, 1], [1, 1, 1], [6, 2, 2], [6, 2, 1], [2, 2, 2], [2, 2, 1], [5, 2, 2], [5, 2, 1], [3, 2, 2], [4, 2, 2], [3, 2, 1], [1, 2, 2], [4, 2, 1], [1, 2, 1]]
16	-4.82119	43.30835	57	55	12	businessI	[[1, 1, 4], [1, 2, 4], [2, 1, 4], [2, 2, 4], [3, 1, 1], [3, 1, 2], [3, 1, 3], [3, 1, 4], [3, 2, 1], [3, 2, 2], [3, 2, 3], [3, 2, 4], [4, 1, 1], [4, 1, 2], [4, 1, 3], [4, 1, 4], [4, 2, 1], [4, 2, 2], [4, 2, 3], [4, 2, 4], [5, 1, 4], [5, 2, 4], [6, 1, 4], [6, 2, 4], [1, 2, 3], 0, [1, 2, 2], [6, 2, 3], [1, 2, 1], [6, 2, 2], [5, 2, 3], [6, 2, 1], [5, 2, 2], [5, 2, 1], [1, 1, 3], [1, 1, 2], [6, 1, 3], [2, 2, 3], [1, 1, 1], [6, 1, 2], [2, 2, 2], [5, 1, 3], [6, 1, 1], [2, 2, 1], [5, 1, 2], [5, 1, 1], [2, 1, 3], [2, 1, 2], [2, 1, 1]]
17	-4.80999	43.29674	57	47	12	familyI	[[1, 1, 2], [1, 1, 3], [1, 1, 4], [1, 2, 2], [1, 2, 3], [1, 2, 4], [2, 1, 2], [2, 1, 3], [2, 1, 4], [2, 2, 2], [2, 2, 3], [2, 2, 4], [3, 1, 2], [3, 1, 3], [3, 1, 4], [3, 2, 2], [3, 2, 3], [3, 2, 4], [4, 1, 2], [4, 1, 3], [4, 1, 4], [4, 2, 2], [4, 2, 3], [4, 2, 4], [5, 1, 2], [5, 1, 3], [5, 1, 4], [5, 2, 2], [5, 2, 3], [5, 2, 4], [6, 1, 2], [6, 1, 3], [6, 1, 4], [6, 2, 2], [6, 2, 3], [6, 2, 4], [1, 2, 1], 0, [6, 2, 1], [1, 1, 1], [5, 2, 1], [6, 1, 1], [5, 1, 1], [3, 2, 1], [3, 1, 1], [2, 2, 1], [2, 1, 1], [4, 2, 1], [4, 1, 1]]
18	-4.82844	43.29405	57	62	12	familyI	[[1, 1, 2], [1, 1, 3], [1, 1, 4], [1, 2, 2], [1, 2, 3], [1, 2, 4], [2, 1, 2], [2, 1, 3], [2, 1, 4], [2, 2, 2], [2, 2, 3], [2, 2, 4], [3, 1, 2], [3, 1, 3], [3, 1, 4], [3, 2, 2], [3, 2, 3], [3, 2, 4], [4, 1, 2], [4, 1, 3], [4, 1, 4], [4, 2, 2], [4, 2, 3], [4, 2, 4], [5, 1, 2], [5, 1, 3], [5, 1, 4], [5, 2, 2], [5, 2, 3], [5, 2, 4], [6, 1, 2], [6, 1, 3], [6, 1, 4], [6, 2, 2], [6, 2, 3], [6, 2, 4], [5, 2, 1], 0, [1, 2, 1], [6, 2, 1], [3, 2, 1], [5, 1, 1], [1, 1, 1], [6, 1, 1], [3, 1, 1], [2, 2, 1], [4, 2, 1], [2, 1, 1], [4, 1, 1]]
19	-4.83025	43.29638	57	74	12	familyII	[[1, 1, 4], [1, 2, 4], [2, 1, 4], [2, 2, 4], [3, 1, 4], [3, 2, 4], [4, 1, 4], [4, 2, 4], [5, 1, 4], [5, 2, 4], [6, 1, 4], [6, 2, 4], [6, 2, 3], 0, [1, 2, 3], [5, 2, 3], [6, 2, 2], [1, 2, 2], [5, 2, 2], [6, 2, 1], [1, 2, 1], [5, 2, 1], [4, 2, 3], [2, 2, 3], [6, 1, 3], [4, 2, 2], [3, 2, 3], [1, 1, 3], [5, 1, 3], [2, 2, 2], [6, 1, 2], [4, 2, 1], [3, 2, 2], [1, 1, 2], [5, 1, 2], [2, 2, 1], [6, 1, 1], [3, 2, 1], [1, 1, 1], [5, 1, 1], [4, 1, 3], [2, 1, 3], [4, 1, 2], [3, 1, 3], [2, 1, 2], [4, 1, 1], [3, 1, 2], [2, 1, 1], [3, 1, 1]]
20	-4.825	43.29036	57	47	12	businessII	[[1, 1, 4], [1, 2, 4], [2, 1, 1], [2, 1, 2], [2, 1, 3], [2, 1, 4], [2, 2, 1], [2, 2, 2], [2, 2, 3], [2, 2, 4], [3, 1, 1], [3, 1, 2], [3, 1, 3], [3, 1, 4], [3, 2, 1], [3, 2, 2], [3, 2, 3], [3, 2, 4], [4, 1, 1], [4, 1, 2], [4, 1, 3], [4, 1, 4], [4, 2, 1], [4, 2, 2], [4, 2, 3], [4, 2, 4], [5, 1, 1], [5, 1, 2], [5, 1, 3], [5, 1, 4], [5, 2, 1], [5, 2, 2], [5, 2, 3], [5, 2, 4], [6, 1, 4], [6, 2, 4], [6, 2, 3], 0, [6, 2, 2], [1, 2, 3], [6, 2, 1], [1, 2, 2], [1, 2, 1], [6, 1, 3], [6, 1, 2], [1, 1, 3], [6, 1, 1], [1, 1, 2], [1, 1, 1]]
21	-4.82192	43.28869	57	51	12	businessI	[[1, 1, 4], [1, 2, 4], [2, 1, 4], [2, 2, 4], [3, 1, 1], [3, 1, 2], [3, 1, 3], [3, 1, 4], [3, 2, 1], [3, 2, 2], [3, 2, 3], [3, 2, 4], [4, 1, 1], [4, 1, 2], [4, 1, 3], [4, 1, 4], [4, 2, 1], [4, 2, 2], [4, 2, 3], [4, 2, 4], [5, 1, 4], [5, 2, 4], [6, 1, 4], [6, 2, 4], [6, 1, 3], 0, [6, 1, 2], [6, 1, 1], [5, 1, 3], [2, 1, 3], [5, 1, 2], [2, 1, 2], [5, 1, 1], [2, 1, 1], [1, 1, 3], [1, 1, 2], [1, 1, 1], [6, 2, 3], [6, 2, 2], [6, 2, 1], [5, 2, 3], [2, 2, 3], [5, 2, 2], [2, 2, 2], [5, 2, 1], [2, 2, 1], [1, 2, 3], [1, 2, 2], [1, 2, 1]]
22	-4.76806	43.36109	52	28	12	pensionerI	[[1, 1, 2], [1, 1, 3], [1, 1, 4], [1, 2, 2], [1, 2, 3], [1, 2, 4], [2, 1, 2], [2, 1, 3], [2, 1, 4], [2, 2, 2], [2, 2, 3], [2, 2, 4], [3, 1, 2], [3, 1, 3], [3, 1, 4], [3, 2, 2], [3, 2, 3], [3, 2, 4], [4, 1, 2], [4, 1, 3], [4, 1, 4], [4, 2, 2], [4, 2, 3], [4, 2, 4], [5, 1, 2], [5, 1, 3], [5, 1, 4], [5, 2, 2], [5, 2, 3], [5, 2, 4], [6, 1, 2], [6, 1, 3], [6, 1, 4], [6, 2, 2], [6, 2, 3], [6, 2, 4], [6, 2, 1], 0, [5, 2, 1], [3, 2, 1], [1, 2, 1], [6, 1, 1], [5, 1, 1], [4, 2, 1], [3, 1, 1], [1, 1, 1], [4, 1, 1], [2, 2, 1], [2, 1, 1]]
23	-4.76656	43.36302	52	37	12	pensionerI	[[1, 1, 2], [1, 1, 3], [1, 1, 4], [1, 2, 2], [1, 2, 3], [1, 2, 4], [2, 1, 2], [2, 1, 3], [2, 1, 4], [2, 2, 2], [2, 2, 3], [2, 2, 4], [3, 1, 2], [3, 1, 3], [3, 1, 4], [3, 2, 2], [3, 2, 3], [3, 2, 4], [4, 1, 2], [4, 1, 3], [4, 1, 4], [4, 2, 2], [4, 2, 3], [4, 2, 4], [5, 1, 2], [5, 1, 3], [5, 1, 4], [5, 2, 2], [5, 2, 3], [5, 2, 4], [6, 1, 2], [6, 1, 3], [6, 1, 4], [6, 2, 2], [6, 2, 3], [6, 2, 4], [3, 1, 1], 0, [2, 1, 1], [5, 1, 1], [3, 2, 1], [4, 1, 1], [2, 2, 1], [5, 2, 1], [1, 1, 1], [6, 1, 1], [4, 2, 1], [1, 2, 1], [6, 2, 1]]
24	-4.76965	43.35891	52	36	12	businessI	[[1, 1, 4], [1, 2, 4], [2, 1, 4], [2, 2, 4], [3, 1, 1], [3, 1, 2], [3, 1, 3], [3, 1, 4], [3, 2, 1], [3, 2, 2], [3, 2, 3], [3, 2, 4], [4, 1, 1], [4, 1, 2], [4, 1, 3], [4, 1, 4], [4, 2, 1], [4, 2, 2], [4, 2, 3], [4, 2, 4], [5, 1, 4], [5, 2, 4], [6, 1, 4], [6, 2, 4], [1, 2, 3], 0, [1, 2, 2], [1, 2, 1], [5, 2, 3], [5, 2, 2], [5, 2, 1], [6, 2, 3], [6, 2, 2], [6, 2, 1], [2, 2, 3], [2, 2, 2], [2, 2, 1], [1, 1, 3], [1, 1, 2], [1, 1, 1], [5, 1, 3], [5, 1, 2], [5, 1, 1], [6, 1, 3], [6, 1, 2], [6, 1, 1], [2, 1, 3], [2, 1, 2], [2, 1, 1]]
25	-4.77214	43.36239	52	29	12	pensionerII	[[1, 1, 3], [1, 1, 4], [1, 2, 3], [1, 2, 4], [2, 1, 3], [2, 1, 4], [2, 2, 3], [2, 2, 4], [3, 1, 3], [3, 1, 4], [3, 2, 3], [3, 2, 4], [4, 1, 3], [4, 1, 4], [4, 2, 3], [4, 2, 4], [5, 1, 3], [5, 1, 4], [5, 2, 3], [5, 2, 4], [6, 1, 3], [6, 1, 4], [6, 2, 3], [6, 2, 4], [5, 1, 2], 0, [5, 1, 1], [6, 1, 2], [6, 1, 1], [2, 1, 2], [2, 1, 1], [5, 2, 2], [5, 2, 1], [6, 2, 2], [6, 2, 1], [2, 2, 2], [2, 2, 1], [3, 1, 2], [3, 1, 1], [4, 1, 2], [4, 1, 1], [1, 1, 2], [1, 1, 1], [3, 2, 2], [3, 2, 1], [4, 2, 2], [4, 2, 1], [1, 2, 2], [1, 2, 1]]
26	-4.76255	43.32477	52	53	12	familyI	[[1, 1, 2], [1, 1, 3], [1, 1, 4], [1, 2, 2], [1, 2, 3], [1, 2, 4], [2, 1, 2], [2, 1, 3], [2, 1, 4], [2, 2, 2], [2, 2, 3], [2, 2, 4], [3, 1, 2], [3, 1, 3], [3, 1, 4], [3, 2, 2], [3, 2, 3], [3, 2, 4], [4, 1, 2], [4, 1, 3], [4, 1, 4], [4, 2, 2], [4, 2, 3], [4, 2, 4], [5, 1, 2], [5, 1, 3], [5, 1, 4], [5, 2, 2], [5, 2, 3], [5, 2, 4], [6, 1, 2], [6, 1, 3], [6, 1, 4], [6, 2, 2], [6, 2, 3], [6, 2, 4], [5, 1, 1], 0, [5, 2, 1], [3, 1, 1], [1, 1, 1], [3, 2, 1], [1, 2, 1], [6, 1, 1], [6, 2, 1], [4, 1, 1], [4, 2, 1], [2, 1, 1], [2, 2, 1]]
27	-4.75717	43.33255	52	62	12	familyI	[[1, 1, 2], [1, 1, 3], [1, 1, 4], [1, 2, 2], [1, 2, 3], [1, 2, 4], [2, 1, 2], [2, 1, 3], [2, 1, 4], [2, 2, 2], [2, 2, 3], [2, 2, 4], [3, 1, 2], [3, 1, 3], [3, 1, 4], [3, 2, 2], [3, 2, 3], [3, 2, 4], [4, 1, 2], [4, 1, 3], [4, 1, 4], [4, 2, 2], [4, 2, 3], [4, 2, 4], [5, 1, 2], [5, 1, 3], [5, 1, 4], [5, 2, 2], [5, 2, 3], [5, 2, 4], [6, 1, 2], [6, 1, 3], [6, 1, 4], [6, 2, 2], [6, 2, 3], [6, 2, 4], [5, 1, 1], 0, [3, 1, 1], [6, 1, 1], [1, 1, 1], [5, 2, 1], [3, 2, 1], [6, 2, 1], [1, 2, 1], [2, 1, 1], [4, 1, 1], [2, 2, 1], [4, 2, 1]]
28	-4.75881	43.3564	52	48	12	businessI	[[1, 1, 4], [1, 2, 4], [2, 1, 4], [2, 2, 4], [3, 1, 1], [3, 1, 2], [3, 1, 3], [3, 1, 4], [3, 2, 1], [3, 2, 2], [3, 2, 3], [3, 2, 4], [4, 1, 1], [4, 1, 2], [4, 1, 3], [4, 1, 4], [4, 2, 1], [4, 2, 2], [4, 2, 3], [4, 2, 4], [5, 1, 4], [5, 2, 4], [6, 1, 4], [6, 2, 4], [2, 2, 3], 0, [2, 2, 2], [5, 2, 3], [2, 2, 1], [5, 2, 2], [1, 2, 3], [5, 2, 1], [1, 2, 2], [1, 2, 1], [6, 2, 3], [6, 2, 2], [6, 2, 1], [2, 1, 3], [2, 1, 2], [5, 1, 3], [2, 1, 1], [5, 1, 2], [1, 1, 3], [5, 1, 1], [1, 1, 2], [1, 1, 1], [6, 1, 3], [6, 1, 2], [6, 1, 1]]
29	-4.78195	43.34016	52	73	12	familyI	[[1, 1, 2], [1, 1, 3], [1, 1, 4], [1, 2, 2], [1, 2, 3], [1, 2, 4], [2, 1, 2], [2, 1, 3], [2, 1, 4], [2, 2, 2], [2, 2, 3], [2, 2, 4], [3, 1, 2], [3, 1, 3], [3, 1, 4], [3, 2, 2], [3, 2, 3], [3, 2, 4], [4, 1, 2], [4, 1, 3], [4, 1, 4], [4, 2, 2], [4, 2, 3], [4, 2, 4], [5, 1, 2], [5, 1, 3], [5, 1, 4], [5, 2, 2], [5, 2, 3], [5, 2, 4], [6, 1, 2], [6, 1, 3], [6, 1, 4], [6, 2, 2], [6, 2, 3], [6, 2, 4], [1, 2, 1], 0, [3, 2, 1], [6, 2, 1], [1, 1, 1], [3, 1, 1], [5, 2, 1], [6, 1, 1], [5, 1, 1], [2, 2, 1], [4, 2, 1], [2, 1, 1], [4, 1, 1]]
30	-4.78183	43.35762	52	50	12	familyII	[[1, 1, 4], [1, 2, 4], [2, 1, 4], [2, 2, 4], [3, 1, 4], [3, 2, 4], [4, 1, 4], [4, 2, 4], [5, 1, 4], [5, 2, 4], [6, 1, 4], [6, 2, 4], [5, 2, 3], 0, [6, 2, 3], [5, 2, 2], [6, 2, 2], [1, 2, 3], [5, 2, 1], [6, 2, 1], [1, 2, 2], [1, 2, 1], [4, 2, 3], [2, 2, 3], [4, 2, 2], [2, 2, 2], [5, 1, 3], [3, 2, 3], [4, 2, 1], [2, 2, 1], [6, 1, 3], [5, 1, 2], [3, 2, 2], [6, 1, 2], [1, 1, 3], [5, 1, 1], [3, 2, 1], [6, 1, 1], [1, 1, 2], [1, 1, 1], [4, 1, 3], [2, 1, 3], [4, 1, 2], [2, 1, 2], [3, 1, 3], [4, 1, 1], [2, 1, 1], [3, 1, 2], [3, 1, 1]]
31	-4.79676	43.33905	52	60	12	familyII	[[1, 1, 4], [1, 2, 4], [2, 1, 4], [2, 2, 4], [3, 1, 4], [3, 2, 4], [4, 1, 4], [4, 2, 4], [5, 1, 4], [5, 2, 4], [6, 1, 4], [6, 2, 4], [5, 1, 3], 0, [6, 1, 3], [5, 1, 2], [6, 1, 2], [1, 1, 3], [5, 1, 1], [6, 1, 1], [1, 1, 2], [1, 1, 1], [5, 2, 3], [6, 2, 3], [2, 1, 3], [3, 1, 3], [5, 2, 2], [6, 2, 2], [1, 2, 3], [2, 1, 2], [3, 1, 2], [4, 1, 3], [5, 2, 1], [6, 2, 1], [1, 2, 2], [2, 1, 1], [3, 1, 1], [4, 1, 2], [1, 2, 1], [4, 1, 1], [2, 2, 3], [3, 2, 3], [2, 2, 2], [3, 2, 2], [4, 2, 3], [2, 2, 1], [3, 2, 1], [4, 2, 2], [4, 2, 1]]
32	-4.79129	43.33698	52	52	12	businessI	[[1, 1, 4], [1, 2, 4], [2, 1, 4], [2, 2, 4], [3, 1, 1], [3, 1, 2], [3, 1, 3], [3, 1, 4], [3, 2, 1], [3, 2, 2], [3, 2, 3], [3, 2, 4], [4, 1, 1], [4, 1, 2], [4, 1, 3], [4, 1, 4], [4, 2, 1], [4, 2, 2], [4, 2, 3], [4, 2, 4], [5, 1, 4], [5, 2, 4], [6, 1, 4], [6, 2, 4], [1, 2, 3], 0, [1, 2, 2], [2, 2, 3], [1, 2, 1], [2, 2, 2], [2, 2, 1], [6, 2, 3], [6, 2, 2], [6, 2, 1], [5, 2, 3], [5, 2, 2], [5, 2, 1], [1, 1, 3], [1, 1, 2], [2, 1, 3], [1, 1, 1], [2, 1, 2], [2, 1, 1], [6, 1, 3], [6, 1, 2], [6, 1, 1], [5, 1, 3], [5, 1, 2], [5, 1, 1]]
33	-4.79056	43.32686	52	39	12	pensionerI	[[1, 1, 2], [1, 1, 3], [1, 1, 4], [1, 2, 2], [1, 2, 3], [1, 2, 4], [2, 1, 2], [2, 1, 3], [2, 1, 4], [2, 2, 2], [2, 2, 3], [2, 2, 4], [3, 1, 2], [3, 1, 3], [3, 1, 4], [3, 2, 2], [3, 2, 3], [3, 2, 4], [4, 1, 2], [4, 1, 3], [4, 1, 4], [4, 2, 2], [4, 2, 3], [4, 2, 4], [5, 1, 2], [5, 1, 3], [5, 1, 4], [5, 2, 2], [5, 2, 3], [5, 2, 4], [6, 1, 2], [6, 1, 3], [6, 1, 4], [6, 2, 2], [6, 2, 3], [6, 2, 4], [4, 2, 1], 0, [3, 2, 1], [5, 2, 1], [4, 1, 1], [3, 1, 1], [6, 2, 1], [2, 2, 1], [5, 1, 1], [1, 2, 1], [6, 1, 1], [2, 1, 1], [1, 1, 1]]
34	-4.78507	43.3185	52	53	12	businessI	[[1, 1, 4], [1, 2, 4], [2, 1, 4], [2, 2, 4], [3, 1, 1], [3, 1, 2], [3, 1, 3], [3, 1, 4], [3, 2, 1], [3, 2, 2], [3, 2, 3], [3, 2, 4], [4, 1, 1], [4, 1, 2], [4, 1, 3], [4, 1, 4], [4, 2, 1], [4, 2, 2], [4, 2, 3], [4, 2, 4], [5, 1, 4], [5, 2, 4], [6, 1, 4], [6, 2, 4], [1, 1, 3], 0, [5, 1, 3], [1, 1, 2], [5, 1, 2], [1, 1, 1], [5, 1, 1], [2, 1, 3], [2, 1, 2], [2, 1, 1], [6, 1, 3], [1, 2, 3], [5, 2, 3], [6, 1, 2], [1, 2, 2], [5, 2, 2], [6, 1, 1], [1, 2, 1], [5, 2, 1], [2, 2, 3], [2, 2, 2], [2, 2, 1], [6, 2, 3], [6, 2, 2], [6, 2, 1]]
35	-4.78304	43.33556	52	54	12	businessII	[[1, 1, 4], [1, 2, 4], [2, 1, 1], [2, 1, 2], [2, 1, 3], [2, 1, 4], [2, 2, 1], [2, 2, 2], [2, 2, 3], [2, 2, 4], [3, 1, 1], [3, 1, 2], [3, 1, 3], [3, 1, 4], [3, 2, 1], [3, 2, 2], [3, 2, 3], [3, 2, 4], [4, 1, 1], [4, 1, 2], [4, 1, 3], [4, 1, 4], [4, 2, 1], [4, 2, 2], [4, 2, 3], [4, 2, 4], [5, 1, 1], [5, 1, 2], [5, 1, 3], [5, 1, 4], [5, 2, 1], [5, 2, 2], [5, 2, 3], [5, 2, 4], [6, 1, 4], [6, 2, 4], [1, 2, 3], 0, [1, 2, 2], [1, 2, 1], [6, 2, 3], [6, 2, 2], [6, 2, 1], [1, 1, 3], [1, 1, 2], [1, 1, 1], [6, 1, 3], [6, 1, 2], [6, 1, 1]]
36	-4.78211	43.34986	52	66	12	familyII	[[1, 1, 4], [1, 2, 4], [2, 1, 4], [2, 2, 4], [3, 1, 4], [3, 2, 4], [4, 1, 4], [4, 2, 4], [5, 1, 4], [5, 2, 4], [6, 1, 4], [6, 2, 4], [6, 2, 3], 0, [1, 2, 3], [6, 2, 2], [5, 2, 3], [1, 2, 2], [6, 2, 1], [5, 2, 2], [1, 2, 1], [5, 2, 1], [6, 1, 3], [1, 1, 3], [2, 2, 3], [6, 1, 2], [5, 1, 3], [1, 1, 2], [3, 2, 3], [4, 2, 3], [2, 2, 2], [6, 1, 1], [5, 1, 2], [1, 1, 1], [3, 2, 2], [4, 2, 2], [2, 2, 1], [5, 1, 1], [3, 2, 1], [4, 2, 1], [2, 1, 3], [3, 1, 3], [4, 1, 3], [2, 1, 2], [3, 1, 2], [4, 1, 2], [2, 1, 1], [3, 1, 1], [4, 1, 1]]