S3n36d2w6-120p5-4-8c3_1679305547

DAYS
2

WINDOWS
1	480	600
2	600	720
3	720	840
4	840	960
5	960	1080
6	1080	1200

FEES
1	5
2	6
3	7
4	8

CLUSTERS
CLUST NO.	LONCOORD.	LATCOORD.

51	-4.87416	43.3423
52	-4.7807	43.3423
57	-4.82743	43.31532

CUSTOMERS
CUST NO.	LONCOORD.	LATCOORD.	CLUST NO.	BASKET.	SERVICE TIME.	SEGMENT.	PREF LIST.
0	-4.82743	43.31532	0	0	0	0	0
1	-4.83892	43.28871	57	22	12	pensionerI	[[1, 1, 2], [1, 1, 3], [1, 1, 4], [1, 2, 2], [1, 2, 3], [1, 2, 4], [2, 1, 2], [2, 1, 3], [2, 1, 4], [2, 2, 2], [2, 2, 3], [2, 2, 4], [3, 1, 2], [3, 1, 3], [3, 1, 4], [3, 2, 2], [3, 2, 3], [3, 2, 4], [4, 1, 2], [4, 1, 3], [4, 1, 4], [4, 2, 2], [4, 2, 3], [4, 2, 4], [5, 1, 2], [5, 1, 3], [5, 1, 4], [5, 2, 2], [5, 2, 3], [5, 2, 4], [6, 1, 2], [6, 1, 3], [6, 1, 4], [6, 2, 2], [6, 2, 3], [6, 2, 4], [5, 1, 1], 0, [1, 1, 1], [4, 1, 1], [2, 1, 1], [5, 2, 1], [1, 2, 1], [4, 2, 1], [3, 1, 1], [6, 1, 1], [2, 2, 1], [3, 2, 1], [6, 2, 1]]
2	-4.8331	43.307	57	43	12	businessI	[[1, 1, 4], [1, 2, 4], [2, 1, 4], [2, 2, 4], [3, 1, 1], [3, 1, 2], [3, 1, 3], [3, 1, 4], [3, 2, 1], [3, 2, 2], [3, 2, 3], [3, 2, 4], [4, 1, 1], [4, 1, 2], [4, 1, 3], [4, 1, 4], [4, 2, 1], [4, 2, 2], [4, 2, 3], [4, 2, 4], [5, 1, 4], [5, 2, 4], [6, 1, 4], [6, 2, 4], [5, 2, 3], 0, [2, 2, 3], [5, 2, 2], [2, 2, 2], [5, 2, 1], [2, 2, 1], [6, 2, 3], [6, 2, 2], [6, 2, 1], [1, 2, 3], [1, 2, 2], [1, 2, 1], [5, 1, 3], [2, 1, 3], [5, 1, 2], [2, 1, 2], [5, 1, 1], [2, 1, 1], [6, 1, 3], [6, 1, 2], [6, 1, 1], [1, 1, 3], [1, 1, 2], [1, 1, 1]]
3	-4.83214	43.29554	57	34	12	pensionerI	[[1, 1, 2], [1, 1, 3], [1, 1, 4], [1, 2, 2], [1, 2, 3], [1, 2, 4], [2, 1, 2], [2, 1, 3], [2, 1, 4], [2, 2, 2], [2, 2, 3], [2, 2, 4], [3, 1, 2], [3, 1, 3], [3, 1, 4], [3, 2, 2], [3, 2, 3], [3, 2, 4], [4, 1, 2], [4, 1, 3], [4, 1, 4], [4, 2, 2], [4, 2, 3], [4, 2, 4], [5, 1, 2], [5, 1, 3], [5, 1, 4], [5, 2, 2], [5, 2, 3], [5, 2, 4], [6, 1, 2], [6, 1, 3], [6, 1, 4], [6, 2, 2], [6, 2, 3], [6, 2, 4], [6, 1, 1], 0, [2, 1, 1], [1, 1, 1], [5, 1, 1], [6, 2, 1], [4, 1, 1], [2, 2, 1], [3, 1, 1], [1, 2, 1], [5, 2, 1], [4, 2, 1], [3, 2, 1]]
4	-4.80896	43.30509	57	33	12	pensionerII	[[1, 1, 3], [1, 1, 4], [1, 2, 3], [1, 2, 4], [2, 1, 3], [2, 1, 4], [2, 2, 3], [2, 2, 4], [3, 1, 3], [3, 1, 4], [3, 2, 3], [3, 2, 4], [4, 1, 3], [4, 1, 4], [4, 2, 3], [4, 2, 4], [5, 1, 3], [5, 1, 4], [5, 2, 3], [5, 2, 4], [6, 1, 3], [6, 1, 4], [6, 2, 3], [6, 2, 4], [2, 2, 2], 0, [2, 2, 1], [5, 2, 2], [5, 2, 1], [6, 2, 2], [6, 2, 1], [2, 1, 2], [2, 1, 1], [3, 2, 2], [3, 2, 1], [5, 1, 2], [5, 1, 1], [1, 2, 2], [4, 2, 2], [1, 2, 1], [4, 2, 1], [6, 1, 2], [6, 1, 1], [3, 1, 2], [3, 1, 1], [1, 1, 2], [4, 1, 2], [1, 1, 1], [4, 1, 1]]
5	-4.80255	43.30728	57	20	12	pensionerI	[[1, 1, 2], [1, 1, 3], [1, 1, 4], [1, 2, 2], [1, 2, 3], [1, 2, 4], [2, 1, 2], [2, 1, 3], [2, 1, 4], [2, 2, 2], [2, 2, 3], [2, 2, 4], [3, 1, 2], [3, 1, 3], [3, 1, 4], [3, 2, 2], [3, 2, 3], [3, 2, 4], [4, 1, 2], [4, 1, 3], [4, 1, 4], [4, 2, 2], [4, 2, 3], [4, 2, 4], [5, 1, 2], [5, 1, 3], [5, 1, 4], [5, 2, 2], [5, 2, 3], [5, 2, 4], [6, 1, 2], [6, 1, 3], [6, 1, 4], [6, 2, 2], [6, 2, 3], [6, 2, 4], [6, 2, 1], 0, [3, 2, 1], [4, 2, 1], [1, 2, 1], [2, 2, 1], [6, 1, 1], [3, 1, 1], [4, 1, 1], [1, 1, 1], [2, 1, 1], [5, 2, 1], [5, 1, 1]]
6	-4.86627	43.32858	51	42	12	businessII	[[1, 1, 4], [1, 2, 4], [2, 1, 1], [2, 1, 2], [2, 1, 3], [2, 1, 4], [2, 2, 1], [2, 2, 2], [2, 2, 3], [2, 2, 4], [3, 1, 1], [3, 1, 2], [3, 1, 3], [3, 1, 4], [3, 2, 1], [3, 2, 2], [3, 2, 3], [3, 2, 4], [4, 1, 1], [4, 1, 2], [4, 1, 3], [4, 1, 4], [4, 2, 1], [4, 2, 2], [4, 2, 3], [4, 2, 4], [5, 1, 1], [5, 1, 2], [5, 1, 3], [5, 1, 4], [5, 2, 1], [5, 2, 2], [5, 2, 3], [5, 2, 4], [6, 1, 4], [6, 2, 4], [1, 1, 3], 0, [1, 1, 2], [1, 1, 1], [6, 1, 3], [6, 1, 2], [6, 1, 1], [1, 2, 3], [1, 2, 2], [1, 2, 1], [6, 2, 3], [6, 2, 2], [6, 2, 1]]
7	-4.88105	43.32876	51	44	12	familyI	[[1, 1, 2], [1, 1, 3], [1, 1, 4], [1, 2, 2], [1, 2, 3], [1, 2, 4], [2, 1, 2], [2, 1, 3], [2, 1, 4], [2, 2, 2], [2, 2, 3], [2, 2, 4], [3, 1, 2], [3, 1, 3], [3, 1, 4], [3, 2, 2], [3, 2, 3], [3, 2, 4], [4, 1, 2], [4, 1, 3], [4, 1, 4], [4, 2, 2], [4, 2, 3], [4, 2, 4], [5, 1, 2], [5, 1, 3], [5, 1, 4], [5, 2, 2], [5, 2, 3], [5, 2, 4], [6, 1, 2], [6, 1, 3], [6, 1, 4], [6, 2, 2], [6, 2, 3], [6, 2, 4], [5, 1, 1], 0, [3, 1, 1], [6, 1, 1], [1, 1, 1], [5, 2, 1], [3, 2, 1], [6, 2, 1], [1, 2, 1], [4, 1, 1], [2, 1, 1], [4, 2, 1], [2, 2, 1]]
8	-4.8793	43.33025	51	60	12	familyI	[[1, 1, 2], [1, 1, 3], [1, 1, 4], [1, 2, 2], [1, 2, 3], [1, 2, 4], [2, 1, 2], [2, 1, 3], [2, 1, 4], [2, 2, 2], [2, 2, 3], [2, 2, 4], [3, 1, 2], [3, 1, 3], [3, 1, 4], [3, 2, 2], [3, 2, 3], [3, 2, 4], [4, 1, 2], [4, 1, 3], [4, 1, 4], [4, 2, 2], [4, 2, 3], [4, 2, 4], [5, 1, 2], [5, 1, 3], [5, 1, 4], [5, 2, 2], [5, 2, 3], [5, 2, 4], [6, 1, 2], [6, 1, 3], [6, 1, 4], [6, 2, 2], [6, 2, 3], [6, 2, 4], [3, 2, 1], 0, [5, 2, 1], [6, 2, 1], [1, 2, 1], [3, 1, 1], [5, 1, 1], [6, 1, 1], [1, 1, 1], [2, 2, 1], [2, 1, 1], [4, 2, 1], [4, 1, 1]]
9	-4.82794	43.31776	57	49	12	businessII	[[1, 1, 4], [1, 2, 4], [2, 1, 1], [2, 1, 2], [2, 1, 3], [2, 1, 4], [2, 2, 1], [2, 2, 2], [2, 2, 3], [2, 2, 4], [3, 1, 1], [3, 1, 2], [3, 1, 3], [3, 1, 4], [3, 2, 1], [3, 2, 2], [3, 2, 3], [3, 2, 4], [4, 1, 1], [4, 1, 2], [4, 1, 3], [4, 1, 4], [4, 2, 1], [4, 2, 2], [4, 2, 3], [4, 2, 4], [5, 1, 1], [5, 1, 2], [5, 1, 3], [5, 1, 4], [5, 2, 1], [5, 2, 2], [5, 2, 3], [5, 2, 4], [6, 1, 4], [6, 2, 4], [6, 1, 3], 0, [6, 1, 2], [6, 1, 1], [1, 1, 3], [1, 1, 2], [1, 1, 1], [6, 2, 3], [6, 2, 2], [6, 2, 1], [1, 2, 3], [1, 2, 2], [1, 2, 1]]
10	-4.86143	43.31587	51	38	12	businessI	[[1, 1, 4], [1, 2, 4], [2, 1, 4], [2, 2, 4], [3, 1, 1], [3, 1, 2], [3, 1, 3], [3, 1, 4], [3, 2, 1], [3, 2, 2], [3, 2, 3], [3, 2, 4], [4, 1, 1], [4, 1, 2], [4, 1, 3], [4, 1, 4], [4, 2, 1], [4, 2, 2], [4, 2, 3], [4, 2, 4], [5, 1, 4], [5, 2, 4], [6, 1, 4], [6, 2, 4], [5, 2, 3], 0, [5, 2, 2], [5, 2, 1], [6, 2, 3], [6, 2, 2], [6, 2, 1], [2, 2, 3], [2, 2, 2], [2, 2, 1], [1, 2, 3], [1, 2, 2], [1, 2, 1], [5, 1, 3], [5, 1, 2], [5, 1, 1], [6, 1, 3], [6, 1, 2], [6, 1, 1], [2, 1, 3], [2, 1, 2], [2, 1, 1], [1, 1, 3], [1, 1, 2], [1, 1, 1]]
11	-4.8458	43.30856	57	70	12	familyII	[[1, 1, 4], [1, 2, 4], [2, 1, 4], [2, 2, 4], [3, 1, 4], [3, 2, 4], [4, 1, 4], [4, 2, 4], [5, 1, 4], [5, 2, 4], [6, 1, 4], [6, 2, 4], [1, 2, 3], 0, [6, 2, 3], [1, 2, 2], [6, 2, 2], [5, 2, 3], [1, 2, 1], [6, 2, 1], [5, 2, 2], [5, 2, 1], [1, 1, 3], [6, 1, 3], [1, 1, 2], [6, 1, 2], [4, 2, 3], [3, 2, 3], [5, 1, 3], [1, 1, 1], [6, 1, 1], [2, 2, 3], [4, 2, 2], [3, 2, 2], [5, 1, 2], [2, 2, 2], [4, 2, 1], [3, 2, 1], [5, 1, 1], [2, 2, 1], [4, 1, 3], [3, 1, 3], [2, 1, 3], [4, 1, 2], [3, 1, 2], [2, 1, 2], [4, 1, 1], [3, 1, 1], [2, 1, 1]]
12	-4.83046	43.31143	57	40	12	familyI	[[1, 1, 2], [1, 1, 3], [1, 1, 4], [1, 2, 2], [1, 2, 3], [1, 2, 4], [2, 1, 2], [2, 1, 3], [2, 1, 4], [2, 2, 2], [2, 2, 3], [2, 2, 4], [3, 1, 2], [3, 1, 3], [3, 1, 4], [3, 2, 2], [3, 2, 3], [3, 2, 4], [4, 1, 2], [4, 1, 3], [4, 1, 4], [4, 2, 2], [4, 2, 3], [4, 2, 4], [5, 1, 2], [5, 1, 3], [5, 1, 4], [5, 2, 2], [5, 2, 3], [5, 2, 4], [6, 1, 2], [6, 1, 3], [6, 1, 4], [6, 2, 2], [6, 2, 3], [6, 2, 4], [6, 1, 1], 0, [1, 1, 1], [3, 1, 1], [6, 2, 1], [1, 2, 1], [3, 2, 1], [5, 1, 1], [5, 2, 1], [4, 1, 1], [2, 1, 1], [4, 2, 1], [2, 2, 1]]
13	-4.83054	43.30491	57	31	12	pensionerII	[[1, 1, 3], [1, 1, 4], [1, 2, 3], [1, 2, 4], [2, 1, 3], [2, 1, 4], [2, 2, 3], [2, 2, 4], [3, 1, 3], [3, 1, 4], [3, 2, 3], [3, 2, 4], [4, 1, 3], [4, 1, 4], [4, 2, 3], [4, 2, 4], [5, 1, 3], [5, 1, 4], [5, 2, 3], [5, 2, 4], [6, 1, 3], [6, 1, 4], [6, 2, 3], [6, 2, 4], [6, 1, 2], 0, [6, 1, 1], [2, 1, 2], [5, 1, 2], [2, 1, 1], [5, 1, 1], [6, 2, 2], [6, 2, 1], [2, 2, 2], [5, 2, 2], [2, 2, 1], [5, 2, 1], [4, 1, 2], [4, 1, 1], [1, 1, 2], [1, 1, 1], [3, 1, 2], [3, 1, 1], [4, 2, 2], [4, 2, 1], [1, 2, 2], [1, 2, 1], [3, 2, 2], [3, 2, 1]]
14	-4.81833	43.31217	57	57	12	familyII	[[1, 1, 4], [1, 2, 4], [2, 1, 4], [2, 2, 4], [3, 1, 4], [3, 2, 4], [4, 1, 4], [4, 2, 4], [5, 1, 4], [5, 2, 4], [6, 1, 4], [6, 2, 4], [6, 1, 3], 0, [6, 1, 2], [1, 1, 3], [5, 1, 3], [6, 1, 1], [1, 1, 2], [5, 1, 2], [1, 1, 1], [5, 1, 1], [4, 1, 3], [2, 1, 3], [4, 1, 2], [2, 1, 2], [3, 1, 3], [6, 2, 3], [4, 1, 1], [2, 1, 1], [3, 1, 2], [6, 2, 2], [1, 2, 3], [5, 2, 3], [3, 1, 1], [6, 2, 1], [1, 2, 2], [5, 2, 2], [1, 2, 1], [5, 2, 1], [4, 2, 3], [2, 2, 3], [4, 2, 2], [2, 2, 2], [3, 2, 3], [4, 2, 1], [2, 2, 1], [3, 2, 2], [3, 2, 1]]
15	-4.81968	43.31444	57	60	12	familyI	[[1, 1, 2], [1, 1, 3], [1, 1, 4], [1, 2, 2], [1, 2, 3], [1, 2, 4], [2, 1, 2], [2, 1, 3], [2, 1, 4], [2, 2, 2], [2, 2, 3], [2, 2, 4], [3, 1, 2], [3, 1, 3], [3, 1, 4], [3, 2, 2], [3, 2, 3], [3, 2, 4], [4, 1, 2], [4, 1, 3], [4, 1, 4], [4, 2, 2], [4, 2, 3], [4, 2, 4], [5, 1, 2], [5, 1, 3], [5, 1, 4], [5, 2, 2], [5, 2, 3], [5, 2, 4], [6, 1, 2], [6, 1, 3], [6, 1, 4], [6, 2, 2], [6, 2, 3], [6, 2, 4], [6, 1, 1], 0, [5, 1, 1], [3, 1, 1], [6, 2, 1], [5, 2, 1], [1, 1, 1], [3, 2, 1], [1, 2, 1], [2, 1, 1], [4, 1, 1], [2, 2, 1], [4, 2, 1]]
16	-4.81762	43.31437	57	61	12	familyII	[[1, 1, 4], [1, 2, 4], [2, 1, 4], [2, 2, 4], [3, 1, 4], [3, 2, 4], [4, 1, 4], [4, 2, 4], [5, 1, 4], [5, 2, 4], [6, 1, 4], [6, 2, 4], [5, 2, 3], 0, [1, 2, 3], [6, 2, 3], [5, 2, 2], [1, 2, 2], [6, 2, 2], [5, 2, 1], [1, 2, 1], [6, 2, 1], [3, 2, 3], [2, 2, 3], [4, 2, 3], [3, 2, 2], [2, 2, 2], [4, 2, 2], [5, 1, 3], [1, 1, 3], [3, 2, 1], [2, 2, 1], [6, 1, 3], [4, 2, 1], [5, 1, 2], [1, 1, 2], [6, 1, 2], [5, 1, 1], [1, 1, 1], [6, 1, 1], [3, 1, 3], [2, 1, 3], [4, 1, 3], [3, 1, 2], [2, 1, 2], [4, 1, 2], [3, 1, 1], [2, 1, 1], [4, 1, 1]]
17	-4.83028	43.29567	57	25	12	pensionerII	[[1, 1, 3], [1, 1, 4], [1, 2, 3], [1, 2, 4], [2, 1, 3], [2, 1, 4], [2, 2, 3], [2, 2, 4], [3, 1, 3], [3, 1, 4], [3, 2, 3], [3, 2, 4], [4, 1, 3], [4, 1, 4], [4, 2, 3], [4, 2, 4], [5, 1, 3], [5, 1, 4], [5, 2, 3], [5, 2, 4], [6, 1, 3], [6, 1, 4], [6, 2, 3], [6, 2, 4], [6, 2, 2], 0, [6, 2, 1], [2, 2, 2], [2, 2, 1], [5, 2, 2], [5, 2, 1], [6, 1, 2], [3, 2, 2], [6, 1, 1], [3, 2, 1], [1, 2, 2], [2, 1, 2], [1, 2, 1], [2, 1, 1], [5, 1, 2], [5, 1, 1], [4, 2, 2], [4, 2, 1], [3, 1, 2], [3, 1, 1], [1, 1, 2], [1, 1, 1], [4, 1, 2], [4, 1, 1]]
18	-4.81896	43.29265	57	32	12	pensionerII	[[1, 1, 3], [1, 1, 4], [1, 2, 3], [1, 2, 4], [2, 1, 3], [2, 1, 4], [2, 2, 3], [2, 2, 4], [3, 1, 3], [3, 1, 4], [3, 2, 3], [3, 2, 4], [4, 1, 3], [4, 1, 4], [4, 2, 3], [4, 2, 4], [5, 1, 3], [5, 1, 4], [5, 2, 3], [5, 2, 4], [6, 1, 3], [6, 1, 4], [6, 2, 3], [6, 2, 4], [2, 2, 2], 0, [2, 2, 1], [5, 2, 2], [5, 2, 1], [6, 2, 2], [6, 2, 1], [2, 1, 2], [2, 1, 1], [1, 2, 2], [1, 2, 1], [3, 2, 2], [5, 1, 2], [3, 2, 1], [5, 1, 1], [4, 2, 2], [4, 2, 1], [6, 1, 2], [6, 1, 1], [1, 1, 2], [1, 1, 1], [3, 1, 2], [3, 1, 1], [4, 1, 2], [4, 1, 1]]
19	-4.82552	43.29265	57	54	12	businessI	[[1, 1, 4], [1, 2, 4], [2, 1, 4], [2, 2, 4], [3, 1, 1], [3, 1, 2], [3, 1, 3], [3, 1, 4], [3, 2, 1], [3, 2, 2], [3, 2, 3], [3, 2, 4], [4, 1, 1], [4, 1, 2], [4, 1, 3], [4, 1, 4], [4, 2, 1], [4, 2, 2], [4, 2, 3], [4, 2, 4], [5, 1, 4], [5, 2, 4], [6, 1, 4], [6, 2, 4], [6, 1, 3], 0, [2, 1, 3], [6, 1, 2], [2, 1, 2], [6, 1, 1], [5, 1, 3], [2, 1, 1], [5, 1, 2], [5, 1, 1], [1, 1, 3], [1, 1, 2], [1, 1, 1], [6, 2, 3], [2, 2, 3], [6, 2, 2], [2, 2, 2], [6, 2, 1], [5, 2, 3], [2, 2, 1], [5, 2, 2], [5, 2, 1], [1, 2, 3], [1, 2, 2], [1, 2, 1]]
20	-4.82288	43.29703	57	50	12	businessI	[[1, 1, 4], [1, 2, 4], [2, 1, 4], [2, 2, 4], [3, 1, 1], [3, 1, 2], [3, 1, 3], [3, 1, 4], [3, 2, 1], [3, 2, 2], [3, 2, 3], [3, 2, 4], [4, 1, 1], [4, 1, 2], [4, 1, 3], [4, 1, 4], [4, 2, 1], [4, 2, 2], [4, 2, 3], [4, 2, 4], [5, 1, 4], [5, 2, 4], [6, 1, 4], [6, 2, 4], [1, 2, 3], 0, [1, 2, 2], [2, 2, 3], [1, 2, 1], [2, 2, 2], [2, 2, 1], [6, 2, 3], [6, 2, 2], [6, 2, 1], [5, 2, 3], [5, 2, 2], [5, 2, 1], [1, 1, 3], [1, 1, 2], [2, 1, 3], [1, 1, 1], [2, 1, 2], [2, 1, 1], [6, 1, 3], [6, 1, 2], [6, 1, 1], [5, 1, 3], [5, 1, 2], [5, 1, 1]]
21	-4.84592	43.29495	57	29	12	pensionerI	[[1, 1, 2], [1, 1, 3], [1, 1, 4], [1, 2, 2], [1, 2, 3], [1, 2, 4], [2, 1, 2], [2, 1, 3], [2, 1, 4], [2, 2, 2], [2, 2, 3], [2, 2, 4], [3, 1, 2], [3, 1, 3], [3, 1, 4], [3, 2, 2], [3, 2, 3], [3, 2, 4], [4, 1, 2], [4, 1, 3], [4, 1, 4], [4, 2, 2], [4, 2, 3], [4, 2, 4], [5, 1, 2], [5, 1, 3], [5, 1, 4], [5, 2, 2], [5, 2, 3], [5, 2, 4], [6, 1, 2], [6, 1, 3], [6, 1, 4], [6, 2, 2], [6, 2, 3], [6, 2, 4], [5, 2, 1], 0, [4, 2, 1], [1, 2, 1], [2, 2, 1], [3, 2, 1], [6, 2, 1], [5, 1, 1], [4, 1, 1], [1, 1, 1], [2, 1, 1], [3, 1, 1], [6, 1, 1]]
22	-4.77204	43.36151	52	40	12	familyII	[[1, 1, 4], [1, 2, 4], [2, 1, 4], [2, 2, 4], [3, 1, 4], [3, 2, 4], [4, 1, 4], [4, 2, 4], [5, 1, 4], [5, 2, 4], [6, 1, 4], [6, 2, 4], [5, 1, 3], 0, [6, 1, 3], [1, 1, 3], [5, 1, 2], [6, 1, 2], [5, 2, 3], [1, 1, 2], [6, 2, 3], [5, 1, 1], [1, 2, 3], [6, 1, 1], [5, 2, 2], [1, 1, 1], [6, 2, 2], [1, 2, 2], [5, 2, 1], [6, 2, 1], [1, 2, 1], [4, 1, 3], [2, 1, 3], [3, 1, 3], [4, 1, 2], [2, 1, 2], [4, 2, 3], [2, 2, 3], [3, 1, 2], [4, 1, 1], [2, 1, 1], [3, 2, 3], [4, 2, 2], [2, 2, 2], [3, 1, 1], [3, 2, 2], [4, 2, 1], [2, 2, 1], [3, 2, 1]]
23	-4.77425	43.36465	52	55	12	familyI	[[1, 1, 2], [1, 1, 3], [1, 1, 4], [1, 2, 2], [1, 2, 3], [1, 2, 4], [2, 1, 2], [2, 1, 3], [2, 1, 4], [2, 2, 2], [2, 2, 3], [2, 2, 4], [3, 1, 2], [3, 1, 3], [3, 1, 4], [3, 2, 2], [3, 2, 3], [3, 2, 4], [4, 1, 2], [4, 1, 3], [4, 1, 4], [4, 2, 2], [4, 2, 3], [4, 2, 4], [5, 1, 2], [5, 1, 3], [5, 1, 4], [5, 2, 2], [5, 2, 3], [5, 2, 4], [6, 1, 2], [6, 1, 3], [6, 1, 4], [6, 2, 2], [6, 2, 3], [6, 2, 4], [3, 1, 1], 0, [1, 1, 1], [6, 1, 1], [5, 1, 1], [3, 2, 1], [1, 2, 1], [6, 2, 1], [5, 2, 1], [2, 1, 1], [4, 1, 1], [2, 2, 1], [4, 2, 1]]
24	-4.76612	43.36657	52	33	12	pensionerII	[[1, 1, 3], [1, 1, 4], [1, 2, 3], [1, 2, 4], [2, 1, 3], [2, 1, 4], [2, 2, 3], [2, 2, 4], [3, 1, 3], [3, 1, 4], [3, 2, 3], [3, 2, 4], [4, 1, 3], [4, 1, 4], [4, 2, 3], [4, 2, 4], [5, 1, 3], [5, 1, 4], [5, 2, 3], [5, 2, 4], [6, 1, 3], [6, 1, 4], [6, 2, 3], [6, 2, 4], [2, 2, 2], 0, [2, 2, 1], [6, 2, 2], [6, 2, 1], [5, 2, 2], [5, 2, 1], [2, 1, 2], [4, 2, 2], [2, 1, 1], [4, 2, 1], [3, 2, 2], [1, 2, 2], [3, 2, 1], [1, 2, 1], [6, 1, 2], [6, 1, 1], [5, 1, 2], [5, 1, 1], [4, 1, 2], [4, 1, 1], [3, 1, 2], [1, 1, 2], [3, 1, 1], [1, 1, 1]]
25	-4.77303	43.33787	52	34	12	pensionerII	[[1, 1, 3], [1, 1, 4], [1, 2, 3], [1, 2, 4], [2, 1, 3], [2, 1, 4], [2, 2, 3], [2, 2, 4], [3, 1, 3], [3, 1, 4], [3, 2, 3], [3, 2, 4], [4, 1, 3], [4, 1, 4], [4, 2, 3], [4, 2, 4], [5, 1, 3], [5, 1, 4], [5, 2, 3], [5, 2, 4], [6, 1, 3], [6, 1, 4], [6, 2, 3], [6, 2, 4], [6, 1, 2], 0, [6, 1, 1], [6, 2, 2], [6, 2, 1], [2, 1, 2], [2, 1, 1], [2, 2, 2], [2, 2, 1], [5, 1, 2], [5, 1, 1], [5, 2, 2], [5, 2, 1], [3, 1, 2], [3, 1, 1], [4, 1, 2], [4, 1, 1], [1, 1, 2], [3, 2, 2], [1, 1, 1], [3, 2, 1], [4, 2, 2], [4, 2, 1], [1, 2, 2], [1, 2, 1]]
26	-4.7651	43.33875	52	66	12	familyI	[[1, 1, 2], [1, 1, 3], [1, 1, 4], [1, 2, 2], [1, 2, 3], [1, 2, 4], [2, 1, 2], [2, 1, 3], [2, 1, 4], [2, 2, 2], [2, 2, 3], [2, 2, 4], [3, 1, 2], [3, 1, 3], [3, 1, 4], [3, 2, 2], [3, 2, 3], [3, 2, 4], [4, 1, 2], [4, 1, 3], [4, 1, 4], [4, 2, 2], [4, 2, 3], [4, 2, 4], [5, 1, 2], [5, 1, 3], [5, 1, 4], [5, 2, 2], [5, 2, 3], [5, 2, 4], [6, 1, 2], [6, 1, 3], [6, 1, 4], [6, 2, 2], [6, 2, 3], [6, 2, 4], [1, 2, 1], 0, [1, 1, 1], [5, 2, 1], [5, 1, 1], [3, 2, 1], [3, 1, 1], [6, 2, 1], [6, 1, 1], [2, 2, 1], [2, 1, 1], [4, 2, 1], [4, 1, 1]]
27	-4.77962	43.33639	52	34	12	pensionerII	[[1, 1, 3], [1, 1, 4], [1, 2, 3], [1, 2, 4], [2, 1, 3], [2, 1, 4], [2, 2, 3], [2, 2, 4], [3, 1, 3], [3, 1, 4], [3, 2, 3], [3, 2, 4], [4, 1, 3], [4, 1, 4], [4, 2, 3], [4, 2, 4], [5, 1, 3], [5, 1, 4], [5, 2, 3], [5, 2, 4], [6, 1, 3], [6, 1, 4], [6, 2, 3], [6, 2, 4], [5, 2, 2], 0, [5, 2, 1], [2, 2, 2], [2, 2, 1], [6, 2, 2], [6, 2, 1], [5, 1, 2], [5, 1, 1], [2, 1, 2], [2, 1, 1], [6, 1, 2], [6, 1, 1], [4, 2, 2], [4, 2, 1], [1, 2, 2], [1, 2, 1], [3, 2, 2], [3, 2, 1], [4, 1, 2], [4, 1, 1], [1, 1, 2], [1, 1, 1], [3, 1, 2], [3, 1, 1]]
28	-4.76143	43.33485	52	40	12	businessI	[[1, 1, 4], [1, 2, 4], [2, 1, 4], [2, 2, 4], [3, 1, 1], [3, 1, 2], [3, 1, 3], [3, 1, 4], [3, 2, 1], [3, 2, 2], [3, 2, 3], [3, 2, 4], [4, 1, 1], [4, 1, 2], [4, 1, 3], [4, 1, 4], [4, 2, 1], [4, 2, 2], [4, 2, 3], [4, 2, 4], [5, 1, 4], [5, 2, 4], [6, 1, 4], [6, 2, 4], [1, 1, 3], 0, [6, 1, 3], [1, 1, 2], [6, 1, 2], [2, 1, 3], [1, 1, 1], [6, 1, 1], [2, 1, 2], [5, 1, 3], [2, 1, 1], [5, 1, 2], [5, 1, 1], [1, 2, 3], [6, 2, 3], [1, 2, 2], [6, 2, 2], [2, 2, 3], [1, 2, 1], [6, 2, 1], [2, 2, 2], [5, 2, 3], [2, 2, 1], [5, 2, 2], [5, 2, 1]]
29	-4.78195	43.3474	52	35	12	pensionerI	[[1, 1, 2], [1, 1, 3], [1, 1, 4], [1, 2, 2], [1, 2, 3], [1, 2, 4], [2, 1, 2], [2, 1, 3], [2, 1, 4], [2, 2, 2], [2, 2, 3], [2, 2, 4], [3, 1, 2], [3, 1, 3], [3, 1, 4], [3, 2, 2], [3, 2, 3], [3, 2, 4], [4, 1, 2], [4, 1, 3], [4, 1, 4], [4, 2, 2], [4, 2, 3], [4, 2, 4], [5, 1, 2], [5, 1, 3], [5, 1, 4], [5, 2, 2], [5, 2, 3], [5, 2, 4], [6, 1, 2], [6, 1, 3], [6, 1, 4], [6, 2, 2], [6, 2, 3], [6, 2, 4], [5, 1, 1], 0, [1, 1, 1], [4, 1, 1], [6, 1, 1], [5, 2, 1], [3, 1, 1], [1, 2, 1], [4, 2, 1], [6, 2, 1], [3, 2, 1], [2, 1, 1], [2, 2, 1]]
30	-4.77865	43.35046	52	50	12	businessI	[[1, 1, 4], [1, 2, 4], [2, 1, 4], [2, 2, 4], [3, 1, 1], [3, 1, 2], [3, 1, 3], [3, 1, 4], [3, 2, 1], [3, 2, 2], [3, 2, 3], [3, 2, 4], [4, 1, 1], [4, 1, 2], [4, 1, 3], [4, 1, 4], [4, 2, 1], [4, 2, 2], [4, 2, 3], [4, 2, 4], [5, 1, 4], [5, 2, 4], [6, 1, 4], [6, 2, 4], [5, 2, 3], 0, [5, 2, 2], [6, 2, 3], [5, 2, 1], [6, 2, 2], [6, 2, 1], [1, 2, 3], [1, 2, 2], [1, 2, 1], [2, 2, 3], [2, 2, 2], [2, 2, 1], [5, 1, 3], [5, 1, 2], [6, 1, 3], [5, 1, 1], [6, 1, 2], [6, 1, 1], [1, 1, 3], [1, 1, 2], [1, 1, 1], [2, 1, 3], [2, 1, 2], [2, 1, 1]]
31	-4.80348	43.34736	52	57	12	familyII	[[1, 1, 4], [1, 2, 4], [2, 1, 4], [2, 2, 4], [3, 1, 4], [3, 2, 4], [4, 1, 4], [4, 2, 4], [5, 1, 4], [5, 2, 4], [6, 1, 4], [6, 2, 4], [6, 1, 3], 0, [1, 1, 3], [6, 1, 2], [5, 1, 3], [1, 1, 2], [6, 1, 1], [5, 1, 2], [1, 1, 1], [5, 1, 1], [6, 2, 3], [1, 2, 3], [6, 2, 2], [5, 2, 3], [1, 2, 2], [6, 2, 1], [5, 2, 2], [4, 1, 3], [1, 2, 1], [3, 1, 3], [2, 1, 3], [5, 2, 1], [4, 1, 2], [3, 1, 2], [2, 1, 2], [4, 1, 1], [3, 1, 1], [2, 1, 1], [4, 2, 3], [3, 2, 3], [2, 2, 3], [4, 2, 2], [3, 2, 2], [2, 2, 2], [4, 2, 1], [3, 2, 1], [2, 2, 1]]
32	-4.79129	43.33698	52	36	12	pensionerII	[[1, 1, 3], [1, 1, 4], [1, 2, 3], [1, 2, 4], [2, 1, 3], [2, 1, 4], [2, 2, 3], [2, 2, 4], [3, 1, 3], [3, 1, 4], [3, 2, 3], [3, 2, 4], [4, 1, 3], [4, 1, 4], [4, 2, 3], [4, 2, 4], [5, 1, 3], [5, 1, 4], [5, 2, 3], [5, 2, 4], [6, 1, 3], [6, 1, 4], [6, 2, 3], [6, 2, 4], [2, 2, 2], 0, [6, 2, 2], [2, 2, 1], [5, 2, 2], [6, 2, 1], [5, 2, 1], [2, 1, 2], [6, 1, 2], [2, 1, 1], [5, 1, 2], [6, 1, 1], [5, 1, 1], [3, 2, 2], [3, 2, 1], [4, 2, 2], [4, 2, 1], [3, 1, 2], [3, 1, 1], [1, 2, 2], [1, 2, 1], [4, 1, 2], [4, 1, 1], [1, 1, 2], [1, 1, 1]]
33	-4.78792	43.36294	52	65	12	familyII	[[1, 1, 4], [1, 2, 4], [2, 1, 4], [2, 2, 4], [3, 1, 4], [3, 2, 4], [4, 1, 4], [4, 2, 4], [5, 1, 4], [5, 2, 4], [6, 1, 4], [6, 2, 4], [5, 1, 3], 0, [6, 1, 3], [1, 1, 3], [5, 1, 2], [6, 1, 2], [1, 1, 2], [5, 1, 1], [6, 1, 1], [1, 1, 1], [5, 2, 3], [6, 2, 3], [4, 1, 3], [1, 2, 3], [5, 2, 2], [3, 1, 3], [2, 1, 3], [6, 2, 2], [4, 1, 2], [1, 2, 2], [5, 2, 1], [3, 1, 2], [2, 1, 2], [6, 2, 1], [4, 1, 1], [1, 2, 1], [3, 1, 1], [2, 1, 1], [4, 2, 3], [3, 2, 3], [2, 2, 3], [4, 2, 2], [3, 2, 2], [2, 2, 2], [4, 2, 1], [3, 2, 1], [2, 2, 1]]
34	-4.78417	43.31737	52	30	12	pensionerII	[[1, 1, 3], [1, 1, 4], [1, 2, 3], [1, 2, 4], [2, 1, 3], [2, 1, 4], [2, 2, 3], [2, 2, 4], [3, 1, 3], [3, 1, 4], [3, 2, 3], [3, 2, 4], [4, 1, 3], [4, 1, 4], [4, 2, 3], [4, 2, 4], [5, 1, 3], [5, 1, 4], [5, 2, 3], [5, 2, 4], [6, 1, 3], [6, 1, 4], [6, 2, 3], [6, 2, 4], [5, 2, 2], 0, [5, 2, 1], [6, 2, 2], [6, 2, 1], [2, 2, 2], [2, 2, 1], [4, 2, 2], [4, 2, 1], [5, 1, 2], [5, 1, 1], [6, 1, 2], [6, 1, 1], [2, 1, 2], [2, 1, 1], [1, 2, 2], [1, 2, 1], [3, 2, 2], [3, 2, 1], [4, 1, 2], [4, 1, 1], [1, 1, 2], [1, 1, 1], [3, 1, 2], [3, 1, 1]]
35	-4.77742	43.36697	52	78	12	familyII	[[1, 1, 4], [1, 2, 4], [2, 1, 4], [2, 2, 4], [3, 1, 4], [3, 2, 4], [4, 1, 4], [4, 2, 4], [5, 1, 4], [5, 2, 4], [6, 1, 4], [6, 2, 4], [1, 1, 3], 0, [5, 1, 3], [1, 1, 2], [5, 1, 2], [6, 1, 3], [1, 1, 1], [5, 1, 1], [1, 2, 3], [5, 2, 3], [6, 1, 2], [1, 2, 2], [5, 2, 2], [6, 1, 1], [6, 2, 3], [1, 2, 1], [5, 2, 1], [6, 2, 2], [3, 1, 3], [2, 1, 3], [6, 2, 1], [3, 1, 2], [2, 1, 2], [4, 1, 3], [3, 1, 1], [3, 2, 3], [2, 1, 1], [4, 1, 2], [2, 2, 3], [3, 2, 2], [4, 1, 1], [2, 2, 2], [4, 2, 3], [3, 2, 1], [2, 2, 1], [4, 2, 2], [4, 2, 1]]
36	-4.75491	43.34752	52	74	12	familyII	[[1, 1, 4], [1, 2, 4], [2, 1, 4], [2, 2, 4], [3, 1, 4], [3, 2, 4], [4, 1, 4], [4, 2, 4], [5, 1, 4], [5, 2, 4], [6, 1, 4], [6, 2, 4], [5, 1, 3], 0, [6, 1, 3], [1, 1, 3], [5, 1, 2], [6, 1, 2], [1, 1, 2], [5, 1, 1], [5, 2, 3], [6, 1, 1], [6, 2, 3], [1, 1, 1], [1, 2, 3], [5, 2, 2], [6, 2, 2], [1, 2, 2], [5, 2, 1], [6, 2, 1], [1, 2, 1], [2, 1, 3], [2, 1, 2], [3, 1, 3], [4, 1, 3], [2, 1, 1], [2, 2, 3], [3, 1, 2], [4, 1, 2], [2, 2, 2], [3, 1, 1], [3, 2, 3], [4, 1, 1], [4, 2, 3], [2, 2, 1], [3, 2, 2], [4, 2, 2], [3, 2, 1], [4, 2, 1]]