S3n36d2w6-120p5-4-8c3_1679305592

DAYS
2

WINDOWS
1	480	600
2	600	720
3	720	840
4	840	960
5	960	1080
6	1080	1200

FEES
1	5
2	6
3	7
4	8

CLUSTERS
CLUST NO.	LONCOORD.	LATCOORD.

51	-4.87416	43.3423
52	-4.7807	43.3423
57	-4.82743	43.31532

CUSTOMERS
CUST NO.	LONCOORD.	LATCOORD.	CLUST NO.	BASKET.	SERVICE TIME.	SEGMENT.	PREF LIST.
0	-4.82743	43.31532	0	0	0	0	0
1	-4.83908	43.30099	57	75	12	familyI	[[1, 1, 2], [1, 1, 3], [1, 1, 4], [1, 2, 2], [1, 2, 3], [1, 2, 4], [2, 1, 2], [2, 1, 3], [2, 1, 4], [2, 2, 2], [2, 2, 3], [2, 2, 4], [3, 1, 2], [3, 1, 3], [3, 1, 4], [3, 2, 2], [3, 2, 3], [3, 2, 4], [4, 1, 2], [4, 1, 3], [4, 1, 4], [4, 2, 2], [4, 2, 3], [4, 2, 4], [5, 1, 2], [5, 1, 3], [5, 1, 4], [5, 2, 2], [5, 2, 3], [5, 2, 4], [6, 1, 2], [6, 1, 3], [6, 1, 4], [6, 2, 2], [6, 2, 3], [6, 2, 4], [5, 2, 1], 0, [6, 2, 1], [3, 2, 1], [5, 1, 1], [1, 2, 1], [6, 1, 1], [3, 1, 1], [1, 1, 1], [2, 2, 1], [4, 2, 1], [2, 1, 1], [4, 1, 1]]
2	-4.82892	43.30871	57	54	12	businessI	[[1, 1, 4], [1, 2, 4], [2, 1, 4], [2, 2, 4], [3, 1, 1], [3, 1, 2], [3, 1, 3], [3, 1, 4], [3, 2, 1], [3, 2, 2], [3, 2, 3], [3, 2, 4], [4, 1, 1], [4, 1, 2], [4, 1, 3], [4, 1, 4], [4, 2, 1], [4, 2, 2], [4, 2, 3], [4, 2, 4], [5, 1, 4], [5, 2, 4], [6, 1, 4], [6, 2, 4], [5, 1, 3], 0, [5, 1, 2], [2, 1, 3], [5, 1, 1], [1, 1, 3], [2, 1, 2], [1, 1, 2], [2, 1, 1], [1, 1, 1], [6, 1, 3], [6, 1, 2], [6, 1, 1], [5, 2, 3], [5, 2, 2], [2, 2, 3], [5, 2, 1], [1, 2, 3], [2, 2, 2], [1, 2, 2], [2, 2, 1], [1, 2, 1], [6, 2, 3], [6, 2, 2], [6, 2, 1]]
3	-4.83551	43.30956	57	20	12	pensionerII	[[1, 1, 3], [1, 1, 4], [1, 2, 3], [1, 2, 4], [2, 1, 3], [2, 1, 4], [2, 2, 3], [2, 2, 4], [3, 1, 3], [3, 1, 4], [3, 2, 3], [3, 2, 4], [4, 1, 3], [4, 1, 4], [4, 2, 3], [4, 2, 4], [5, 1, 3], [5, 1, 4], [5, 2, 3], [5, 2, 4], [6, 1, 3], [6, 1, 4], [6, 2, 3], [6, 2, 4], [2, 1, 2], 0, [6, 1, 2], [2, 1, 1], [6, 1, 1], [5, 1, 2], [5, 1, 1], [1, 1, 2], [1, 1, 1], [4, 1, 2], [4, 1, 1], [2, 2, 2], [6, 2, 2], [2, 2, 1], [6, 2, 1], [3, 1, 2], [3, 1, 1], [5, 2, 2], [5, 2, 1], [1, 2, 2], [1, 2, 1], [4, 2, 2], [4, 2, 1], [3, 2, 2], [3, 2, 1]]
4	-4.83029	43.31237	57	30	12	pensionerII	[[1, 1, 3], [1, 1, 4], [1, 2, 3], [1, 2, 4], [2, 1, 3], [2, 1, 4], [2, 2, 3], [2, 2, 4], [3, 1, 3], [3, 1, 4], [3, 2, 3], [3, 2, 4], [4, 1, 3], [4, 1, 4], [4, 2, 3], [4, 2, 4], [5, 1, 3], [5, 1, 4], [5, 2, 3], [5, 2, 4], [6, 1, 3], [6, 1, 4], [6, 2, 3], [6, 2, 4], [5, 1, 2], 0, [5, 1, 1], [2, 1, 2], [6, 1, 2], [2, 1, 1], [6, 1, 1], [3, 1, 2], [3, 1, 1], [1, 1, 2], [1, 1, 1], [5, 2, 2], [5, 2, 1], [2, 2, 2], [6, 2, 2], [2, 2, 1], [6, 2, 1], [4, 1, 2], [4, 1, 1], [3, 2, 2], [3, 2, 1], [1, 2, 2], [1, 2, 1], [4, 2, 2], [4, 2, 1]]
5	-4.8294	43.31376	57	44	12	businessI	[[1, 1, 4], [1, 2, 4], [2, 1, 4], [2, 2, 4], [3, 1, 1], [3, 1, 2], [3, 1, 3], [3, 1, 4], [3, 2, 1], [3, 2, 2], [3, 2, 3], [3, 2, 4], [4, 1, 1], [4, 1, 2], [4, 1, 3], [4, 1, 4], [4, 2, 1], [4, 2, 2], [4, 2, 3], [4, 2, 4], [5, 1, 4], [5, 2, 4], [6, 1, 4], [6, 2, 4], [6, 2, 3], 0, [5, 2, 3], [2, 2, 3], [6, 2, 2], [5, 2, 2], [2, 2, 2], [6, 2, 1], [5, 2, 1], [2, 2, 1], [1, 2, 3], [6, 1, 3], [5, 1, 3], [2, 1, 3], [1, 2, 2], [6, 1, 2], [5, 1, 2], [2, 1, 2], [1, 2, 1], [6, 1, 1], [5, 1, 1], [2, 1, 1], [1, 1, 3], [1, 1, 2], [1, 1, 1]]
6	-4.80707	43.29747	57	28	12	pensionerI	[[1, 1, 2], [1, 1, 3], [1, 1, 4], [1, 2, 2], [1, 2, 3], [1, 2, 4], [2, 1, 2], [2, 1, 3], [2, 1, 4], [2, 2, 2], [2, 2, 3], [2, 2, 4], [3, 1, 2], [3, 1, 3], [3, 1, 4], [3, 2, 2], [3, 2, 3], [3, 2, 4], [4, 1, 2], [4, 1, 3], [4, 1, 4], [4, 2, 2], [4, 2, 3], [4, 2, 4], [5, 1, 2], [5, 1, 3], [5, 1, 4], [5, 2, 2], [5, 2, 3], [5, 2, 4], [6, 1, 2], [6, 1, 3], [6, 1, 4], [6, 2, 2], [6, 2, 3], [6, 2, 4], [6, 1, 1], 0, [2, 1, 1], [3, 1, 1], [4, 1, 1], [5, 1, 1], [6, 2, 1], [2, 2, 1], [3, 2, 1], [4, 2, 1], [5, 2, 1], [1, 1, 1], [1, 2, 1]]
7	-4.83147	43.29142	57	38	12	pensionerI	[[1, 1, 2], [1, 1, 3], [1, 1, 4], [1, 2, 2], [1, 2, 3], [1, 2, 4], [2, 1, 2], [2, 1, 3], [2, 1, 4], [2, 2, 2], [2, 2, 3], [2, 2, 4], [3, 1, 2], [3, 1, 3], [3, 1, 4], [3, 2, 2], [3, 2, 3], [3, 2, 4], [4, 1, 2], [4, 1, 3], [4, 1, 4], [4, 2, 2], [4, 2, 3], [4, 2, 4], [5, 1, 2], [5, 1, 3], [5, 1, 4], [5, 2, 2], [5, 2, 3], [5, 2, 4], [6, 1, 2], [6, 1, 3], [6, 1, 4], [6, 2, 2], [6, 2, 3], [6, 2, 4], [3, 2, 1], 0, [1, 2, 1], [2, 2, 1], [3, 1, 1], [1, 1, 1], [2, 1, 1], [4, 2, 1], [4, 1, 1], [6, 2, 1], [6, 1, 1], [5, 2, 1], [5, 1, 1]]
8	-4.83362	43.31098	57	54	12	businessI	[[1, 1, 4], [1, 2, 4], [2, 1, 4], [2, 2, 4], [3, 1, 1], [3, 1, 2], [3, 1, 3], [3, 1, 4], [3, 2, 1], [3, 2, 2], [3, 2, 3], [3, 2, 4], [4, 1, 1], [4, 1, 2], [4, 1, 3], [4, 1, 4], [4, 2, 1], [4, 2, 2], [4, 2, 3], [4, 2, 4], [5, 1, 4], [5, 2, 4], [6, 1, 4], [6, 2, 4], [6, 2, 3], 0, [2, 2, 3], [6, 2, 2], [2, 2, 2], [5, 2, 3], [6, 2, 1], [2, 2, 1], [5, 2, 2], [1, 2, 3], [5, 2, 1], [1, 2, 2], [1, 2, 1], [6, 1, 3], [2, 1, 3], [6, 1, 2], [2, 1, 2], [5, 1, 3], [6, 1, 1], [2, 1, 1], [5, 1, 2], [1, 1, 3], [5, 1, 1], [1, 1, 2], [1, 1, 1]]
9	-4.80612	43.30521	57	50	12	businessII	[[1, 1, 4], [1, 2, 4], [2, 1, 1], [2, 1, 2], [2, 1, 3], [2, 1, 4], [2, 2, 1], [2, 2, 2], [2, 2, 3], [2, 2, 4], [3, 1, 1], [3, 1, 2], [3, 1, 3], [3, 1, 4], [3, 2, 1], [3, 2, 2], [3, 2, 3], [3, 2, 4], [4, 1, 1], [4, 1, 2], [4, 1, 3], [4, 1, 4], [4, 2, 1], [4, 2, 2], [4, 2, 3], [4, 2, 4], [5, 1, 1], [5, 1, 2], [5, 1, 3], [5, 1, 4], [5, 2, 1], [5, 2, 2], [5, 2, 3], [5, 2, 4], [6, 1, 4], [6, 2, 4], [1, 1, 3], 0, [1, 1, 2], [1, 1, 1], [6, 1, 3], [6, 1, 2], [6, 1, 1], [1, 2, 3], [1, 2, 2], [1, 2, 1], [6, 2, 3], [6, 2, 2], [6, 2, 1]]
10	-4.83301	43.29858	57	78	12	familyI	[[1, 1, 2], [1, 1, 3], [1, 1, 4], [1, 2, 2], [1, 2, 3], [1, 2, 4], [2, 1, 2], [2, 1, 3], [2, 1, 4], [2, 2, 2], [2, 2, 3], [2, 2, 4], [3, 1, 2], [3, 1, 3], [3, 1, 4], [3, 2, 2], [3, 2, 3], [3, 2, 4], [4, 1, 2], [4, 1, 3], [4, 1, 4], [4, 2, 2], [4, 2, 3], [4, 2, 4], [5, 1, 2], [5, 1, 3], [5, 1, 4], [5, 2, 2], [5, 2, 3], [5, 2, 4], [6, 1, 2], [6, 1, 3], [6, 1, 4], [6, 2, 2], [6, 2, 3], [6, 2, 4], [5, 1, 1], 0, [6, 1, 1], [3, 1, 1], [1, 1, 1], [5, 2, 1], [6, 2, 1], [3, 2, 1], [1, 2, 1], [4, 1, 1], [2, 1, 1], [4, 2, 1], [2, 2, 1]]
11	-4.80636	43.30498	57	24	12	pensionerI	[[1, 1, 2], [1, 1, 3], [1, 1, 4], [1, 2, 2], [1, 2, 3], [1, 2, 4], [2, 1, 2], [2, 1, 3], [2, 1, 4], [2, 2, 2], [2, 2, 3], [2, 2, 4], [3, 1, 2], [3, 1, 3], [3, 1, 4], [3, 2, 2], [3, 2, 3], [3, 2, 4], [4, 1, 2], [4, 1, 3], [4, 1, 4], [4, 2, 2], [4, 2, 3], [4, 2, 4], [5, 1, 2], [5, 1, 3], [5, 1, 4], [5, 2, 2], [5, 2, 3], [5, 2, 4], [6, 1, 2], [6, 1, 3], [6, 1, 4], [6, 2, 2], [6, 2, 3], [6, 2, 4], [6, 1, 1], 0, [2, 1, 1], [3, 1, 1], [1, 1, 1], [4, 1, 1], [6, 2, 1], [2, 2, 1], [3, 2, 1], [1, 2, 1], [4, 2, 1], [5, 1, 1], [5, 2, 1]]
12	-4.8471	43.2991	57	58	12	familyI	[[1, 1, 2], [1, 1, 3], [1, 1, 4], [1, 2, 2], [1, 2, 3], [1, 2, 4], [2, 1, 2], [2, 1, 3], [2, 1, 4], [2, 2, 2], [2, 2, 3], [2, 2, 4], [3, 1, 2], [3, 1, 3], [3, 1, 4], [3, 2, 2], [3, 2, 3], [3, 2, 4], [4, 1, 2], [4, 1, 3], [4, 1, 4], [4, 2, 2], [4, 2, 3], [4, 2, 4], [5, 1, 2], [5, 1, 3], [5, 1, 4], [5, 2, 2], [5, 2, 3], [5, 2, 4], [6, 1, 2], [6, 1, 3], [6, 1, 4], [6, 2, 2], [6, 2, 3], [6, 2, 4], [3, 2, 1], 0, [6, 2, 1], [1, 2, 1], [5, 2, 1], [3, 1, 1], [4, 2, 1], [6, 1, 1], [1, 1, 1], [5, 1, 1], [2, 2, 1], [4, 1, 1], [2, 1, 1]]
13	-4.86868	43.33159	51	42	12	businessII	[[1, 1, 4], [1, 2, 4], [2, 1, 1], [2, 1, 2], [2, 1, 3], [2, 1, 4], [2, 2, 1], [2, 2, 2], [2, 2, 3], [2, 2, 4], [3, 1, 1], [3, 1, 2], [3, 1, 3], [3, 1, 4], [3, 2, 1], [3, 2, 2], [3, 2, 3], [3, 2, 4], [4, 1, 1], [4, 1, 2], [4, 1, 3], [4, 1, 4], [4, 2, 1], [4, 2, 2], [4, 2, 3], [4, 2, 4], [5, 1, 1], [5, 1, 2], [5, 1, 3], [5, 1, 4], [5, 2, 1], [5, 2, 2], [5, 2, 3], [5, 2, 4], [6, 1, 4], [6, 2, 4], [6, 2, 3], 0, [6, 2, 2], [6, 2, 1], [6, 1, 3], [6, 1, 2], [6, 1, 1], [1, 2, 3], [1, 2, 2], [1, 2, 1], [1, 1, 3], [1, 1, 2], [1, 1, 1]]
14	-4.8725	43.3319	51	42	12	businessI	[[1, 1, 4], [1, 2, 4], [2, 1, 4], [2, 2, 4], [3, 1, 1], [3, 1, 2], [3, 1, 3], [3, 1, 4], [3, 2, 1], [3, 2, 2], [3, 2, 3], [3, 2, 4], [4, 1, 1], [4, 1, 2], [4, 1, 3], [4, 1, 4], [4, 2, 1], [4, 2, 2], [4, 2, 3], [4, 2, 4], [5, 1, 4], [5, 2, 4], [6, 1, 4], [6, 2, 4], [2, 1, 3], 0, [5, 1, 3], [2, 1, 2], [5, 1, 2], [2, 1, 1], [5, 1, 1], [6, 1, 3], [6, 1, 2], [6, 1, 1], [2, 2, 3], [5, 2, 3], [2, 2, 2], [1, 1, 3], [5, 2, 2], [2, 2, 1], [1, 1, 2], [5, 2, 1], [1, 1, 1], [6, 2, 3], [6, 2, 2], [6, 2, 1], [1, 2, 3], [1, 2, 2], [1, 2, 1]]
15	-4.8696	43.33171	51	24	12	pensionerII	[[1, 1, 3], [1, 1, 4], [1, 2, 3], [1, 2, 4], [2, 1, 3], [2, 1, 4], [2, 2, 3], [2, 2, 4], [3, 1, 3], [3, 1, 4], [3, 2, 3], [3, 2, 4], [4, 1, 3], [4, 1, 4], [4, 2, 3], [4, 2, 4], [5, 1, 3], [5, 1, 4], [5, 2, 3], [5, 2, 4], [6, 1, 3], [6, 1, 4], [6, 2, 3], [6, 2, 4], [2, 2, 2], 0, [2, 2, 1], [5, 2, 2], [5, 2, 1], [6, 2, 2], [6, 2, 1], [2, 1, 2], [2, 1, 1], [5, 1, 2], [5, 1, 1], [6, 1, 2], [6, 1, 1], [1, 2, 2], [1, 2, 1], [4, 2, 2], [4, 2, 1], [1, 1, 2], [3, 2, 2], [1, 1, 1], [3, 2, 1], [4, 1, 2], [4, 1, 1], [3, 1, 2], [3, 1, 1]]
16	-4.86615	43.33138	51	48	12	familyII	[[1, 1, 4], [1, 2, 4], [2, 1, 4], [2, 2, 4], [3, 1, 4], [3, 2, 4], [4, 1, 4], [4, 2, 4], [5, 1, 4], [5, 2, 4], [6, 1, 4], [6, 2, 4], [5, 2, 3], 0, [6, 2, 3], [5, 2, 2], [6, 2, 2], [5, 2, 1], [1, 2, 3], [6, 2, 1], [1, 2, 2], [1, 2, 1], [3, 2, 3], [2, 2, 3], [5, 1, 3], [6, 1, 3], [4, 2, 3], [3, 2, 2], [2, 2, 2], [5, 1, 2], [6, 1, 2], [4, 2, 2], [3, 2, 1], [2, 2, 1], [5, 1, 1], [1, 1, 3], [6, 1, 1], [4, 2, 1], [1, 1, 2], [1, 1, 1], [3, 1, 3], [2, 1, 3], [4, 1, 3], [3, 1, 2], [2, 1, 2], [4, 1, 2], [3, 1, 1], [2, 1, 1], [4, 1, 1]]
17	-4.80743	43.30534	57	60	12	familyII	[[1, 1, 4], [1, 2, 4], [2, 1, 4], [2, 2, 4], [3, 1, 4], [3, 2, 4], [4, 1, 4], [4, 2, 4], [5, 1, 4], [5, 2, 4], [6, 1, 4], [6, 2, 4], [6, 1, 3], 0, [5, 1, 3], [6, 1, 2], [5, 1, 2], [1, 1, 3], [6, 1, 1], [5, 1, 1], [1, 1, 2], [1, 1, 1], [6, 2, 3], [5, 2, 3], [3, 1, 3], [2, 1, 3], [6, 2, 2], [5, 2, 2], [4, 1, 3], [3, 1, 2], [1, 2, 3], [2, 1, 2], [6, 2, 1], [5, 2, 1], [4, 1, 2], [3, 1, 1], [1, 2, 2], [2, 1, 1], [4, 1, 1], [1, 2, 1], [3, 2, 3], [2, 2, 3], [4, 2, 3], [3, 2, 2], [2, 2, 2], [4, 2, 2], [3, 2, 1], [2, 2, 1], [4, 2, 1]]
18	-4.81868	43.31611	57	57	12	familyII	[[1, 1, 4], [1, 2, 4], [2, 1, 4], [2, 2, 4], [3, 1, 4], [3, 2, 4], [4, 1, 4], [4, 2, 4], [5, 1, 4], [5, 2, 4], [6, 1, 4], [6, 2, 4], [1, 1, 3], 0, [6, 1, 3], [5, 1, 3], [1, 1, 2], [6, 1, 2], [5, 1, 2], [1, 1, 1], [6, 1, 1], [5, 1, 1], [2, 1, 3], [4, 1, 3], [1, 2, 3], [6, 2, 3], [2, 1, 2], [3, 1, 3], [5, 2, 3], [4, 1, 2], [1, 2, 2], [6, 2, 2], [2, 1, 1], [3, 1, 2], [5, 2, 2], [4, 1, 1], [1, 2, 1], [6, 2, 1], [3, 1, 1], [5, 2, 1], [2, 2, 3], [4, 2, 3], [2, 2, 2], [3, 2, 3], [4, 2, 2], [2, 2, 1], [3, 2, 2], [4, 2, 1], [3, 2, 1]]
19	-4.80993	43.30064	57	25	12	pensionerI	[[1, 1, 2], [1, 1, 3], [1, 1, 4], [1, 2, 2], [1, 2, 3], [1, 2, 4], [2, 1, 2], [2, 1, 3], [2, 1, 4], [2, 2, 2], [2, 2, 3], [2, 2, 4], [3, 1, 2], [3, 1, 3], [3, 1, 4], [3, 2, 2], [3, 2, 3], [3, 2, 4], [4, 1, 2], [4, 1, 3], [4, 1, 4], [4, 2, 2], [4, 2, 3], [4, 2, 4], [5, 1, 2], [5, 1, 3], [5, 1, 4], [5, 2, 2], [5, 2, 3], [5, 2, 4], [6, 1, 2], [6, 1, 3], [6, 1, 4], [6, 2, 2], [6, 2, 3], [6, 2, 4], [1, 1, 1], 0, [5, 1, 1], [6, 1, 1], [2, 1, 1], [4, 1, 1], [1, 2, 1], [5, 2, 1], [3, 1, 1], [6, 2, 1], [2, 2, 1], [4, 2, 1], [3, 2, 1]]
20	-4.82932	43.29527	57	45	12	businessI	[[1, 1, 4], [1, 2, 4], [2, 1, 4], [2, 2, 4], [3, 1, 1], [3, 1, 2], [3, 1, 3], [3, 1, 4], [3, 2, 1], [3, 2, 2], [3, 2, 3], [3, 2, 4], [4, 1, 1], [4, 1, 2], [4, 1, 3], [4, 1, 4], [4, 2, 1], [4, 2, 2], [4, 2, 3], [4, 2, 4], [5, 1, 4], [5, 2, 4], [6, 1, 4], [6, 2, 4], [6, 1, 3], 0, [2, 1, 3], [6, 1, 2], [2, 1, 2], [6, 1, 1], [2, 1, 1], [5, 1, 3], [5, 1, 2], [5, 1, 1], [1, 1, 3], [1, 1, 2], [1, 1, 1], [6, 2, 3], [2, 2, 3], [6, 2, 2], [2, 2, 2], [6, 2, 1], [2, 2, 1], [5, 2, 3], [5, 2, 2], [5, 2, 1], [1, 2, 3], [1, 2, 2], [1, 2, 1]]
21	-4.82997	43.29771	57	46	12	businessII	[[1, 1, 4], [1, 2, 4], [2, 1, 1], [2, 1, 2], [2, 1, 3], [2, 1, 4], [2, 2, 1], [2, 2, 2], [2, 2, 3], [2, 2, 4], [3, 1, 1], [3, 1, 2], [3, 1, 3], [3, 1, 4], [3, 2, 1], [3, 2, 2], [3, 2, 3], [3, 2, 4], [4, 1, 1], [4, 1, 2], [4, 1, 3], [4, 1, 4], [4, 2, 1], [4, 2, 2], [4, 2, 3], [4, 2, 4], [5, 1, 1], [5, 1, 2], [5, 1, 3], [5, 1, 4], [5, 2, 1], [5, 2, 2], [5, 2, 3], [5, 2, 4], [6, 1, 4], [6, 2, 4], [1, 2, 3], 0, [1, 2, 2], [1, 2, 1], [6, 2, 3], [6, 2, 2], [6, 2, 1], [1, 1, 3], [1, 1, 2], [1, 1, 1], [6, 1, 3], [6, 1, 2], [6, 1, 1]]
22	-4.81413	43.31192	57	41	12	familyI	[[1, 1, 2], [1, 1, 3], [1, 1, 4], [1, 2, 2], [1, 2, 3], [1, 2, 4], [2, 1, 2], [2, 1, 3], [2, 1, 4], [2, 2, 2], [2, 2, 3], [2, 2, 4], [3, 1, 2], [3, 1, 3], [3, 1, 4], [3, 2, 2], [3, 2, 3], [3, 2, 4], [4, 1, 2], [4, 1, 3], [4, 1, 4], [4, 2, 2], [4, 2, 3], [4, 2, 4], [5, 1, 2], [5, 1, 3], [5, 1, 4], [5, 2, 2], [5, 2, 3], [5, 2, 4], [6, 1, 2], [6, 1, 3], [6, 1, 4], [6, 2, 2], [6, 2, 3], [6, 2, 4], [5, 1, 1], 0, [3, 1, 1], [6, 1, 1], [1, 1, 1], [5, 2, 1], [3, 2, 1], [6, 2, 1], [1, 2, 1], [4, 1, 1], [2, 1, 1], [4, 2, 1], [2, 2, 1]]
23	-4.7695	43.36657	52	76	12	familyI	[[1, 1, 2], [1, 1, 3], [1, 1, 4], [1, 2, 2], [1, 2, 3], [1, 2, 4], [2, 1, 2], [2, 1, 3], [2, 1, 4], [2, 2, 2], [2, 2, 3], [2, 2, 4], [3, 1, 2], [3, 1, 3], [3, 1, 4], [3, 2, 2], [3, 2, 3], [3, 2, 4], [4, 1, 2], [4, 1, 3], [4, 1, 4], [4, 2, 2], [4, 2, 3], [4, 2, 4], [5, 1, 2], [5, 1, 3], [5, 1, 4], [5, 2, 2], [5, 2, 3], [5, 2, 4], [6, 1, 2], [6, 1, 3], [6, 1, 4], [6, 2, 2], [6, 2, 3], [6, 2, 4], [1, 1, 1], 0, [3, 1, 1], [5, 1, 1], [6, 1, 1], [1, 2, 1], [3, 2, 1], [5, 2, 1], [6, 2, 1], [4, 1, 1], [2, 1, 1], [4, 2, 1], [2, 2, 1]]
24	-4.77772	43.36729	52	52	12	businessII	[[1, 1, 4], [1, 2, 4], [2, 1, 1], [2, 1, 2], [2, 1, 3], [2, 1, 4], [2, 2, 1], [2, 2, 2], [2, 2, 3], [2, 2, 4], [3, 1, 1], [3, 1, 2], [3, 1, 3], [3, 1, 4], [3, 2, 1], [3, 2, 2], [3, 2, 3], [3, 2, 4], [4, 1, 1], [4, 1, 2], [4, 1, 3], [4, 1, 4], [4, 2, 1], [4, 2, 2], [4, 2, 3], [4, 2, 4], [5, 1, 1], [5, 1, 2], [5, 1, 3], [5, 1, 4], [5, 2, 1], [5, 2, 2], [5, 2, 3], [5, 2, 4], [6, 1, 4], [6, 2, 4], [6, 1, 3], 0, [6, 1, 2], [6, 1, 1], [1, 1, 3], [1, 1, 2], [1, 1, 1], [6, 2, 3], [6, 2, 2], [6, 2, 1], [1, 2, 3], [1, 2, 2], [1, 2, 1]]
25	-4.77226	43.34062	52	42	12	businessI	[[1, 1, 4], [1, 2, 4], [2, 1, 4], [2, 2, 4], [3, 1, 1], [3, 1, 2], [3, 1, 3], [3, 1, 4], [3, 2, 1], [3, 2, 2], [3, 2, 3], [3, 2, 4], [4, 1, 1], [4, 1, 2], [4, 1, 3], [4, 1, 4], [4, 2, 1], [4, 2, 2], [4, 2, 3], [4, 2, 4], [5, 1, 4], [5, 2, 4], [6, 1, 4], [6, 2, 4], [1, 2, 3], 0, [1, 2, 2], [1, 2, 1], [6, 2, 3], [6, 2, 2], [6, 2, 1], [2, 2, 3], [2, 2, 2], [2, 2, 1], [5, 2, 3], [5, 2, 2], [5, 2, 1], [1, 1, 3], [1, 1, 2], [1, 1, 1], [6, 1, 3], [6, 1, 2], [6, 1, 1], [2, 1, 3], [2, 1, 2], [2, 1, 1], [5, 1, 3], [5, 1, 2], [5, 1, 1]]
26	-4.78067	43.33026	52	45	12	businessI	[[1, 1, 4], [1, 2, 4], [2, 1, 4], [2, 2, 4], [3, 1, 1], [3, 1, 2], [3, 1, 3], [3, 1, 4], [3, 2, 1], [3, 2, 2], [3, 2, 3], [3, 2, 4], [4, 1, 1], [4, 1, 2], [4, 1, 3], [4, 1, 4], [4, 2, 1], [4, 2, 2], [4, 2, 3], [4, 2, 4], [5, 1, 4], [5, 2, 4], [6, 1, 4], [6, 2, 4], [5, 2, 3], 0, [5, 2, 2], [1, 2, 3], [5, 2, 1], [1, 2, 2], [1, 2, 1], [6, 2, 3], [6, 2, 2], [6, 2, 1], [2, 2, 3], [2, 2, 2], [2, 2, 1], [5, 1, 3], [5, 1, 2], [1, 1, 3], [5, 1, 1], [1, 1, 2], [1, 1, 1], [6, 1, 3], [6, 1, 2], [6, 1, 1], [2, 1, 3], [2, 1, 2], [2, 1, 1]]
27	-4.76963	43.32971	52	34	12	pensionerI	[[1, 1, 2], [1, 1, 3], [1, 1, 4], [1, 2, 2], [1, 2, 3], [1, 2, 4], [2, 1, 2], [2, 1, 3], [2, 1, 4], [2, 2, 2], [2, 2, 3], [2, 2, 4], [3, 1, 2], [3, 1, 3], [3, 1, 4], [3, 2, 2], [3, 2, 3], [3, 2, 4], [4, 1, 2], [4, 1, 3], [4, 1, 4], [4, 2, 2], [4, 2, 3], [4, 2, 4], [5, 1, 2], [5, 1, 3], [5, 1, 4], [5, 2, 2], [5, 2, 3], [5, 2, 4], [6, 1, 2], [6, 1, 3], [6, 1, 4], [6, 2, 2], [6, 2, 3], [6, 2, 4], [2, 1, 1], 0, [4, 1, 1], [3, 1, 1], [2, 2, 1], [4, 2, 1], [5, 1, 1], [6, 1, 1], [3, 2, 1], [5, 2, 1], [6, 2, 1], [1, 1, 1], [1, 2, 1]]
28	-4.76294	43.36469	52	53	12	businessII	[[1, 1, 4], [1, 2, 4], [2, 1, 1], [2, 1, 2], [2, 1, 3], [2, 1, 4], [2, 2, 1], [2, 2, 2], [2, 2, 3], [2, 2, 4], [3, 1, 1], [3, 1, 2], [3, 1, 3], [3, 1, 4], [3, 2, 1], [3, 2, 2], [3, 2, 3], [3, 2, 4], [4, 1, 1], [4, 1, 2], [4, 1, 3], [4, 1, 4], [4, 2, 1], [4, 2, 2], [4, 2, 3], [4, 2, 4], [5, 1, 1], [5, 1, 2], [5, 1, 3], [5, 1, 4], [5, 2, 1], [5, 2, 2], [5, 2, 3], [5, 2, 4], [6, 1, 4], [6, 2, 4], [1, 1, 3], 0, [1, 1, 2], [1, 1, 1], [6, 1, 3], [6, 1, 2], [6, 1, 1], [1, 2, 3], [1, 2, 2], [1, 2, 1], [6, 2, 3], [6, 2, 2], [6, 2, 1]]
29	-4.7594	43.3519	52	20	12	pensionerI	[[1, 1, 2], [1, 1, 3], [1, 1, 4], [1, 2, 2], [1, 2, 3], [1, 2, 4], [2, 1, 2], [2, 1, 3], [2, 1, 4], [2, 2, 2], [2, 2, 3], [2, 2, 4], [3, 1, 2], [3, 1, 3], [3, 1, 4], [3, 2, 2], [3, 2, 3], [3, 2, 4], [4, 1, 2], [4, 1, 3], [4, 1, 4], [4, 2, 2], [4, 2, 3], [4, 2, 4], [5, 1, 2], [5, 1, 3], [5, 1, 4], [5, 2, 2], [5, 2, 3], [5, 2, 4], [6, 1, 2], [6, 1, 3], [6, 1, 4], [6, 2, 2], [6, 2, 3], [6, 2, 4], [4, 2, 1], 0, [4, 1, 1], [2, 2, 1], [6, 2, 1], [2, 1, 1], [6, 1, 1], [1, 2, 1], [3, 2, 1], [1, 1, 1], [3, 1, 1], [5, 2, 1], [5, 1, 1]]
30	-4.78456	43.34362	52	50	12	familyII	[[1, 1, 4], [1, 2, 4], [2, 1, 4], [2, 2, 4], [3, 1, 4], [3, 2, 4], [4, 1, 4], [4, 2, 4], [5, 1, 4], [5, 2, 4], [6, 1, 4], [6, 2, 4], [5, 1, 3], 0, [6, 1, 3], [5, 1, 2], [6, 1, 2], [1, 1, 3], [5, 1, 1], [6, 1, 1], [1, 1, 2], [1, 1, 1], [5, 2, 3], [6, 2, 3], [3, 1, 3], [5, 2, 2], [4, 1, 3], [6, 2, 2], [1, 2, 3], [3, 1, 2], [2, 1, 3], [5, 2, 1], [4, 1, 2], [6, 2, 1], [1, 2, 2], [3, 1, 1], [2, 1, 2], [4, 1, 1], [1, 2, 1], [2, 1, 1], [3, 2, 3], [4, 2, 3], [3, 2, 2], [2, 2, 3], [4, 2, 2], [3, 2, 1], [2, 2, 2], [4, 2, 1], [2, 2, 1]]
31	-4.78195	43.34016	52	20	12	pensionerI	[[1, 1, 2], [1, 1, 3], [1, 1, 4], [1, 2, 2], [1, 2, 3], [1, 2, 4], [2, 1, 2], [2, 1, 3], [2, 1, 4], [2, 2, 2], [2, 2, 3], [2, 2, 4], [3, 1, 2], [3, 1, 3], [3, 1, 4], [3, 2, 2], [3, 2, 3], [3, 2, 4], [4, 1, 2], [4, 1, 3], [4, 1, 4], [4, 2, 2], [4, 2, 3], [4, 2, 4], [5, 1, 2], [5, 1, 3], [5, 1, 4], [5, 2, 2], [5, 2, 3], [5, 2, 4], [6, 1, 2], [6, 1, 3], [6, 1, 4], [6, 2, 2], [6, 2, 3], [6, 2, 4], [5, 2, 1], 0, [5, 1, 1], [1, 2, 1], [1, 1, 1], [4, 2, 1], [4, 1, 1], [2, 2, 1], [6, 2, 1], [2, 1, 1], [6, 1, 1], [3, 2, 1], [3, 1, 1]]
32	-4.77431	43.34652	52	23	12	pensionerI	[[1, 1, 2], [1, 1, 3], [1, 1, 4], [1, 2, 2], [1, 2, 3], [1, 2, 4], [2, 1, 2], [2, 1, 3], [2, 1, 4], [2, 2, 2], [2, 2, 3], [2, 2, 4], [3, 1, 2], [3, 1, 3], [3, 1, 4], [3, 2, 2], [3, 2, 3], [3, 2, 4], [4, 1, 2], [4, 1, 3], [4, 1, 4], [4, 2, 2], [4, 2, 3], [4, 2, 4], [5, 1, 2], [5, 1, 3], [5, 1, 4], [5, 2, 2], [5, 2, 3], [5, 2, 4], [6, 1, 2], [6, 1, 3], [6, 1, 4], [6, 2, 2], [6, 2, 3], [6, 2, 4], [5, 1, 1], 0, [4, 1, 1], [2, 1, 1], [6, 1, 1], [3, 1, 1], [5, 2, 1], [1, 1, 1], [4, 2, 1], [2, 2, 1], [6, 2, 1], [3, 2, 1], [1, 2, 1]]
33	-4.79717	43.33314	52	22	12	pensionerII	[[1, 1, 3], [1, 1, 4], [1, 2, 3], [1, 2, 4], [2, 1, 3], [2, 1, 4], [2, 2, 3], [2, 2, 4], [3, 1, 3], [3, 1, 4], [3, 2, 3], [3, 2, 4], [4, 1, 3], [4, 1, 4], [4, 2, 3], [4, 2, 4], [5, 1, 3], [5, 1, 4], [5, 2, 3], [5, 2, 4], [6, 1, 3], [6, 1, 4], [6, 2, 3], [6, 2, 4], [2, 2, 2], 0, [2, 2, 1], [5, 2, 2], [5, 2, 1], [6, 2, 2], [6, 2, 1], [2, 1, 2], [2, 1, 1], [5, 1, 2], [5, 1, 1], [6, 1, 2], [6, 1, 1], [1, 2, 2], [1, 2, 1], [3, 2, 2], [3, 2, 1], [4, 2, 2], [4, 2, 1], [1, 1, 2], [1, 1, 1], [3, 1, 2], [3, 1, 1], [4, 1, 2], [4, 1, 1]]
34	-4.79933	43.34356	52	23	12	pensionerI	[[1, 1, 2], [1, 1, 3], [1, 1, 4], [1, 2, 2], [1, 2, 3], [1, 2, 4], [2, 1, 2], [2, 1, 3], [2, 1, 4], [2, 2, 2], [2, 2, 3], [2, 2, 4], [3, 1, 2], [3, 1, 3], [3, 1, 4], [3, 2, 2], [3, 2, 3], [3, 2, 4], [4, 1, 2], [4, 1, 3], [4, 1, 4], [4, 2, 2], [4, 2, 3], [4, 2, 4], [5, 1, 2], [5, 1, 3], [5, 1, 4], [5, 2, 2], [5, 2, 3], [5, 2, 4], [6, 1, 2], [6, 1, 3], [6, 1, 4], [6, 2, 2], [6, 2, 3], [6, 2, 4], [5, 1, 1], 0, [6, 1, 1], [2, 1, 1], [4, 1, 1], [5, 2, 1], [6, 2, 1], [2, 2, 1], [3, 1, 1], [4, 2, 1], [3, 2, 1], [1, 1, 1], [1, 2, 1]]
35	-4.79743	43.34416	52	57	12	familyII	[[1, 1, 4], [1, 2, 4], [2, 1, 4], [2, 2, 4], [3, 1, 4], [3, 2, 4], [4, 1, 4], [4, 2, 4], [5, 1, 4], [5, 2, 4], [6, 1, 4], [6, 2, 4], [5, 1, 3], 0, [6, 1, 3], [1, 1, 3], [5, 1, 2], [6, 1, 2], [1, 1, 2], [5, 1, 1], [6, 1, 1], [1, 1, 1], [5, 2, 3], [6, 2, 3], [3, 1, 3], [4, 1, 3], [1, 2, 3], [2, 1, 3], [5, 2, 2], [6, 2, 2], [3, 1, 2], [4, 1, 2], [1, 2, 2], [2, 1, 2], [5, 2, 1], [6, 2, 1], [3, 1, 1], [4, 1, 1], [1, 2, 1], [2, 1, 1], [3, 2, 3], [4, 2, 3], [2, 2, 3], [3, 2, 2], [4, 2, 2], [2, 2, 2], [3, 2, 1], [4, 2, 1], [2, 2, 1]]
36	-4.77772	43.36674	52	29	12	pensionerII	[[1, 1, 3], [1, 1, 4], [1, 2, 3], [1, 2, 4], [2, 1, 3], [2, 1, 4], [2, 2, 3], [2, 2, 4], [3, 1, 3], [3, 1, 4], [3, 2, 3], [3, 2, 4], [4, 1, 3], [4, 1, 4], [4, 2, 3], [4, 2, 4], [5, 1, 3], [5, 1, 4], [5, 2, 3], [5, 2, 4], [6, 1, 3], [6, 1, 4], [6, 2, 3], [6, 2, 4], [6, 1, 2], 0, [6, 1, 1], [2, 1, 2], [2, 1, 1], [5, 1, 2], [5, 1, 1], [6, 2, 2], [6, 2, 1], [2, 2, 2], [2, 2, 1], [5, 2, 2], [5, 2, 1], [4, 1, 2], [4, 1, 1], [1, 1, 2], [1, 1, 1], [3, 1, 2], [3, 1, 1], [4, 2, 2], [4, 2, 1], [1, 2, 2], [1, 2, 1], [3, 2, 2], [3, 2, 1]]