S3n48d2w6-120p5-4-8c4_1679305626

DAYS
2

WINDOWS
1	480	600
2	600	720
3	720	840
4	840	960
5	960	1080
6	1080	1200

FEES
1	5
2	6
3	7
4	8

CLUSTERS
CLUST NO.	LONCOORD.	LATCOORD.

51	-4.87416	43.3423
52	-4.7807	43.3423
57	-4.82743	43.31532
62	-4.7807	43.28834

CUSTOMERS
CUST NO.	LONCOORD.	LATCOORD.	CLUST NO.	BASKET.	SERVICE TIME.	SEGMENT.	PREF LIST.
0	-4.82743	43.31532	0	0	0	0	0
1	-4.82746	43.31535	57	63	12	familyI	[[1, 1, 2], [1, 1, 3], [1, 1, 4], [1, 2, 2], [1, 2, 3], [1, 2, 4], [2, 1, 2], [2, 1, 3], [2, 1, 4], [2, 2, 2], [2, 2, 3], [2, 2, 4], [3, 1, 2], [3, 1, 3], [3, 1, 4], [3, 2, 2], [3, 2, 3], [3, 2, 4], [4, 1, 2], [4, 1, 3], [4, 1, 4], [4, 2, 2], [4, 2, 3], [4, 2, 4], [5, 1, 2], [5, 1, 3], [5, 1, 4], [5, 2, 2], [5, 2, 3], [5, 2, 4], [6, 1, 2], [6, 1, 3], [6, 1, 4], [6, 2, 2], [6, 2, 3], [6, 2, 4], [3, 1, 1], 0, [6, 1, 1], [3, 2, 1], [6, 2, 1], [5, 1, 1], [1, 1, 1], [5, 2, 1], [1, 2, 1], [2, 1, 1], [4, 1, 1], [2, 2, 1], [4, 2, 1]]
2	-4.84155	43.29717	57	49	12	businessII	[[1, 1, 4], [1, 2, 4], [2, 1, 1], [2, 1, 2], [2, 1, 3], [2, 1, 4], [2, 2, 1], [2, 2, 2], [2, 2, 3], [2, 2, 4], [3, 1, 1], [3, 1, 2], [3, 1, 3], [3, 1, 4], [3, 2, 1], [3, 2, 2], [3, 2, 3], [3, 2, 4], [4, 1, 1], [4, 1, 2], [4, 1, 3], [4, 1, 4], [4, 2, 1], [4, 2, 2], [4, 2, 3], [4, 2, 4], [5, 1, 1], [5, 1, 2], [5, 1, 3], [5, 1, 4], [5, 2, 1], [5, 2, 2], [5, 2, 3], [5, 2, 4], [6, 1, 4], [6, 2, 4], [1, 1, 3], 0, [1, 1, 2], [6, 1, 3], [1, 1, 1], [6, 1, 2], [6, 1, 1], [1, 2, 3], [1, 2, 2], [6, 2, 3], [1, 2, 1], [6, 2, 2], [6, 2, 1]]
3	-4.83585	43.2911	57	48	12	familyI	[[1, 1, 2], [1, 1, 3], [1, 1, 4], [1, 2, 2], [1, 2, 3], [1, 2, 4], [2, 1, 2], [2, 1, 3], [2, 1, 4], [2, 2, 2], [2, 2, 3], [2, 2, 4], [3, 1, 2], [3, 1, 3], [3, 1, 4], [3, 2, 2], [3, 2, 3], [3, 2, 4], [4, 1, 2], [4, 1, 3], [4, 1, 4], [4, 2, 2], [4, 2, 3], [4, 2, 4], [5, 1, 2], [5, 1, 3], [5, 1, 4], [5, 2, 2], [5, 2, 3], [5, 2, 4], [6, 1, 2], [6, 1, 3], [6, 1, 4], [6, 2, 2], [6, 2, 3], [6, 2, 4], [3, 2, 1], 0, [6, 2, 1], [5, 2, 1], [1, 2, 1], [3, 1, 1], [6, 1, 1], [5, 1, 1], [1, 1, 1], [4, 2, 1], [4, 1, 1], [2, 2, 1], [2, 1, 1]]
4	-4.81126	43.29832	57	70	12	familyII	[[1, 1, 4], [1, 2, 4], [2, 1, 4], [2, 2, 4], [3, 1, 4], [3, 2, 4], [4, 1, 4], [4, 2, 4], [5, 1, 4], [5, 2, 4], [6, 1, 4], [6, 2, 4], [5, 2, 3], 0, [1, 2, 3], [6, 2, 3], [5, 2, 2], [1, 2, 2], [6, 2, 2], [5, 2, 1], [1, 2, 1], [6, 2, 1], [5, 1, 3], [1, 1, 3], [6, 1, 3], [5, 1, 2], [1, 1, 2], [6, 1, 2], [2, 2, 3], [5, 1, 1], [3, 2, 3], [1, 1, 1], [4, 2, 3], [6, 1, 1], [2, 2, 2], [3, 2, 2], [4, 2, 2], [2, 2, 1], [3, 2, 1], [4, 2, 1], [2, 1, 3], [3, 1, 3], [4, 1, 3], [2, 1, 2], [3, 1, 2], [4, 1, 2], [2, 1, 1], [3, 1, 1], [4, 1, 1]]
5	-4.81868	43.31611	57	71	12	familyI	[[1, 1, 2], [1, 1, 3], [1, 1, 4], [1, 2, 2], [1, 2, 3], [1, 2, 4], [2, 1, 2], [2, 1, 3], [2, 1, 4], [2, 2, 2], [2, 2, 3], [2, 2, 4], [3, 1, 2], [3, 1, 3], [3, 1, 4], [3, 2, 2], [3, 2, 3], [3, 2, 4], [4, 1, 2], [4, 1, 3], [4, 1, 4], [4, 2, 2], [4, 2, 3], [4, 2, 4], [5, 1, 2], [5, 1, 3], [5, 1, 4], [5, 2, 2], [5, 2, 3], [5, 2, 4], [6, 1, 2], [6, 1, 3], [6, 1, 4], [6, 2, 2], [6, 2, 3], [6, 2, 4], [5, 1, 1], 0, [5, 2, 1], [6, 1, 1], [1, 1, 1], [6, 2, 1], [1, 2, 1], [3, 1, 1], [3, 2, 1], [2, 1, 1], [2, 2, 1], [4, 1, 1], [4, 2, 1]]
6	-4.83517	43.29439	57	35	12	businessI	[[1, 1, 4], [1, 2, 4], [2, 1, 4], [2, 2, 4], [3, 1, 1], [3, 1, 2], [3, 1, 3], [3, 1, 4], [3, 2, 1], [3, 2, 2], [3, 2, 3], [3, 2, 4], [4, 1, 1], [4, 1, 2], [4, 1, 3], [4, 1, 4], [4, 2, 1], [4, 2, 2], [4, 2, 3], [4, 2, 4], [5, 1, 4], [5, 2, 4], [6, 1, 4], [6, 2, 4], [2, 2, 3], 0, [2, 2, 2], [2, 2, 1], [1, 2, 3], [1, 2, 2], [1, 2, 1], [5, 2, 3], [5, 2, 2], [5, 2, 1], [6, 2, 3], [6, 2, 2], [6, 2, 1], [2, 1, 3], [2, 1, 2], [2, 1, 1], [1, 1, 3], [1, 1, 2], [1, 1, 1], [5, 1, 3], [5, 1, 2], [5, 1, 1], [6, 1, 3], [6, 1, 2], [6, 1, 1]]
7	-4.86882	43.32962	51	27	12	pensionerII	[[1, 1, 3], [1, 1, 4], [1, 2, 3], [1, 2, 4], [2, 1, 3], [2, 1, 4], [2, 2, 3], [2, 2, 4], [3, 1, 3], [3, 1, 4], [3, 2, 3], [3, 2, 4], [4, 1, 3], [4, 1, 4], [4, 2, 3], [4, 2, 4], [5, 1, 3], [5, 1, 4], [5, 2, 3], [5, 2, 4], [6, 1, 3], [6, 1, 4], [6, 2, 3], [6, 2, 4], [2, 2, 2], 0, [2, 2, 1], [5, 2, 2], [5, 2, 1], [6, 2, 2], [6, 2, 1], [2, 1, 2], [2, 1, 1], [5, 1, 2], [5, 1, 1], [6, 1, 2], [6, 1, 1], [4, 2, 2], [1, 2, 2], [4, 2, 1], [1, 2, 1], [3, 2, 2], [3, 2, 1], [4, 1, 2], [1, 1, 2], [4, 1, 1], [1, 1, 1], [3, 1, 2], [3, 1, 1]]
8	-4.86963	43.33304	51	51	12	businessII	[[1, 1, 4], [1, 2, 4], [2, 1, 1], [2, 1, 2], [2, 1, 3], [2, 1, 4], [2, 2, 1], [2, 2, 2], [2, 2, 3], [2, 2, 4], [3, 1, 1], [3, 1, 2], [3, 1, 3], [3, 1, 4], [3, 2, 1], [3, 2, 2], [3, 2, 3], [3, 2, 4], [4, 1, 1], [4, 1, 2], [4, 1, 3], [4, 1, 4], [4, 2, 1], [4, 2, 2], [4, 2, 3], [4, 2, 4], [5, 1, 1], [5, 1, 2], [5, 1, 3], [5, 1, 4], [5, 2, 1], [5, 2, 2], [5, 2, 3], [5, 2, 4], [6, 1, 4], [6, 2, 4], [6, 2, 3], 0, [6, 2, 2], [6, 2, 1], [1, 2, 3], [1, 2, 2], [1, 2, 1], [6, 1, 3], [6, 1, 2], [6, 1, 1], [1, 1, 3], [1, 1, 2], [1, 1, 1]]
9	-4.78833	43.30886	62	38	12	pensionerII	[[1, 1, 3], [1, 1, 4], [1, 2, 3], [1, 2, 4], [2, 1, 3], [2, 1, 4], [2, 2, 3], [2, 2, 4], [3, 1, 3], [3, 1, 4], [3, 2, 3], [3, 2, 4], [4, 1, 3], [4, 1, 4], [4, 2, 3], [4, 2, 4], [5, 1, 3], [5, 1, 4], [5, 2, 3], [5, 2, 4], [6, 1, 3], [6, 1, 4], [6, 2, 3], [6, 2, 4], [5, 1, 2], 0, [5, 1, 1], [6, 1, 2], [6, 1, 1], [2, 1, 2], [2, 1, 1], [5, 2, 2], [5, 2, 1], [3, 1, 2], [3, 1, 1], [6, 2, 2], [6, 2, 1], [2, 2, 2], [1, 1, 2], [2, 2, 1], [1, 1, 1], [4, 1, 2], [4, 1, 1], [3, 2, 2], [3, 2, 1], [1, 2, 2], [1, 2, 1], [4, 2, 2], [4, 2, 1]]
10	-4.81254	43.32085	57	39	12	businessII	[[1, 1, 4], [1, 2, 4], [2, 1, 1], [2, 1, 2], [2, 1, 3], [2, 1, 4], [2, 2, 1], [2, 2, 2], [2, 2, 3], [2, 2, 4], [3, 1, 1], [3, 1, 2], [3, 1, 3], [3, 1, 4], [3, 2, 1], [3, 2, 2], [3, 2, 3], [3, 2, 4], [4, 1, 1], [4, 1, 2], [4, 1, 3], [4, 1, 4], [4, 2, 1], [4, 2, 2], [4, 2, 3], [4, 2, 4], [5, 1, 1], [5, 1, 2], [5, 1, 3], [5, 1, 4], [5, 2, 1], [5, 2, 2], [5, 2, 3], [5, 2, 4], [6, 1, 4], [6, 2, 4], [1, 1, 3], 0, [6, 1, 3], [1, 1, 2], [6, 1, 2], [1, 1, 1], [6, 1, 1], [1, 2, 3], [6, 2, 3], [1, 2, 2], [6, 2, 2], [1, 2, 1], [6, 2, 1]]
11	-4.81173	43.32026	57	78	12	familyII	[[1, 1, 4], [1, 2, 4], [2, 1, 4], [2, 2, 4], [3, 1, 4], [3, 2, 4], [4, 1, 4], [4, 2, 4], [5, 1, 4], [5, 2, 4], [6, 1, 4], [6, 2, 4], [6, 1, 3], 0, [5, 1, 3], [6, 1, 2], [5, 1, 2], [6, 2, 3], [6, 1, 1], [5, 2, 3], [5, 1, 1], [1, 1, 3], [6, 2, 2], [5, 2, 2], [1, 1, 2], [6, 2, 1], [5, 2, 1], [1, 2, 3], [1, 1, 1], [1, 2, 2], [2, 1, 3], [3, 1, 3], [4, 1, 3], [1, 2, 1], [2, 1, 2], [3, 1, 2], [4, 1, 2], [2, 2, 3], [3, 2, 3], [4, 2, 3], [2, 1, 1], [3, 1, 1], [4, 1, 1], [2, 2, 2], [3, 2, 2], [4, 2, 2], [2, 2, 1], [3, 2, 1], [4, 2, 1]]
12	-4.80612	43.2864	62	79	12	familyI	[[1, 1, 2], [1, 1, 3], [1, 1, 4], [1, 2, 2], [1, 2, 3], [1, 2, 4], [2, 1, 2], [2, 1, 3], [2, 1, 4], [2, 2, 2], [2, 2, 3], [2, 2, 4], [3, 1, 2], [3, 1, 3], [3, 1, 4], [3, 2, 2], [3, 2, 3], [3, 2, 4], [4, 1, 2], [4, 1, 3], [4, 1, 4], [4, 2, 2], [4, 2, 3], [4, 2, 4], [5, 1, 2], [5, 1, 3], [5, 1, 4], [5, 2, 2], [5, 2, 3], [5, 2, 4], [6, 1, 2], [6, 1, 3], [6, 1, 4], [6, 2, 2], [6, 2, 3], [6, 2, 4], [5, 1, 1], 0, [3, 1, 1], [1, 1, 1], [6, 1, 1], [5, 2, 1], [3, 2, 1], [1, 2, 1], [2, 1, 1], [6, 2, 1], [4, 1, 1], [2, 2, 1], [4, 2, 1]]
13	-4.79963	43.28618	62	42	12	familyII	[[1, 1, 4], [1, 2, 4], [2, 1, 4], [2, 2, 4], [3, 1, 4], [3, 2, 4], [4, 1, 4], [4, 2, 4], [5, 1, 4], [5, 2, 4], [6, 1, 4], [6, 2, 4], [5, 1, 3], 0, [5, 1, 2], [1, 1, 3], [6, 1, 3], [5, 2, 3], [5, 1, 1], [1, 1, 2], [6, 1, 2], [5, 2, 2], [1, 2, 3], [1, 1, 1], [6, 2, 3], [6, 1, 1], [5, 2, 1], [1, 2, 2], [6, 2, 2], [1, 2, 1], [2, 1, 3], [4, 1, 3], [6, 2, 1], [3, 1, 3], [2, 1, 2], [4, 1, 2], [2, 2, 3], [3, 1, 2], [2, 1, 1], [4, 2, 3], [4, 1, 1], [3, 2, 3], [2, 2, 2], [3, 1, 1], [4, 2, 2], [3, 2, 2], [2, 2, 1], [4, 2, 1], [3, 2, 1]]
14	-4.82983	43.29595	57	52	12	businessII	[[1, 1, 4], [1, 2, 4], [2, 1, 1], [2, 1, 2], [2, 1, 3], [2, 1, 4], [2, 2, 1], [2, 2, 2], [2, 2, 3], [2, 2, 4], [3, 1, 1], [3, 1, 2], [3, 1, 3], [3, 1, 4], [3, 2, 1], [3, 2, 2], [3, 2, 3], [3, 2, 4], [4, 1, 1], [4, 1, 2], [4, 1, 3], [4, 1, 4], [4, 2, 1], [4, 2, 2], [4, 2, 3], [4, 2, 4], [5, 1, 1], [5, 1, 2], [5, 1, 3], [5, 1, 4], [5, 2, 1], [5, 2, 2], [5, 2, 3], [5, 2, 4], [6, 1, 4], [6, 2, 4], [6, 1, 3], 0, [1, 1, 3], [6, 1, 2], [1, 1, 2], [6, 1, 1], [1, 1, 1], [6, 2, 3], [1, 2, 3], [6, 2, 2], [1, 2, 2], [6, 2, 1], [1, 2, 1]]
15	-4.82761	43.2971	57	67	12	familyI	[[1, 1, 2], [1, 1, 3], [1, 1, 4], [1, 2, 2], [1, 2, 3], [1, 2, 4], [2, 1, 2], [2, 1, 3], [2, 1, 4], [2, 2, 2], [2, 2, 3], [2, 2, 4], [3, 1, 2], [3, 1, 3], [3, 1, 4], [3, 2, 2], [3, 2, 3], [3, 2, 4], [4, 1, 2], [4, 1, 3], [4, 1, 4], [4, 2, 2], [4, 2, 3], [4, 2, 4], [5, 1, 2], [5, 1, 3], [5, 1, 4], [5, 2, 2], [5, 2, 3], [5, 2, 4], [6, 1, 2], [6, 1, 3], [6, 1, 4], [6, 2, 2], [6, 2, 3], [6, 2, 4], [3, 2, 1], 0, [6, 2, 1], [1, 2, 1], [5, 2, 1], [3, 1, 1], [4, 2, 1], [6, 1, 1], [1, 1, 1], [5, 1, 1], [2, 2, 1], [4, 1, 1], [2, 1, 1]]
16	-4.80518	43.27789	62	50	12	familyII	[[1, 1, 4], [1, 2, 4], [2, 1, 4], [2, 2, 4], [3, 1, 4], [3, 2, 4], [4, 1, 4], [4, 2, 4], [5, 1, 4], [5, 2, 4], [6, 1, 4], [6, 2, 4], [1, 1, 3], 0, [5, 1, 3], [1, 1, 2], [6, 1, 3], [5, 1, 2], [1, 1, 1], [6, 1, 2], [5, 1, 1], [6, 1, 1], [2, 1, 3], [4, 1, 3], [1, 2, 3], [3, 1, 3], [2, 1, 2], [4, 1, 2], [5, 2, 3], [1, 2, 2], [3, 1, 2], [6, 2, 3], [2, 1, 1], [4, 1, 1], [5, 2, 2], [1, 2, 1], [3, 1, 1], [6, 2, 2], [5, 2, 1], [6, 2, 1], [2, 2, 3], [4, 2, 3], [3, 2, 3], [2, 2, 2], [4, 2, 2], [3, 2, 2], [2, 2, 1], [4, 2, 1], [3, 2, 1]]
17	-4.7877	43.27307	62	79	12	familyII	[[1, 1, 4], [1, 2, 4], [2, 1, 4], [2, 2, 4], [3, 1, 4], [3, 2, 4], [4, 1, 4], [4, 2, 4], [5, 1, 4], [5, 2, 4], [6, 1, 4], [6, 2, 4], [5, 1, 3], 0, [1, 1, 3], [5, 1, 2], [1, 1, 2], [6, 1, 3], [5, 1, 1], [1, 1, 1], [5, 2, 3], [6, 1, 2], [1, 2, 3], [5, 2, 2], [6, 1, 1], [1, 2, 2], [6, 2, 3], [5, 2, 1], [1, 2, 1], [2, 1, 3], [6, 2, 2], [3, 1, 3], [2, 1, 2], [6, 2, 1], [4, 1, 3], [3, 1, 2], [2, 1, 1], [4, 1, 2], [3, 1, 1], [2, 2, 3], [3, 2, 3], [4, 1, 1], [2, 2, 2], [4, 2, 3], [3, 2, 2], [2, 2, 1], [4, 2, 2], [3, 2, 1], [4, 2, 1]]
18	-4.787	43.27024	62	75	12	familyI	[[1, 1, 2], [1, 1, 3], [1, 1, 4], [1, 2, 2], [1, 2, 3], [1, 2, 4], [2, 1, 2], [2, 1, 3], [2, 1, 4], [2, 2, 2], [2, 2, 3], [2, 2, 4], [3, 1, 2], [3, 1, 3], [3, 1, 4], [3, 2, 2], [3, 2, 3], [3, 2, 4], [4, 1, 2], [4, 1, 3], [4, 1, 4], [4, 2, 2], [4, 2, 3], [4, 2, 4], [5, 1, 2], [5, 1, 3], [5, 1, 4], [5, 2, 2], [5, 2, 3], [5, 2, 4], [6, 1, 2], [6, 1, 3], [6, 1, 4], [6, 2, 2], [6, 2, 3], [6, 2, 4], [1, 2, 1], 0, [5, 2, 1], [3, 2, 1], [6, 2, 1], [1, 1, 1], [5, 1, 1], [3, 1, 1], [6, 1, 1], [2, 2, 1], [4, 2, 1], [2, 1, 1], [4, 1, 1]]
19	-4.78229	43.26918	62	20	12	pensionerII	[[1, 1, 3], [1, 1, 4], [1, 2, 3], [1, 2, 4], [2, 1, 3], [2, 1, 4], [2, 2, 3], [2, 2, 4], [3, 1, 3], [3, 1, 4], [3, 2, 3], [3, 2, 4], [4, 1, 3], [4, 1, 4], [4, 2, 3], [4, 2, 4], [5, 1, 3], [5, 1, 4], [5, 2, 3], [5, 2, 4], [6, 1, 3], [6, 1, 4], [6, 2, 3], [6, 2, 4], [2, 1, 2], 0, [2, 1, 1], [5, 1, 2], [5, 1, 1], [6, 1, 2], [6, 1, 1], [3, 1, 2], [3, 1, 1], [4, 1, 2], [4, 1, 1], [2, 2, 2], [2, 2, 1], [1, 1, 2], [1, 1, 1], [5, 2, 2], [5, 2, 1], [6, 2, 2], [6, 2, 1], [3, 2, 2], [3, 2, 1], [4, 2, 2], [4, 2, 1], [1, 2, 2], [1, 2, 1]]
20	-4.78231	43.27999	62	29	12	pensionerI	[[1, 1, 2], [1, 1, 3], [1, 1, 4], [1, 2, 2], [1, 2, 3], [1, 2, 4], [2, 1, 2], [2, 1, 3], [2, 1, 4], [2, 2, 2], [2, 2, 3], [2, 2, 4], [3, 1, 2], [3, 1, 3], [3, 1, 4], [3, 2, 2], [3, 2, 3], [3, 2, 4], [4, 1, 2], [4, 1, 3], [4, 1, 4], [4, 2, 2], [4, 2, 3], [4, 2, 4], [5, 1, 2], [5, 1, 3], [5, 1, 4], [5, 2, 2], [5, 2, 3], [5, 2, 4], [6, 1, 2], [6, 1, 3], [6, 1, 4], [6, 2, 2], [6, 2, 3], [6, 2, 4], [6, 2, 1], 0, [1, 2, 1], [2, 2, 1], [6, 1, 1], [1, 1, 1], [2, 1, 1], [4, 2, 1], [3, 2, 1], [5, 2, 1], [4, 1, 1], [3, 1, 1], [5, 1, 1]]
21	-4.78873	43.28977	62	20	12	pensionerI	[[1, 1, 2], [1, 1, 3], [1, 1, 4], [1, 2, 2], [1, 2, 3], [1, 2, 4], [2, 1, 2], [2, 1, 3], [2, 1, 4], [2, 2, 2], [2, 2, 3], [2, 2, 4], [3, 1, 2], [3, 1, 3], [3, 1, 4], [3, 2, 2], [3, 2, 3], [3, 2, 4], [4, 1, 2], [4, 1, 3], [4, 1, 4], [4, 2, 2], [4, 2, 3], [4, 2, 4], [5, 1, 2], [5, 1, 3], [5, 1, 4], [5, 2, 2], [5, 2, 3], [5, 2, 4], [6, 1, 2], [6, 1, 3], [6, 1, 4], [6, 2, 2], [6, 2, 3], [6, 2, 4], [5, 2, 1], 0, [6, 2, 1], [2, 2, 1], [1, 2, 1], [5, 1, 1], [6, 1, 1], [4, 2, 1], [2, 1, 1], [1, 1, 1], [3, 2, 1], [4, 1, 1], [3, 1, 1]]
22	-4.77652	43.28347	62	37	12	businessI	[[1, 1, 4], [1, 2, 4], [2, 1, 4], [2, 2, 4], [3, 1, 1], [3, 1, 2], [3, 1, 3], [3, 1, 4], [3, 2, 1], [3, 2, 2], [3, 2, 3], [3, 2, 4], [4, 1, 1], [4, 1, 2], [4, 1, 3], [4, 1, 4], [4, 2, 1], [4, 2, 2], [4, 2, 3], [4, 2, 4], [5, 1, 4], [5, 2, 4], [6, 1, 4], [6, 2, 4], [5, 1, 3], 0, [6, 1, 3], [5, 1, 2], [6, 1, 2], [5, 1, 1], [6, 1, 1], [2, 1, 3], [2, 1, 2], [2, 1, 1], [1, 1, 3], [1, 1, 2], [1, 1, 1], [5, 2, 3], [6, 2, 3], [5, 2, 2], [6, 2, 2], [5, 2, 1], [6, 2, 1], [2, 2, 3], [2, 2, 2], [2, 2, 1], [1, 2, 3], [1, 2, 2], [1, 2, 1]]
23	-4.77669	43.28718	62	60	12	familyI	[[1, 1, 2], [1, 1, 3], [1, 1, 4], [1, 2, 2], [1, 2, 3], [1, 2, 4], [2, 1, 2], [2, 1, 3], [2, 1, 4], [2, 2, 2], [2, 2, 3], [2, 2, 4], [3, 1, 2], [3, 1, 3], [3, 1, 4], [3, 2, 2], [3, 2, 3], [3, 2, 4], [4, 1, 2], [4, 1, 3], [4, 1, 4], [4, 2, 2], [4, 2, 3], [4, 2, 4], [5, 1, 2], [5, 1, 3], [5, 1, 4], [5, 2, 2], [5, 2, 3], [5, 2, 4], [6, 1, 2], [6, 1, 3], [6, 1, 4], [6, 2, 2], [6, 2, 3], [6, 2, 4], [5, 2, 1], 0, [1, 2, 1], [6, 2, 1], [5, 1, 1], [1, 1, 1], [6, 1, 1], [3, 2, 1], [4, 2, 1], [2, 2, 1], [3, 1, 1], [4, 1, 1], [2, 1, 1]]
24	-4.77642	43.28656	62	40	12	businessII	[[1, 1, 4], [1, 2, 4], [2, 1, 1], [2, 1, 2], [2, 1, 3], [2, 1, 4], [2, 2, 1], [2, 2, 2], [2, 2, 3], [2, 2, 4], [3, 1, 1], [3, 1, 2], [3, 1, 3], [3, 1, 4], [3, 2, 1], [3, 2, 2], [3, 2, 3], [3, 2, 4], [4, 1, 1], [4, 1, 2], [4, 1, 3], [4, 1, 4], [4, 2, 1], [4, 2, 2], [4, 2, 3], [4, 2, 4], [5, 1, 1], [5, 1, 2], [5, 1, 3], [5, 1, 4], [5, 2, 1], [5, 2, 2], [5, 2, 3], [5, 2, 4], [6, 1, 4], [6, 2, 4], [6, 2, 3], 0, [6, 2, 2], [1, 2, 3], [6, 2, 1], [1, 2, 2], [1, 2, 1], [6, 1, 3], [6, 1, 2], [1, 1, 3], [6, 1, 1], [1, 1, 2], [1, 1, 1]]
25	-4.76599	43.30494	62	54	12	familyII	[[1, 1, 4], [1, 2, 4], [2, 1, 4], [2, 2, 4], [3, 1, 4], [3, 2, 4], [4, 1, 4], [4, 2, 4], [5, 1, 4], [5, 2, 4], [6, 1, 4], [6, 2, 4], [5, 1, 3], 0, [6, 1, 3], [1, 1, 3], [5, 1, 2], [6, 1, 2], [1, 1, 2], [5, 1, 1], [6, 1, 1], [1, 1, 1], [5, 2, 3], [6, 2, 3], [1, 2, 3], [5, 2, 2], [6, 2, 2], [2, 1, 3], [1, 2, 2], [5, 2, 1], [6, 2, 1], [3, 1, 3], [2, 1, 2], [1, 2, 1], [4, 1, 3], [3, 1, 2], [2, 1, 1], [4, 1, 2], [3, 1, 1], [4, 1, 1], [2, 2, 3], [3, 2, 3], [2, 2, 2], [4, 2, 3], [3, 2, 2], [2, 2, 1], [4, 2, 2], [3, 2, 1], [4, 2, 1]]
26	-4.76535	43.30414	62	45	12	businessI	[[1, 1, 4], [1, 2, 4], [2, 1, 4], [2, 2, 4], [3, 1, 1], [3, 1, 2], [3, 1, 3], [3, 1, 4], [3, 2, 1], [3, 2, 2], [3, 2, 3], [3, 2, 4], [4, 1, 1], [4, 1, 2], [4, 1, 3], [4, 1, 4], [4, 2, 1], [4, 2, 2], [4, 2, 3], [4, 2, 4], [5, 1, 4], [5, 2, 4], [6, 1, 4], [6, 2, 4], [6, 2, 3], 0, [6, 2, 2], [1, 2, 3], [6, 2, 1], [1, 2, 2], [1, 2, 1], [5, 2, 3], [5, 2, 2], [5, 2, 1], [2, 2, 3], [2, 2, 2], [2, 2, 1], [6, 1, 3], [6, 1, 2], [1, 1, 3], [6, 1, 1], [1, 1, 2], [1, 1, 1], [5, 1, 3], [5, 1, 2], [5, 1, 1], [2, 1, 3], [2, 1, 2], [2, 1, 1]]
27	-4.76945	43.27168	62	49	12	businessI	[[1, 1, 4], [1, 2, 4], [2, 1, 4], [2, 2, 4], [3, 1, 1], [3, 1, 2], [3, 1, 3], [3, 1, 4], [3, 2, 1], [3, 2, 2], [3, 2, 3], [3, 2, 4], [4, 1, 1], [4, 1, 2], [4, 1, 3], [4, 1, 4], [4, 2, 1], [4, 2, 2], [4, 2, 3], [4, 2, 4], [5, 1, 4], [5, 2, 4], [6, 1, 4], [6, 2, 4], [5, 1, 3], 0, [5, 1, 2], [5, 1, 1], [2, 1, 3], [2, 1, 2], [2, 1, 1], [1, 1, 3], [1, 1, 2], [1, 1, 1], [6, 1, 3], [6, 1, 2], [6, 1, 1], [5, 2, 3], [5, 2, 2], [5, 2, 1], [2, 2, 3], [2, 2, 2], [2, 2, 1], [1, 2, 3], [1, 2, 2], [1, 2, 1], [6, 2, 3], [6, 2, 2], [6, 2, 1]]
28	-4.77328	43.27477	62	66	12	familyI	[[1, 1, 2], [1, 1, 3], [1, 1, 4], [1, 2, 2], [1, 2, 3], [1, 2, 4], [2, 1, 2], [2, 1, 3], [2, 1, 4], [2, 2, 2], [2, 2, 3], [2, 2, 4], [3, 1, 2], [3, 1, 3], [3, 1, 4], [3, 2, 2], [3, 2, 3], [3, 2, 4], [4, 1, 2], [4, 1, 3], [4, 1, 4], [4, 2, 2], [4, 2, 3], [4, 2, 4], [5, 1, 2], [5, 1, 3], [5, 1, 4], [5, 2, 2], [5, 2, 3], [5, 2, 4], [6, 1, 2], [6, 1, 3], [6, 1, 4], [6, 2, 2], [6, 2, 3], [6, 2, 4], [1, 2, 1], 0, [6, 2, 1], [5, 2, 1], [1, 1, 1], [3, 2, 1], [6, 1, 1], [5, 1, 1], [3, 1, 1], [4, 2, 1], [2, 2, 1], [4, 1, 1], [2, 1, 1]]
29	-4.76671	43.28907	62	63	12	familyI	[[1, 1, 2], [1, 1, 3], [1, 1, 4], [1, 2, 2], [1, 2, 3], [1, 2, 4], [2, 1, 2], [2, 1, 3], [2, 1, 4], [2, 2, 2], [2, 2, 3], [2, 2, 4], [3, 1, 2], [3, 1, 3], [3, 1, 4], [3, 2, 2], [3, 2, 3], [3, 2, 4], [4, 1, 2], [4, 1, 3], [4, 1, 4], [4, 2, 2], [4, 2, 3], [4, 2, 4], [5, 1, 2], [5, 1, 3], [5, 1, 4], [5, 2, 2], [5, 2, 3], [5, 2, 4], [6, 1, 2], [6, 1, 3], [6, 1, 4], [6, 2, 2], [6, 2, 3], [6, 2, 4], [6, 1, 1], 0, [3, 1, 1], [5, 1, 1], [1, 1, 1], [6, 2, 1], [3, 2, 1], [5, 2, 1], [1, 2, 1], [2, 1, 1], [4, 1, 1], [2, 2, 1], [4, 2, 1]]
30	-4.76783	43.28699	62	36	12	businessI	[[1, 1, 4], [1, 2, 4], [2, 1, 4], [2, 2, 4], [3, 1, 1], [3, 1, 2], [3, 1, 3], [3, 1, 4], [3, 2, 1], [3, 2, 2], [3, 2, 3], [3, 2, 4], [4, 1, 1], [4, 1, 2], [4, 1, 3], [4, 1, 4], [4, 2, 1], [4, 2, 2], [4, 2, 3], [4, 2, 4], [5, 1, 4], [5, 2, 4], [6, 1, 4], [6, 2, 4], [2, 1, 3], 0, [2, 1, 2], [6, 1, 3], [2, 1, 1], [6, 1, 2], [6, 1, 1], [5, 1, 3], [5, 1, 2], [5, 1, 1], [1, 1, 3], [1, 1, 2], [1, 1, 1], [2, 2, 3], [2, 2, 2], [6, 2, 3], [2, 2, 1], [6, 2, 2], [6, 2, 1], [5, 2, 3], [5, 2, 2], [5, 2, 1], [1, 2, 3], [1, 2, 2], [1, 2, 1]]
31	-4.76739	43.28642	62	22	12	pensionerII	[[1, 1, 3], [1, 1, 4], [1, 2, 3], [1, 2, 4], [2, 1, 3], [2, 1, 4], [2, 2, 3], [2, 2, 4], [3, 1, 3], [3, 1, 4], [3, 2, 3], [3, 2, 4], [4, 1, 3], [4, 1, 4], [4, 2, 3], [4, 2, 4], [5, 1, 3], [5, 1, 4], [5, 2, 3], [5, 2, 4], [6, 1, 3], [6, 1, 4], [6, 2, 3], [6, 2, 4], [2, 1, 2], 0, [2, 2, 2], [6, 1, 2], [6, 2, 2], [2, 1, 1], [2, 2, 1], [6, 1, 1], [6, 2, 1], [5, 1, 2], [5, 2, 2], [5, 1, 1], [5, 2, 1], [3, 1, 2], [3, 2, 2], [3, 1, 1], [3, 2, 1], [4, 1, 2], [4, 2, 2], [4, 1, 1], [4, 2, 1], [1, 1, 2], [1, 2, 2], [1, 1, 1], [1, 2, 1]]
32	-4.77329	43.28922	62	55	12	businessII	[[1, 1, 4], [1, 2, 4], [2, 1, 1], [2, 1, 2], [2, 1, 3], [2, 1, 4], [2, 2, 1], [2, 2, 2], [2, 2, 3], [2, 2, 4], [3, 1, 1], [3, 1, 2], [3, 1, 3], [3, 1, 4], [3, 2, 1], [3, 2, 2], [3, 2, 3], [3, 2, 4], [4, 1, 1], [4, 1, 2], [4, 1, 3], [4, 1, 4], [4, 2, 1], [4, 2, 2], [4, 2, 3], [4, 2, 4], [5, 1, 1], [5, 1, 2], [5, 1, 3], [5, 1, 4], [5, 2, 1], [5, 2, 2], [5, 2, 3], [5, 2, 4], [6, 1, 4], [6, 2, 4], [6, 1, 3], 0, [6, 1, 2], [6, 1, 1], [1, 1, 3], [1, 1, 2], [1, 1, 1], [6, 2, 3], [6, 2, 2], [6, 2, 1], [1, 2, 3], [1, 2, 2], [1, 2, 1]]
33	-4.76468	43.31687	52	47	12	familyI	[[1, 1, 2], [1, 1, 3], [1, 1, 4], [1, 2, 2], [1, 2, 3], [1, 2, 4], [2, 1, 2], [2, 1, 3], [2, 1, 4], [2, 2, 2], [2, 2, 3], [2, 2, 4], [3, 1, 2], [3, 1, 3], [3, 1, 4], [3, 2, 2], [3, 2, 3], [3, 2, 4], [4, 1, 2], [4, 1, 3], [4, 1, 4], [4, 2, 2], [4, 2, 3], [4, 2, 4], [5, 1, 2], [5, 1, 3], [5, 1, 4], [5, 2, 2], [5, 2, 3], [5, 2, 4], [6, 1, 2], [6, 1, 3], [6, 1, 4], [6, 2, 2], [6, 2, 3], [6, 2, 4], [6, 1, 1], 0, [1, 1, 1], [3, 1, 1], [6, 2, 1], [1, 2, 1], [5, 1, 1], [3, 2, 1], [5, 2, 1], [4, 1, 1], [2, 1, 1], [4, 2, 1], [2, 2, 1]]
34	-4.77139	43.2812	62	21	12	pensionerI	[[1, 1, 2], [1, 1, 3], [1, 1, 4], [1, 2, 2], [1, 2, 3], [1, 2, 4], [2, 1, 2], [2, 1, 3], [2, 1, 4], [2, 2, 2], [2, 2, 3], [2, 2, 4], [3, 1, 2], [3, 1, 3], [3, 1, 4], [3, 2, 2], [3, 2, 3], [3, 2, 4], [4, 1, 2], [4, 1, 3], [4, 1, 4], [4, 2, 2], [4, 2, 3], [4, 2, 4], [5, 1, 2], [5, 1, 3], [5, 1, 4], [5, 2, 2], [5, 2, 3], [5, 2, 4], [6, 1, 2], [6, 1, 3], [6, 1, 4], [6, 2, 2], [6, 2, 3], [6, 2, 4], [6, 2, 1], 0, [4, 2, 1], [6, 1, 1], [4, 1, 1], [1, 2, 1], [1, 1, 1], [3, 2, 1], [3, 1, 1], [2, 2, 1], [5, 2, 1], [2, 1, 1], [5, 1, 1]]
35	-4.78708	43.30795	62	79	12	familyII	[[1, 1, 4], [1, 2, 4], [2, 1, 4], [2, 2, 4], [3, 1, 4], [3, 2, 4], [4, 1, 4], [4, 2, 4], [5, 1, 4], [5, 2, 4], [6, 1, 4], [6, 2, 4], [6, 1, 3], 0, [5, 1, 3], [6, 1, 2], [5, 1, 2], [1, 1, 3], [6, 1, 1], [5, 1, 1], [6, 2, 3], [5, 2, 3], [1, 1, 2], [6, 2, 2], [5, 2, 2], [1, 1, 1], [1, 2, 3], [6, 2, 1], [5, 2, 1], [1, 2, 2], [3, 1, 3], [4, 1, 3], [1, 2, 1], [2, 1, 3], [3, 1, 2], [4, 1, 2], [2, 1, 2], [3, 1, 1], [3, 2, 3], [4, 1, 1], [4, 2, 3], [2, 1, 1], [2, 2, 3], [3, 2, 2], [4, 2, 2], [2, 2, 2], [3, 2, 1], [4, 2, 1], [2, 2, 1]]
36	-4.7705	43.26954	62	29	12	pensionerI	[[1, 1, 2], [1, 1, 3], [1, 1, 4], [1, 2, 2], [1, 2, 3], [1, 2, 4], [2, 1, 2], [2, 1, 3], [2, 1, 4], [2, 2, 2], [2, 2, 3], [2, 2, 4], [3, 1, 2], [3, 1, 3], [3, 1, 4], [3, 2, 2], [3, 2, 3], [3, 2, 4], [4, 1, 2], [4, 1, 3], [4, 1, 4], [4, 2, 2], [4, 2, 3], [4, 2, 4], [5, 1, 2], [5, 1, 3], [5, 1, 4], [5, 2, 2], [5, 2, 3], [5, 2, 4], [6, 1, 2], [6, 1, 3], [6, 1, 4], [6, 2, 2], [6, 2, 3], [6, 2, 4], [3, 2, 1], 0, [5, 2, 1], [3, 1, 1], [5, 1, 1], [6, 2, 1], [6, 1, 1], [1, 2, 1], [4, 2, 1], [1, 1, 1], [4, 1, 1], [2, 2, 1], [2, 1, 1]]
37	-4.82817	43.29396	57	74	12	familyII	[[1, 1, 4], [1, 2, 4], [2, 1, 4], [2, 2, 4], [3, 1, 4], [3, 2, 4], [4, 1, 4], [4, 2, 4], [5, 1, 4], [5, 2, 4], [6, 1, 4], [6, 2, 4], [1, 2, 3], 0, [6, 2, 3], [5, 2, 3], [1, 2, 2], [6, 2, 2], [5, 2, 2], [1, 2, 1], [6, 2, 1], [5, 2, 1], [3, 2, 3], [2, 2, 3], [1, 1, 3], [6, 1, 3], [5, 1, 3], [3, 2, 2], [2, 2, 2], [1, 1, 2], [6, 1, 2], [4, 2, 3], [5, 1, 2], [3, 2, 1], [2, 2, 1], [1, 1, 1], [6, 1, 1], [4, 2, 2], [5, 1, 1], [4, 2, 1], [3, 1, 3], [2, 1, 3], [3, 1, 2], [2, 1, 2], [4, 1, 3], [3, 1, 1], [2, 1, 1], [4, 1, 2], [4, 1, 1]]
38	-4.7773	43.3654	52	67	12	familyI	[[1, 1, 2], [1, 1, 3], [1, 1, 4], [1, 2, 2], [1, 2, 3], [1, 2, 4], [2, 1, 2], [2, 1, 3], [2, 1, 4], [2, 2, 2], [2, 2, 3], [2, 2, 4], [3, 1, 2], [3, 1, 3], [3, 1, 4], [3, 2, 2], [3, 2, 3], [3, 2, 4], [4, 1, 2], [4, 1, 3], [4, 1, 4], [4, 2, 2], [4, 2, 3], [4, 2, 4], [5, 1, 2], [5, 1, 3], [5, 1, 4], [5, 2, 2], [5, 2, 3], [5, 2, 4], [6, 1, 2], [6, 1, 3], [6, 1, 4], [6, 2, 2], [6, 2, 3], [6, 2, 4], [5, 2, 1], 0, [1, 2, 1], [6, 2, 1], [3, 2, 1], [5, 1, 1], [1, 1, 1], [6, 1, 1], [3, 1, 1], [4, 2, 1], [2, 2, 1], [4, 1, 1], [2, 1, 1]]
39	-4.77488	43.36468	52	71	12	familyII	[[1, 1, 4], [1, 2, 4], [2, 1, 4], [2, 2, 4], [3, 1, 4], [3, 2, 4], [4, 1, 4], [4, 2, 4], [5, 1, 4], [5, 2, 4], [6, 1, 4], [6, 2, 4], [1, 2, 3], 0, [6, 2, 3], [1, 2, 2], [5, 2, 3], [6, 2, 2], [1, 2, 1], [5, 2, 2], [6, 2, 1], [5, 2, 1], [3, 2, 3], [4, 2, 3], [1, 1, 3], [6, 1, 3], [3, 2, 2], [4, 2, 2], [1, 1, 2], [5, 1, 3], [6, 1, 2], [3, 2, 1], [4, 2, 1], [2, 2, 3], [1, 1, 1], [5, 1, 2], [6, 1, 1], [2, 2, 2], [5, 1, 1], [2, 2, 1], [3, 1, 3], [4, 1, 3], [3, 1, 2], [4, 1, 2], [3, 1, 1], [4, 1, 1], [2, 1, 3], [2, 1, 2], [2, 1, 1]]
40	-4.76872	43.35996	52	36	12	businessI	[[1, 1, 4], [1, 2, 4], [2, 1, 4], [2, 2, 4], [3, 1, 1], [3, 1, 2], [3, 1, 3], [3, 1, 4], [3, 2, 1], [3, 2, 2], [3, 2, 3], [3, 2, 4], [4, 1, 1], [4, 1, 2], [4, 1, 3], [4, 1, 4], [4, 2, 1], [4, 2, 2], [4, 2, 3], [4, 2, 4], [5, 1, 4], [5, 2, 4], [6, 1, 4], [6, 2, 4], [2, 1, 3], 0, [6, 1, 3], [2, 1, 2], [6, 1, 2], [5, 1, 3], [2, 1, 1], [6, 1, 1], [5, 1, 2], [1, 1, 3], [5, 1, 1], [1, 1, 2], [1, 1, 1], [2, 2, 3], [6, 2, 3], [2, 2, 2], [6, 2, 2], [5, 2, 3], [2, 2, 1], [6, 2, 1], [5, 2, 2], [1, 2, 3], [5, 2, 1], [1, 2, 2], [1, 2, 1]]
41	-4.77226	43.34062	52	40	12	pensionerI	[[1, 1, 2], [1, 1, 3], [1, 1, 4], [1, 2, 2], [1, 2, 3], [1, 2, 4], [2, 1, 2], [2, 1, 3], [2, 1, 4], [2, 2, 2], [2, 2, 3], [2, 2, 4], [3, 1, 2], [3, 1, 3], [3, 1, 4], [3, 2, 2], [3, 2, 3], [3, 2, 4], [4, 1, 2], [4, 1, 3], [4, 1, 4], [4, 2, 2], [4, 2, 3], [4, 2, 4], [5, 1, 2], [5, 1, 3], [5, 1, 4], [5, 2, 2], [5, 2, 3], [5, 2, 4], [6, 1, 2], [6, 1, 3], [6, 1, 4], [6, 2, 2], [6, 2, 3], [6, 2, 4], [4, 2, 1], 0, [1, 2, 1], [6, 2, 1], [5, 2, 1], [2, 2, 1], [3, 2, 1], [4, 1, 1], [1, 1, 1], [6, 1, 1], [5, 1, 1], [2, 1, 1], [3, 1, 1]]
42	-4.76136	43.32376	52	28	12	pensionerII	[[1, 1, 3], [1, 1, 4], [1, 2, 3], [1, 2, 4], [2, 1, 3], [2, 1, 4], [2, 2, 3], [2, 2, 4], [3, 1, 3], [3, 1, 4], [3, 2, 3], [3, 2, 4], [4, 1, 3], [4, 1, 4], [4, 2, 3], [4, 2, 4], [5, 1, 3], [5, 1, 4], [5, 2, 3], [5, 2, 4], [6, 1, 3], [6, 1, 4], [6, 2, 3], [6, 2, 4], [5, 1, 2], 0, [5, 1, 1], [2, 1, 2], [2, 1, 1], [5, 2, 2], [5, 2, 1], [2, 2, 2], [6, 1, 2], [2, 2, 1], [6, 1, 1], [6, 2, 2], [6, 2, 1], [1, 1, 2], [1, 1, 1], [1, 2, 2], [1, 2, 1], [4, 1, 2], [4, 1, 1], [3, 1, 2], [3, 1, 1], [4, 2, 2], [4, 2, 1], [3, 2, 2], [3, 2, 1]]
43	-4.75326	43.33607	52	41	12	businessI	[[1, 1, 4], [1, 2, 4], [2, 1, 4], [2, 2, 4], [3, 1, 1], [3, 1, 2], [3, 1, 3], [3, 1, 4], [3, 2, 1], [3, 2, 2], [3, 2, 3], [3, 2, 4], [4, 1, 1], [4, 1, 2], [4, 1, 3], [4, 1, 4], [4, 2, 1], [4, 2, 2], [4, 2, 3], [4, 2, 4], [5, 1, 4], [5, 2, 4], [6, 1, 4], [6, 2, 4], [5, 1, 3], 0, [5, 1, 2], [5, 1, 1], [1, 1, 3], [2, 1, 3], [1, 1, 2], [2, 1, 2], [1, 1, 1], [2, 1, 1], [6, 1, 3], [6, 1, 2], [6, 1, 1], [5, 2, 3], [5, 2, 2], [5, 2, 1], [1, 2, 3], [2, 2, 3], [1, 2, 2], [2, 2, 2], [1, 2, 1], [2, 2, 1], [6, 2, 3], [6, 2, 2], [6, 2, 1]]
44	-4.78528	43.3437	52	52	12	businessI	[[1, 1, 4], [1, 2, 4], [2, 1, 4], [2, 2, 4], [3, 1, 1], [3, 1, 2], [3, 1, 3], [3, 1, 4], [3, 2, 1], [3, 2, 2], [3, 2, 3], [3, 2, 4], [4, 1, 1], [4, 1, 2], [4, 1, 3], [4, 1, 4], [4, 2, 1], [4, 2, 2], [4, 2, 3], [4, 2, 4], [5, 1, 4], [5, 2, 4], [6, 1, 4], [6, 2, 4], [5, 2, 3], 0, [2, 2, 3], [5, 2, 2], [2, 2, 2], [5, 2, 1], [2, 2, 1], [1, 2, 3], [1, 2, 2], [1, 2, 1], [6, 2, 3], [6, 2, 2], [6, 2, 1], [5, 1, 3], [2, 1, 3], [5, 1, 2], [2, 1, 2], [5, 1, 1], [2, 1, 1], [1, 1, 3], [1, 1, 2], [1, 1, 1], [6, 1, 3], [6, 1, 2], [6, 1, 1]]
45	-4.78244	43.34064	52	50	12	familyII	[[1, 1, 4], [1, 2, 4], [2, 1, 4], [2, 2, 4], [3, 1, 4], [3, 2, 4], [4, 1, 4], [4, 2, 4], [5, 1, 4], [5, 2, 4], [6, 1, 4], [6, 2, 4], [6, 2, 3], 0, [5, 2, 3], [6, 2, 2], [5, 2, 2], [6, 2, 1], [1, 2, 3], [5, 2, 1], [1, 2, 2], [6, 1, 3], [5, 1, 3], [1, 2, 1], [6, 1, 2], [5, 1, 2], [3, 2, 3], [6, 1, 1], [1, 1, 3], [2, 2, 3], [5, 1, 1], [4, 2, 3], [3, 2, 2], [1, 1, 2], [2, 2, 2], [4, 2, 2], [3, 2, 1], [1, 1, 1], [2, 2, 1], [4, 2, 1], [3, 1, 3], [2, 1, 3], [4, 1, 3], [3, 1, 2], [2, 1, 2], [4, 1, 2], [3, 1, 1], [2, 1, 1], [4, 1, 1]]
46	-4.80864	43.33511	57	23	12	pensionerI	[[1, 1, 2], [1, 1, 3], [1, 1, 4], [1, 2, 2], [1, 2, 3], [1, 2, 4], [2, 1, 2], [2, 1, 3], [2, 1, 4], [2, 2, 2], [2, 2, 3], [2, 2, 4], [3, 1, 2], [3, 1, 3], [3, 1, 4], [3, 2, 2], [3, 2, 3], [3, 2, 4], [4, 1, 2], [4, 1, 3], [4, 1, 4], [4, 2, 2], [4, 2, 3], [4, 2, 4], [5, 1, 2], [5, 1, 3], [5, 1, 4], [5, 2, 2], [5, 2, 3], [5, 2, 4], [6, 1, 2], [6, 1, 3], [6, 1, 4], [6, 2, 2], [6, 2, 3], [6, 2, 4], [1, 2, 1], 0, [4, 2, 1], [1, 1, 1], [4, 1, 1], [3, 2, 1], [5, 2, 1], [2, 2, 1], [3, 1, 1], [5, 1, 1], [2, 1, 1], [6, 2, 1], [6, 1, 1]]
47	-4.76594	43.36382	52	53	12	familyII	[[1, 1, 4], [1, 2, 4], [2, 1, 4], [2, 2, 4], [3, 1, 4], [3, 2, 4], [4, 1, 4], [4, 2, 4], [5, 1, 4], [5, 2, 4], [6, 1, 4], [6, 2, 4], [6, 2, 3], 0, [5, 2, 3], [6, 2, 2], [5, 2, 2], [6, 2, 1], [1, 2, 3], [5, 2, 1], [1, 2, 2], [1, 2, 1], [6, 1, 3], [3, 2, 3], [4, 2, 3], [5, 1, 3], [2, 2, 3], [6, 1, 2], [3, 2, 2], [4, 2, 2], [5, 1, 2], [2, 2, 2], [6, 1, 1], [1, 1, 3], [3, 2, 1], [4, 2, 1], [5, 1, 1], [2, 2, 1], [1, 1, 2], [1, 1, 1], [3, 1, 3], [4, 1, 3], [2, 1, 3], [3, 1, 2], [4, 1, 2], [2, 1, 2], [3, 1, 1], [4, 1, 1], [2, 1, 1]]
48	-4.77836	43.3667	52	78	12	familyII	[[1, 1, 4], [1, 2, 4], [2, 1, 4], [2, 2, 4], [3, 1, 4], [3, 2, 4], [4, 1, 4], [4, 2, 4], [5, 1, 4], [5, 2, 4], [6, 1, 4], [6, 2, 4], [5, 2, 3], 0, [6, 2, 3], [5, 2, 2], [6, 2, 2], [1, 2, 3], [5, 2, 1], [6, 2, 1], [1, 2, 2], [5, 1, 3], [6, 1, 3], [1, 2, 1], [5, 1, 2], [6, 1, 2], [1, 1, 3], [5, 1, 1], [6, 1, 1], [1, 1, 2], [2, 2, 3], [3, 2, 3], [1, 1, 1], [2, 2, 2], [3, 2, 2], [2, 2, 1], [2, 1, 3], [4, 2, 3], [3, 2, 1], [3, 1, 3], [2, 1, 2], [4, 2, 2], [3, 1, 2], [2, 1, 1], [4, 2, 1], [4, 1, 3], [3, 1, 1], [4, 1, 2], [4, 1, 1]]