S3n54d3w6-120p5-4-8c3_1679306000

DAYS
3

WINDOWS
1	480	600
2	600	720
3	720	840
4	840	960
5	960	1080
6	1080	1200

FEES
1	5
2	6
3	7
4	8

CLUSTERS
CLUST NO.	LONCOORD.	LATCOORD.

51	-4.87416	43.3423
52	-4.7807	43.3423
57	-4.82743	43.31532

CUSTOMERS
CUST NO.	LONCOORD.	LATCOORD.	CLUST NO.	BASKET.	SERVICE TIME.	SEGMENT.	PREF LIST.
0	-4.82743	43.31532	0	0	0	0	0
1	-4.83263	43.30734	57	40	12	businessII	[[1, 1, 4], [1, 2, 4], [1, 3, 4], [2, 1, 1], [2, 1, 2], [2, 1, 3], [2, 1, 4], [2, 2, 1], [2, 2, 2], [2, 2, 3], [2, 2, 4], [2, 3, 1], [2, 3, 2], [2, 3, 3], [2, 3, 4], [3, 1, 1], [3, 1, 2], [3, 1, 3], [3, 1, 4], [3, 2, 1], [3, 2, 2], [3, 2, 3], [3, 2, 4], [3, 3, 1], [3, 3, 2], [3, 3, 3], [3, 3, 4], [4, 1, 1], [4, 1, 2], [4, 1, 3], [4, 1, 4], [4, 2, 1], [4, 2, 2], [4, 2, 3], [4, 2, 4], [4, 3, 1], [4, 3, 2], [4, 3, 3], [4, 3, 4], [5, 1, 1], [5, 1, 2], [5, 1, 3], [5, 1, 4], [5, 2, 1], [5, 2, 2], [5, 2, 3], [5, 2, 4], [5, 3, 1], [5, 3, 2], [5, 3, 3], [5, 3, 4], [6, 1, 4], [6, 2, 4], [6, 3, 4], [6, 2, 3], 0, [6, 2, 2], [6, 2, 1], [1, 2, 3], [1, 2, 2], [1, 2, 1], [6, 1, 3], [6, 1, 2], [6, 1, 1], [6, 3, 3], [6, 3, 2], [6, 3, 1], [1, 1, 3], [1, 1, 2], [1, 1, 1], [1, 3, 3], [1, 3, 2], [1, 3, 1]]
2	-4.83232	43.30862	57	49	12	familyII	[[1, 1, 4], [1, 2, 4], [1, 3, 4], [2, 1, 4], [2, 2, 4], [2, 3, 4], [3, 1, 4], [3, 2, 4], [3, 3, 4], [4, 1, 4], [4, 2, 4], [4, 3, 4], [5, 1, 4], [5, 2, 4], [5, 3, 4], [6, 1, 4], [6, 2, 4], [6, 3, 4], [1, 1, 3], 0, [1, 1, 2], [6, 1, 3], [1, 1, 1], [6, 1, 2], [5, 1, 3], [6, 1, 1], [5, 1, 2], [5, 1, 1], [1, 2, 3], [1, 2, 2], [6, 2, 3], [1, 3, 3], [4, 1, 3], [1, 2, 1], [6, 2, 2], [3, 1, 3], [5, 2, 3], [1, 3, 2], [6, 3, 3], [4, 1, 2], [2, 1, 3], [6, 2, 1], [3, 1, 2], [5, 2, 2], [1, 3, 1], [6, 3, 2], [5, 3, 3], [4, 1, 1], [2, 1, 2], [3, 1, 1], [5, 2, 1], [6, 3, 1], [5, 3, 2], [2, 1, 1], [5, 3, 1], [4, 2, 3], [3, 2, 3], [4, 2, 2], [2, 2, 3], [3, 2, 2], [4, 3, 3], [3, 3, 3], [4, 2, 1], [2, 2, 2], [3, 2, 1], [4, 3, 2], [2, 3, 3], [3, 3, 2], [2, 2, 1], [4, 3, 1], [2, 3, 2], [3, 3, 1], [2, 3, 1]]
3	-4.82658	43.309	57	54	12	businessI	[[1, 1, 4], [1, 2, 4], [1, 3, 4], [2, 1, 4], [2, 2, 4], [2, 3, 4], [3, 1, 1], [3, 1, 2], [3, 1, 3], [3, 1, 4], [3, 2, 1], [3, 2, 2], [3, 2, 3], [3, 2, 4], [3, 3, 1], [3, 3, 2], [3, 3, 3], [3, 3, 4], [4, 1, 1], [4, 1, 2], [4, 1, 3], [4, 1, 4], [4, 2, 1], [4, 2, 2], [4, 2, 3], [4, 2, 4], [4, 3, 1], [4, 3, 2], [4, 3, 3], [4, 3, 4], [5, 1, 4], [5, 2, 4], [5, 3, 4], [6, 1, 4], [6, 2, 4], [6, 3, 4], [2, 3, 3], 0, [2, 3, 2], [5, 3, 3], [2, 3, 1], [5, 3, 2], [5, 3, 1], [1, 3, 3], [1, 3, 2], [1, 3, 1], [2, 1, 3], [2, 1, 2], [5, 1, 3], [2, 1, 1], [5, 1, 2], [5, 1, 1], [2, 2, 3], [1, 1, 3], [2, 2, 2], [5, 2, 3], [1, 1, 2], [2, 2, 1], [5, 2, 2], [1, 1, 1], [5, 2, 1], [1, 2, 3], [1, 2, 2], [1, 2, 1], [6, 3, 3], [6, 3, 2], [6, 3, 1], [6, 1, 3], [6, 1, 2], [6, 1, 1], [6, 2, 3], [6, 2, 2], [6, 2, 1]]
4	-4.81868	43.31611	57	27	12	pensionerI	[[1, 1, 2], [1, 1, 3], [1, 1, 4], [1, 2, 2], [1, 2, 3], [1, 2, 4], [1, 3, 2], [1, 3, 3], [1, 3, 4], [2, 1, 2], [2, 1, 3], [2, 1, 4], [2, 2, 2], [2, 2, 3], [2, 2, 4], [2, 3, 2], [2, 3, 3], [2, 3, 4], [3, 1, 2], [3, 1, 3], [3, 1, 4], [3, 2, 2], [3, 2, 3], [3, 2, 4], [3, 3, 2], [3, 3, 3], [3, 3, 4], [4, 1, 2], [4, 1, 3], [4, 1, 4], [4, 2, 2], [4, 2, 3], [4, 2, 4], [4, 3, 2], [4, 3, 3], [4, 3, 4], [5, 1, 2], [5, 1, 3], [5, 1, 4], [5, 2, 2], [5, 2, 3], [5, 2, 4], [5, 3, 2], [5, 3, 3], [5, 3, 4], [6, 1, 2], [6, 1, 3], [6, 1, 4], [6, 2, 2], [6, 2, 3], [6, 2, 4], [6, 3, 2], [6, 3, 3], [6, 3, 4], [3, 1, 1], 0, [2, 1, 1], [4, 1, 1], [3, 3, 1], [2, 3, 1], [6, 1, 1], [3, 2, 1], [2, 2, 1], [1, 1, 1], [5, 1, 1], [4, 3, 1], [4, 2, 1], [6, 3, 1], [6, 2, 1], [1, 3, 1], [5, 3, 1], [1, 2, 1], [5, 2, 1]]
5	-4.82741	43.31341	57	40	12	familyII	[[1, 1, 4], [1, 2, 4], [1, 3, 4], [2, 1, 4], [2, 2, 4], [2, 3, 4], [3, 1, 4], [3, 2, 4], [3, 3, 4], [4, 1, 4], [4, 2, 4], [4, 3, 4], [5, 1, 4], [5, 2, 4], [5, 3, 4], [6, 1, 4], [6, 2, 4], [6, 3, 4], [5, 3, 3], 0, [5, 1, 3], [6, 3, 3], [1, 3, 3], [6, 1, 3], [1, 1, 3], [5, 3, 2], [5, 1, 2], [6, 3, 2], [1, 3, 2], [6, 1, 2], [1, 1, 2], [5, 3, 1], [5, 2, 3], [5, 1, 1], [6, 3, 1], [6, 2, 3], [1, 3, 1], [1, 2, 3], [6, 1, 1], [1, 1, 1], [5, 2, 2], [6, 2, 2], [1, 2, 2], [5, 2, 1], [6, 2, 1], [1, 2, 1], [3, 3, 3], [3, 1, 3], [2, 3, 3], [2, 1, 3], [3, 3, 2], [3, 1, 2], [2, 3, 2], [4, 3, 3], [2, 1, 2], [4, 1, 3], [3, 3, 1], [3, 2, 3], [3, 1, 1], [2, 3, 1], [2, 2, 3], [4, 3, 2], [2, 1, 1], [4, 1, 2], [3, 2, 2], [2, 2, 2], [4, 3, 1], [4, 2, 3], [4, 1, 1], [3, 2, 1], [2, 2, 1], [4, 2, 2], [4, 2, 1]]
6	-4.83159	43.31274	57	55	12	familyI	[[1, 1, 2], [1, 1, 3], [1, 1, 4], [1, 2, 2], [1, 2, 3], [1, 2, 4], [1, 3, 2], [1, 3, 3], [1, 3, 4], [2, 1, 2], [2, 1, 3], [2, 1, 4], [2, 2, 2], [2, 2, 3], [2, 2, 4], [2, 3, 2], [2, 3, 3], [2, 3, 4], [3, 1, 2], [3, 1, 3], [3, 1, 4], [3, 2, 2], [3, 2, 3], [3, 2, 4], [3, 3, 2], [3, 3, 3], [3, 3, 4], [4, 1, 2], [4, 1, 3], [4, 1, 4], [4, 2, 2], [4, 2, 3], [4, 2, 4], [4, 3, 2], [4, 3, 3], [4, 3, 4], [5, 1, 2], [5, 1, 3], [5, 1, 4], [5, 2, 2], [5, 2, 3], [5, 2, 4], [5, 3, 2], [5, 3, 3], [5, 3, 4], [6, 1, 2], [6, 1, 3], [6, 1, 4], [6, 2, 2], [6, 2, 3], [6, 2, 4], [6, 3, 2], [6, 3, 3], [6, 3, 4], [3, 2, 1], 0, [5, 2, 1], [1, 2, 1], [6, 2, 1], [3, 1, 1], [5, 1, 1], [1, 1, 1], [6, 1, 1], [3, 3, 1], [5, 3, 1], [1, 3, 1], [6, 3, 1], [2, 2, 1], [2, 1, 1], [4, 2, 1], [2, 3, 1], [4, 1, 1], [4, 3, 1]]
7	-4.8503	43.30643	57	72	12	familyII	[[1, 1, 4], [1, 2, 4], [1, 3, 4], [2, 1, 4], [2, 2, 4], [2, 3, 4], [3, 1, 4], [3, 2, 4], [3, 3, 4], [4, 1, 4], [4, 2, 4], [4, 3, 4], [5, 1, 4], [5, 2, 4], [5, 3, 4], [6, 1, 4], [6, 2, 4], [6, 3, 4], [5, 3, 3], 0, [6, 3, 3], [1, 3, 3], [5, 3, 2], [5, 2, 3], [6, 3, 2], [6, 2, 3], [1, 3, 2], [1, 2, 3], [5, 3, 1], [5, 2, 2], [6, 3, 1], [6, 2, 2], [1, 3, 1], [1, 2, 2], [5, 2, 1], [6, 2, 1], [1, 2, 1], [3, 3, 3], [3, 3, 2], [3, 2, 3], [3, 3, 1], [3, 2, 2], [2, 3, 3], [3, 2, 1], [4, 3, 3], [2, 3, 2], [2, 2, 3], [5, 1, 3], [6, 1, 3], [1, 1, 3], [4, 3, 2], [4, 2, 3], [2, 3, 1], [2, 2, 2], [5, 1, 2], [6, 1, 2], [1, 1, 2], [4, 3, 1], [4, 2, 2], [2, 2, 1], [5, 1, 1], [6, 1, 1], [1, 1, 1], [4, 2, 1], [3, 1, 3], [3, 1, 2], [3, 1, 1], [2, 1, 3], [4, 1, 3], [2, 1, 2], [4, 1, 2], [2, 1, 1], [4, 1, 1]]
8	-4.84363	43.3045	57	29	12	pensionerI	[[1, 1, 2], [1, 1, 3], [1, 1, 4], [1, 2, 2], [1, 2, 3], [1, 2, 4], [1, 3, 2], [1, 3, 3], [1, 3, 4], [2, 1, 2], [2, 1, 3], [2, 1, 4], [2, 2, 2], [2, 2, 3], [2, 2, 4], [2, 3, 2], [2, 3, 3], [2, 3, 4], [3, 1, 2], [3, 1, 3], [3, 1, 4], [3, 2, 2], [3, 2, 3], [3, 2, 4], [3, 3, 2], [3, 3, 3], [3, 3, 4], [4, 1, 2], [4, 1, 3], [4, 1, 4], [4, 2, 2], [4, 2, 3], [4, 2, 4], [4, 3, 2], [4, 3, 3], [4, 3, 4], [5, 1, 2], [5, 1, 3], [5, 1, 4], [5, 2, 2], [5, 2, 3], [5, 2, 4], [5, 3, 2], [5, 3, 3], [5, 3, 4], [6, 1, 2], [6, 1, 3], [6, 1, 4], [6, 2, 2], [6, 2, 3], [6, 2, 4], [6, 3, 2], [6, 3, 3], [6, 3, 4], [3, 3, 1], 0, [2, 3, 1], [3, 2, 1], [2, 2, 1], [1, 3, 1], [1, 2, 1], [5, 3, 1], [6, 3, 1], [5, 2, 1], [3, 1, 1], [2, 1, 1], [6, 2, 1], [1, 1, 1], [4, 3, 1], [4, 2, 1], [5, 1, 1], [6, 1, 1], [4, 1, 1]]
9	-4.82629	43.31868	57	48	12	familyII	[[1, 1, 4], [1, 2, 4], [1, 3, 4], [2, 1, 4], [2, 2, 4], [2, 3, 4], [3, 1, 4], [3, 2, 4], [3, 3, 4], [4, 1, 4], [4, 2, 4], [4, 3, 4], [5, 1, 4], [5, 2, 4], [5, 3, 4], [6, 1, 4], [6, 2, 4], [6, 3, 4], [5, 3, 3], 0, [6, 3, 3], [5, 3, 2], [5, 2, 3], [5, 1, 3], [6, 3, 2], [6, 2, 3], [5, 3, 1], [6, 1, 3], [1, 3, 3], [5, 2, 2], [5, 1, 2], [6, 3, 1], [6, 2, 2], [6, 1, 2], [1, 3, 2], [5, 2, 1], [1, 2, 3], [5, 1, 1], [1, 1, 3], [6, 2, 1], [6, 1, 1], [1, 3, 1], [1, 2, 2], [1, 1, 2], [1, 2, 1], [1, 1, 1], [2, 3, 3], [3, 3, 3], [4, 3, 3], [2, 3, 2], [2, 2, 3], [2, 1, 3], [3, 3, 2], [4, 3, 2], [3, 2, 3], [3, 1, 3], [2, 3, 1], [4, 2, 3], [4, 1, 3], [2, 2, 2], [2, 1, 2], [3, 3, 1], [4, 3, 1], [3, 2, 2], [3, 1, 2], [4, 2, 2], [4, 1, 2], [2, 2, 1], [2, 1, 1], [3, 2, 1], [3, 1, 1], [4, 2, 1], [4, 1, 1]]
10	-4.83814	43.29254	57	79	12	familyII	[[1, 1, 4], [1, 2, 4], [1, 3, 4], [2, 1, 4], [2, 2, 4], [2, 3, 4], [3, 1, 4], [3, 2, 4], [3, 3, 4], [4, 1, 4], [4, 2, 4], [4, 3, 4], [5, 1, 4], [5, 2, 4], [5, 3, 4], [6, 1, 4], [6, 2, 4], [6, 3, 4], [5, 2, 3], 0, [1, 2, 3], [5, 1, 3], [1, 1, 3], [5, 3, 3], [1, 3, 3], [5, 2, 2], [1, 2, 2], [5, 1, 2], [1, 1, 2], [5, 3, 2], [1, 3, 2], [5, 2, 1], [1, 2, 1], [5, 1, 1], [1, 1, 1], [5, 3, 1], [1, 3, 1], [6, 2, 3], [6, 1, 3], [6, 3, 3], [6, 2, 2], [6, 1, 2], [6, 3, 2], [6, 2, 1], [6, 1, 1], [6, 3, 1], [4, 2, 3], [4, 1, 3], [4, 3, 3], [2, 2, 3], [4, 2, 2], [2, 1, 3], [4, 1, 2], [3, 2, 3], [3, 1, 3], [2, 3, 3], [4, 3, 2], [3, 3, 3], [2, 2, 2], [4, 2, 1], [2, 1, 2], [4, 1, 1], [3, 2, 2], [3, 1, 2], [2, 3, 2], [4, 3, 1], [3, 3, 2], [2, 2, 1], [2, 1, 1], [3, 2, 1], [3, 1, 1], [2, 3, 1], [3, 3, 1]]
11	-4.82237	43.3003	57	41	12	businessII	[[1, 1, 4], [1, 2, 4], [1, 3, 4], [2, 1, 1], [2, 1, 2], [2, 1, 3], [2, 1, 4], [2, 2, 1], [2, 2, 2], [2, 2, 3], [2, 2, 4], [2, 3, 1], [2, 3, 2], [2, 3, 3], [2, 3, 4], [3, 1, 1], [3, 1, 2], [3, 1, 3], [3, 1, 4], [3, 2, 1], [3, 2, 2], [3, 2, 3], [3, 2, 4], [3, 3, 1], [3, 3, 2], [3, 3, 3], [3, 3, 4], [4, 1, 1], [4, 1, 2], [4, 1, 3], [4, 1, 4], [4, 2, 1], [4, 2, 2], [4, 2, 3], [4, 2, 4], [4, 3, 1], [4, 3, 2], [4, 3, 3], [4, 3, 4], [5, 1, 1], [5, 1, 2], [5, 1, 3], [5, 1, 4], [5, 2, 1], [5, 2, 2], [5, 2, 3], [5, 2, 4], [5, 3, 1], [5, 3, 2], [5, 3, 3], [5, 3, 4], [6, 1, 4], [6, 2, 4], [6, 3, 4], [6, 3, 3], 0, [6, 3, 2], [6, 3, 1], [1, 3, 3], [1, 3, 2], [1, 3, 1], [6, 2, 3], [6, 2, 2], [6, 2, 1], [1, 2, 3], [1, 2, 2], [1, 2, 1], [6, 1, 3], [6, 1, 2], [6, 1, 1], [1, 1, 3], [1, 1, 2], [1, 1, 1]]
12	-4.83386	43.29323	57	53	12	familyII	[[1, 1, 4], [1, 2, 4], [1, 3, 4], [2, 1, 4], [2, 2, 4], [2, 3, 4], [3, 1, 4], [3, 2, 4], [3, 3, 4], [4, 1, 4], [4, 2, 4], [4, 3, 4], [5, 1, 4], [5, 2, 4], [5, 3, 4], [6, 1, 4], [6, 2, 4], [6, 3, 4], [1, 3, 3], 0, [6, 3, 3], [1, 3, 2], [5, 3, 3], [1, 2, 3], [6, 3, 2], [6, 2, 3], [1, 3, 1], [5, 3, 2], [1, 2, 2], [5, 2, 3], [6, 3, 1], [6, 2, 2], [5, 3, 1], [1, 2, 1], [5, 2, 2], [6, 2, 1], [5, 2, 1], [3, 3, 3], [4, 3, 3], [3, 3, 2], [4, 3, 2], [3, 2, 3], [4, 2, 3], [3, 3, 1], [4, 3, 1], [2, 3, 3], [3, 2, 2], [4, 2, 2], [2, 3, 2], [3, 2, 1], [4, 2, 1], [2, 2, 3], [2, 3, 1], [1, 1, 3], [2, 2, 2], [6, 1, 3], [1, 1, 2], [5, 1, 3], [2, 2, 1], [6, 1, 2], [1, 1, 1], [5, 1, 2], [6, 1, 1], [5, 1, 1], [3, 1, 3], [4, 1, 3], [3, 1, 2], [4, 1, 2], [3, 1, 1], [4, 1, 1], [2, 1, 3], [2, 1, 2], [2, 1, 1]]
13	-4.83361	43.30105	57	29	12	pensionerII	[[1, 1, 3], [1, 1, 4], [1, 2, 3], [1, 2, 4], [1, 3, 3], [1, 3, 4], [2, 1, 3], [2, 1, 4], [2, 2, 3], [2, 2, 4], [2, 3, 3], [2, 3, 4], [3, 1, 3], [3, 1, 4], [3, 2, 3], [3, 2, 4], [3, 3, 3], [3, 3, 4], [4, 1, 3], [4, 1, 4], [4, 2, 3], [4, 2, 4], [4, 3, 3], [4, 3, 4], [5, 1, 3], [5, 1, 4], [5, 2, 3], [5, 2, 4], [5, 3, 3], [5, 3, 4], [6, 1, 3], [6, 1, 4], [6, 2, 3], [6, 2, 4], [6, 3, 3], [6, 3, 4], [5, 2, 2], 0, [6, 2, 2], [5, 2, 1], [6, 2, 1], [5, 3, 2], [6, 3, 2], [5, 1, 2], [6, 1, 2], [5, 3, 1], [6, 3, 1], [5, 1, 1], [6, 1, 1], [2, 2, 2], [2, 2, 1], [2, 3, 2], [2, 1, 2], [2, 3, 1], [2, 1, 1], [4, 2, 2], [4, 2, 1], [4, 3, 2], [4, 1, 2], [4, 3, 1], [4, 1, 1], [1, 2, 2], [1, 2, 1], [1, 3, 2], [1, 1, 2], [1, 3, 1], [1, 1, 1], [3, 2, 2], [3, 2, 1], [3, 3, 2], [3, 1, 2], [3, 3, 1], [3, 1, 1]]
14	-4.84517	43.29506	57	45	12	familyII	[[1, 1, 4], [1, 2, 4], [1, 3, 4], [2, 1, 4], [2, 2, 4], [2, 3, 4], [3, 1, 4], [3, 2, 4], [3, 3, 4], [4, 1, 4], [4, 2, 4], [4, 3, 4], [5, 1, 4], [5, 2, 4], [5, 3, 4], [6, 1, 4], [6, 2, 4], [6, 3, 4], [5, 3, 3], 0, [5, 2, 3], [1, 3, 3], [1, 2, 3], [6, 3, 3], [5, 3, 2], [6, 2, 3], [5, 2, 2], [1, 3, 2], [1, 2, 2], [6, 3, 2], [5, 3, 1], [6, 2, 2], [5, 2, 1], [1, 3, 1], [1, 2, 1], [6, 3, 1], [6, 2, 1], [3, 3, 3], [3, 2, 3], [3, 3, 2], [3, 2, 2], [4, 3, 3], [4, 2, 3], [3, 3, 1], [3, 2, 1], [4, 3, 2], [4, 2, 2], [2, 3, 3], [2, 2, 3], [4, 3, 1], [4, 2, 1], [2, 3, 2], [2, 2, 2], [2, 3, 1], [2, 2, 1], [5, 1, 3], [1, 1, 3], [6, 1, 3], [5, 1, 2], [1, 1, 2], [6, 1, 2], [5, 1, 1], [1, 1, 1], [6, 1, 1], [3, 1, 3], [3, 1, 2], [4, 1, 3], [3, 1, 1], [4, 1, 2], [2, 1, 3], [4, 1, 1], [2, 1, 2], [2, 1, 1]]
15	-4.80697	43.32117	57	66	12	familyII	[[1, 1, 4], [1, 2, 4], [1, 3, 4], [2, 1, 4], [2, 2, 4], [2, 3, 4], [3, 1, 4], [3, 2, 4], [3, 3, 4], [4, 1, 4], [4, 2, 4], [4, 3, 4], [5, 1, 4], [5, 2, 4], [5, 3, 4], [6, 1, 4], [6, 2, 4], [6, 3, 4], [5, 2, 3], 0, [5, 1, 3], [6, 2, 3], [5, 2, 2], [6, 1, 3], [5, 1, 2], [6, 2, 2], [5, 2, 1], [6, 1, 2], [5, 1, 1], [1, 2, 3], [1, 1, 3], [6, 2, 1], [6, 1, 1], [1, 2, 2], [1, 1, 2], [1, 2, 1], [1, 1, 1], [4, 2, 3], [3, 2, 3], [5, 3, 3], [4, 1, 3], [3, 1, 3], [6, 3, 3], [4, 2, 2], [3, 2, 2], [5, 3, 2], [4, 1, 2], [3, 1, 2], [6, 3, 2], [4, 2, 1], [3, 2, 1], [5, 3, 1], [4, 1, 1], [3, 1, 1], [1, 3, 3], [6, 3, 1], [2, 2, 3], [2, 1, 3], [1, 3, 2], [2, 2, 2], [2, 1, 2], [1, 3, 1], [2, 2, 1], [2, 1, 1], [4, 3, 3], [3, 3, 3], [4, 3, 2], [3, 3, 2], [4, 3, 1], [3, 3, 1], [2, 3, 3], [2, 3, 2], [2, 3, 1]]
16	-4.83517	43.29439	57	33	12	pensionerI	[[1, 1, 2], [1, 1, 3], [1, 1, 4], [1, 2, 2], [1, 2, 3], [1, 2, 4], [1, 3, 2], [1, 3, 3], [1, 3, 4], [2, 1, 2], [2, 1, 3], [2, 1, 4], [2, 2, 2], [2, 2, 3], [2, 2, 4], [2, 3, 2], [2, 3, 3], [2, 3, 4], [3, 1, 2], [3, 1, 3], [3, 1, 4], [3, 2, 2], [3, 2, 3], [3, 2, 4], [3, 3, 2], [3, 3, 3], [3, 3, 4], [4, 1, 2], [4, 1, 3], [4, 1, 4], [4, 2, 2], [4, 2, 3], [4, 2, 4], [4, 3, 2], [4, 3, 3], [4, 3, 4], [5, 1, 2], [5, 1, 3], [5, 1, 4], [5, 2, 2], [5, 2, 3], [5, 2, 4], [5, 3, 2], [5, 3, 3], [5, 3, 4], [6, 1, 2], [6, 1, 3], [6, 1, 4], [6, 2, 2], [6, 2, 3], [6, 2, 4], [6, 3, 2], [6, 3, 3], [6, 3, 4], [3, 2, 1], 0, [2, 2, 1], [3, 3, 1], [6, 2, 1], [2, 3, 1], [6, 3, 1], [1, 2, 1], [1, 3, 1], [5, 2, 1], [4, 2, 1], [5, 3, 1], [4, 3, 1], [3, 1, 1], [2, 1, 1], [6, 1, 1], [1, 1, 1], [5, 1, 1], [4, 1, 1]]
17	-4.80719	43.30503	57	24	12	pensionerII	[[1, 1, 3], [1, 1, 4], [1, 2, 3], [1, 2, 4], [1, 3, 3], [1, 3, 4], [2, 1, 3], [2, 1, 4], [2, 2, 3], [2, 2, 4], [2, 3, 3], [2, 3, 4], [3, 1, 3], [3, 1, 4], [3, 2, 3], [3, 2, 4], [3, 3, 3], [3, 3, 4], [4, 1, 3], [4, 1, 4], [4, 2, 3], [4, 2, 4], [4, 3, 3], [4, 3, 4], [5, 1, 3], [5, 1, 4], [5, 2, 3], [5, 2, 4], [5, 3, 3], [5, 3, 4], [6, 1, 3], [6, 1, 4], [6, 2, 3], [6, 2, 4], [6, 3, 3], [6, 3, 4], [6, 2, 2], 0, [6, 2, 1], [5, 2, 2], [5, 2, 1], [2, 2, 2], [2, 2, 1], [6, 1, 2], [6, 1, 1], [5, 1, 2], [5, 1, 1], [2, 1, 2], [2, 1, 1], [6, 3, 2], [6, 3, 1], [3, 2, 2], [3, 2, 1], [5, 3, 2], [5, 3, 1], [1, 2, 2], [1, 2, 1], [2, 3, 2], [2, 3, 1], [4, 2, 2], [4, 2, 1], [3, 1, 2], [3, 1, 1], [1, 1, 2], [1, 1, 1], [3, 3, 2], [3, 3, 1], [1, 3, 2], [1, 3, 1], [4, 1, 2], [4, 1, 1], [4, 3, 2], [4, 3, 1]]
18	-4.84631	43.30094	57	22	12	pensionerII	[[1, 1, 3], [1, 1, 4], [1, 2, 3], [1, 2, 4], [1, 3, 3], [1, 3, 4], [2, 1, 3], [2, 1, 4], [2, 2, 3], [2, 2, 4], [2, 3, 3], [2, 3, 4], [3, 1, 3], [3, 1, 4], [3, 2, 3], [3, 2, 4], [3, 3, 3], [3, 3, 4], [4, 1, 3], [4, 1, 4], [4, 2, 3], [4, 2, 4], [4, 3, 3], [4, 3, 4], [5, 1, 3], [5, 1, 4], [5, 2, 3], [5, 2, 4], [5, 3, 3], [5, 3, 4], [6, 1, 3], [6, 1, 4], [6, 2, 3], [6, 2, 4], [6, 3, 3], [6, 3, 4], [6, 2, 2], 0, [6, 2, 1], [2, 2, 2], [2, 2, 1], [5, 2, 2], [6, 3, 2], [5, 2, 1], [6, 3, 1], [2, 3, 2], [2, 3, 1], [5, 3, 2], [5, 3, 1], [3, 2, 2], [3, 2, 1], [4, 2, 2], [4, 2, 1], [1, 2, 2], [1, 2, 1], [3, 3, 2], [6, 1, 2], [3, 3, 1], [6, 1, 1], [4, 3, 2], [4, 3, 1], [2, 1, 2], [2, 1, 1], [1, 3, 2], [1, 3, 1], [5, 1, 2], [5, 1, 1], [3, 1, 2], [3, 1, 1], [4, 1, 2], [4, 1, 1], [1, 1, 2], [1, 1, 1]]
19	-4.87497	43.32876	51	73	12	familyI	[[1, 1, 2], [1, 1, 3], [1, 1, 4], [1, 2, 2], [1, 2, 3], [1, 2, 4], [1, 3, 2], [1, 3, 3], [1, 3, 4], [2, 1, 2], [2, 1, 3], [2, 1, 4], [2, 2, 2], [2, 2, 3], [2, 2, 4], [2, 3, 2], [2, 3, 3], [2, 3, 4], [3, 1, 2], [3, 1, 3], [3, 1, 4], [3, 2, 2], [3, 2, 3], [3, 2, 4], [3, 3, 2], [3, 3, 3], [3, 3, 4], [4, 1, 2], [4, 1, 3], [4, 1, 4], [4, 2, 2], [4, 2, 3], [4, 2, 4], [4, 3, 2], [4, 3, 3], [4, 3, 4], [5, 1, 2], [5, 1, 3], [5, 1, 4], [5, 2, 2], [5, 2, 3], [5, 2, 4], [5, 3, 2], [5, 3, 3], [5, 3, 4], [6, 1, 2], [6, 1, 3], [6, 1, 4], [6, 2, 2], [6, 2, 3], [6, 2, 4], [6, 3, 2], [6, 3, 3], [6, 3, 4], [5, 1, 1], 0, [6, 1, 1], [3, 1, 1], [5, 2, 1], [6, 2, 1], [3, 2, 1], [1, 1, 1], [1, 2, 1], [4, 1, 1], [2, 1, 1], [4, 2, 1], [2, 2, 1], [5, 3, 1], [6, 3, 1], [3, 3, 1], [1, 3, 1], [4, 3, 1], [2, 3, 1]]
20	-4.87241	43.32975	51	66	12	familyI	[[1, 1, 2], [1, 1, 3], [1, 1, 4], [1, 2, 2], [1, 2, 3], [1, 2, 4], [1, 3, 2], [1, 3, 3], [1, 3, 4], [2, 1, 2], [2, 1, 3], [2, 1, 4], [2, 2, 2], [2, 2, 3], [2, 2, 4], [2, 3, 2], [2, 3, 3], [2, 3, 4], [3, 1, 2], [3, 1, 3], [3, 1, 4], [3, 2, 2], [3, 2, 3], [3, 2, 4], [3, 3, 2], [3, 3, 3], [3, 3, 4], [4, 1, 2], [4, 1, 3], [4, 1, 4], [4, 2, 2], [4, 2, 3], [4, 2, 4], [4, 3, 2], [4, 3, 3], [4, 3, 4], [5, 1, 2], [5, 1, 3], [5, 1, 4], [5, 2, 2], [5, 2, 3], [5, 2, 4], [5, 3, 2], [5, 3, 3], [5, 3, 4], [6, 1, 2], [6, 1, 3], [6, 1, 4], [6, 2, 2], [6, 2, 3], [6, 2, 4], [6, 3, 2], [6, 3, 3], [6, 3, 4], [5, 2, 1], 0, [5, 1, 1], [1, 2, 1], [5, 3, 1], [6, 2, 1], [1, 1, 1], [1, 3, 1], [6, 1, 1], [6, 3, 1], [3, 2, 1], [3, 1, 1], [3, 3, 1], [2, 2, 1], [4, 2, 1], [2, 1, 1], [2, 3, 1], [4, 1, 1], [4, 3, 1]]
21	-4.83318	43.29417	57	38	12	pensionerI	[[1, 1, 2], [1, 1, 3], [1, 1, 4], [1, 2, 2], [1, 2, 3], [1, 2, 4], [1, 3, 2], [1, 3, 3], [1, 3, 4], [2, 1, 2], [2, 1, 3], [2, 1, 4], [2, 2, 2], [2, 2, 3], [2, 2, 4], [2, 3, 2], [2, 3, 3], [2, 3, 4], [3, 1, 2], [3, 1, 3], [3, 1, 4], [3, 2, 2], [3, 2, 3], [3, 2, 4], [3, 3, 2], [3, 3, 3], [3, 3, 4], [4, 1, 2], [4, 1, 3], [4, 1, 4], [4, 2, 2], [4, 2, 3], [4, 2, 4], [4, 3, 2], [4, 3, 3], [4, 3, 4], [5, 1, 2], [5, 1, 3], [5, 1, 4], [5, 2, 2], [5, 2, 3], [5, 2, 4], [5, 3, 2], [5, 3, 3], [5, 3, 4], [6, 1, 2], [6, 1, 3], [6, 1, 4], [6, 2, 2], [6, 2, 3], [6, 2, 4], [6, 3, 2], [6, 3, 3], [6, 3, 4], [5, 2, 1], 0, [6, 2, 1], [2, 2, 1], [5, 3, 1], [6, 3, 1], [5, 1, 1], [2, 3, 1], [6, 1, 1], [2, 1, 1], [3, 2, 1], [1, 2, 1], [3, 3, 1], [1, 3, 1], [3, 1, 1], [1, 1, 1], [4, 2, 1], [4, 3, 1], [4, 1, 1]]
22	-4.83375	43.294	57	20	12	pensionerI	[[1, 1, 2], [1, 1, 3], [1, 1, 4], [1, 2, 2], [1, 2, 3], [1, 2, 4], [1, 3, 2], [1, 3, 3], [1, 3, 4], [2, 1, 2], [2, 1, 3], [2, 1, 4], [2, 2, 2], [2, 2, 3], [2, 2, 4], [2, 3, 2], [2, 3, 3], [2, 3, 4], [3, 1, 2], [3, 1, 3], [3, 1, 4], [3, 2, 2], [3, 2, 3], [3, 2, 4], [3, 3, 2], [3, 3, 3], [3, 3, 4], [4, 1, 2], [4, 1, 3], [4, 1, 4], [4, 2, 2], [4, 2, 3], [4, 2, 4], [4, 3, 2], [4, 3, 3], [4, 3, 4], [5, 1, 2], [5, 1, 3], [5, 1, 4], [5, 2, 2], [5, 2, 3], [5, 2, 4], [5, 3, 2], [5, 3, 3], [5, 3, 4], [6, 1, 2], [6, 1, 3], [6, 1, 4], [6, 2, 2], [6, 2, 3], [6, 2, 4], [6, 3, 2], [6, 3, 3], [6, 3, 4], [1, 1, 1], 0, [2, 1, 1], [6, 1, 1], [1, 3, 1], [2, 3, 1], [6, 3, 1], [4, 1, 1], [3, 1, 1], [4, 3, 1], [5, 1, 1], [3, 3, 1], [5, 3, 1], [1, 2, 1], [2, 2, 1], [6, 2, 1], [4, 2, 1], [3, 2, 1], [5, 2, 1]]
23	-4.85666	43.32024	51	22	12	pensionerII	[[1, 1, 3], [1, 1, 4], [1, 2, 3], [1, 2, 4], [1, 3, 3], [1, 3, 4], [2, 1, 3], [2, 1, 4], [2, 2, 3], [2, 2, 4], [2, 3, 3], [2, 3, 4], [3, 1, 3], [3, 1, 4], [3, 2, 3], [3, 2, 4], [3, 3, 3], [3, 3, 4], [4, 1, 3], [4, 1, 4], [4, 2, 3], [4, 2, 4], [4, 3, 3], [4, 3, 4], [5, 1, 3], [5, 1, 4], [5, 2, 3], [5, 2, 4], [5, 3, 3], [5, 3, 4], [6, 1, 3], [6, 1, 4], [6, 2, 3], [6, 2, 4], [6, 3, 3], [6, 3, 4], [5, 1, 2], 0, [5, 1, 1], [2, 1, 2], [2, 1, 1], [6, 1, 2], [6, 1, 1], [5, 2, 2], [5, 2, 1], [2, 2, 2], [2, 2, 1], [6, 2, 2], [6, 2, 1], [5, 3, 2], [5, 3, 1], [2, 3, 2], [2, 3, 1], [6, 3, 2], [6, 3, 1], [3, 1, 2], [3, 1, 1], [4, 1, 2], [4, 1, 1], [3, 2, 2], [3, 2, 1], [4, 2, 2], [4, 2, 1], [3, 3, 2], [3, 3, 1], [1, 1, 2], [1, 1, 1], [4, 3, 2], [4, 3, 1], [1, 2, 2], [1, 2, 1], [1, 3, 2], [1, 3, 1]]
24	-4.81868	43.31611	57	48	12	familyI	[[1, 1, 2], [1, 1, 3], [1, 1, 4], [1, 2, 2], [1, 2, 3], [1, 2, 4], [1, 3, 2], [1, 3, 3], [1, 3, 4], [2, 1, 2], [2, 1, 3], [2, 1, 4], [2, 2, 2], [2, 2, 3], [2, 2, 4], [2, 3, 2], [2, 3, 3], [2, 3, 4], [3, 1, 2], [3, 1, 3], [3, 1, 4], [3, 2, 2], [3, 2, 3], [3, 2, 4], [3, 3, 2], [3, 3, 3], [3, 3, 4], [4, 1, 2], [4, 1, 3], [4, 1, 4], [4, 2, 2], [4, 2, 3], [4, 2, 4], [4, 3, 2], [4, 3, 3], [4, 3, 4], [5, 1, 2], [5, 1, 3], [5, 1, 4], [5, 2, 2], [5, 2, 3], [5, 2, 4], [5, 3, 2], [5, 3, 3], [5, 3, 4], [6, 1, 2], [6, 1, 3], [6, 1, 4], [6, 2, 2], [6, 2, 3], [6, 2, 4], [6, 3, 2], [6, 3, 3], [6, 3, 4], [1, 1, 1], 0, [1, 3, 1], [5, 1, 1], [5, 3, 1], [3, 1, 1], [3, 3, 1], [6, 1, 1], [6, 3, 1], [1, 2, 1], [5, 2, 1], [3, 2, 1], [6, 2, 1], [4, 1, 1], [2, 1, 1], [4, 3, 1], [2, 3, 1], [4, 2, 1], [2, 2, 1]]
25	-4.84421	43.2914	57	23	12	pensionerI	[[1, 1, 2], [1, 1, 3], [1, 1, 4], [1, 2, 2], [1, 2, 3], [1, 2, 4], [1, 3, 2], [1, 3, 3], [1, 3, 4], [2, 1, 2], [2, 1, 3], [2, 1, 4], [2, 2, 2], [2, 2, 3], [2, 2, 4], [2, 3, 2], [2, 3, 3], [2, 3, 4], [3, 1, 2], [3, 1, 3], [3, 1, 4], [3, 2, 2], [3, 2, 3], [3, 2, 4], [3, 3, 2], [3, 3, 3], [3, 3, 4], [4, 1, 2], [4, 1, 3], [4, 1, 4], [4, 2, 2], [4, 2, 3], [4, 2, 4], [4, 3, 2], [4, 3, 3], [4, 3, 4], [5, 1, 2], [5, 1, 3], [5, 1, 4], [5, 2, 2], [5, 2, 3], [5, 2, 4], [5, 3, 2], [5, 3, 3], [5, 3, 4], [6, 1, 2], [6, 1, 3], [6, 1, 4], [6, 2, 2], [6, 2, 3], [6, 2, 4], [6, 3, 2], [6, 3, 3], [6, 3, 4], [1, 3, 1], 0, [3, 3, 1], [1, 1, 1], [2, 3, 1], [3, 1, 1], [2, 1, 1], [4, 3, 1], [5, 3, 1], [1, 2, 1], [4, 1, 1], [3, 2, 1], [5, 1, 1], [2, 2, 1], [4, 2, 1], [5, 2, 1], [6, 3, 1], [6, 1, 1], [6, 2, 1]]
26	-4.83352	43.30556	57	53	12	businessI	[[1, 1, 4], [1, 2, 4], [1, 3, 4], [2, 1, 4], [2, 2, 4], [2, 3, 4], [3, 1, 1], [3, 1, 2], [3, 1, 3], [3, 1, 4], [3, 2, 1], [3, 2, 2], [3, 2, 3], [3, 2, 4], [3, 3, 1], [3, 3, 2], [3, 3, 3], [3, 3, 4], [4, 1, 1], [4, 1, 2], [4, 1, 3], [4, 1, 4], [4, 2, 1], [4, 2, 2], [4, 2, 3], [4, 2, 4], [4, 3, 1], [4, 3, 2], [4, 3, 3], [4, 3, 4], [5, 1, 4], [5, 2, 4], [5, 3, 4], [6, 1, 4], [6, 2, 4], [6, 3, 4], [1, 3, 3], 0, [2, 3, 3], [1, 3, 2], [2, 3, 2], [1, 3, 1], [2, 3, 1], [5, 3, 3], [5, 3, 2], [5, 3, 1], [1, 1, 3], [2, 1, 3], [6, 3, 3], [1, 1, 2], [2, 1, 2], [6, 3, 2], [1, 1, 1], [2, 1, 1], [6, 3, 1], [5, 1, 3], [5, 1, 2], [5, 1, 1], [1, 2, 3], [2, 2, 3], [1, 2, 2], [2, 2, 2], [1, 2, 1], [2, 2, 1], [5, 2, 3], [5, 2, 2], [5, 2, 1], [6, 1, 3], [6, 1, 2], [6, 1, 1], [6, 2, 3], [6, 2, 2], [6, 2, 1]]
27	-4.81568	43.31965	57	39	12	pensionerII	[[1, 1, 3], [1, 1, 4], [1, 2, 3], [1, 2, 4], [1, 3, 3], [1, 3, 4], [2, 1, 3], [2, 1, 4], [2, 2, 3], [2, 2, 4], [2, 3, 3], [2, 3, 4], [3, 1, 3], [3, 1, 4], [3, 2, 3], [3, 2, 4], [3, 3, 3], [3, 3, 4], [4, 1, 3], [4, 1, 4], [4, 2, 3], [4, 2, 4], [4, 3, 3], [4, 3, 4], [5, 1, 3], [5, 1, 4], [5, 2, 3], [5, 2, 4], [5, 3, 3], [5, 3, 4], [6, 1, 3], [6, 1, 4], [6, 2, 3], [6, 2, 4], [6, 3, 3], [6, 3, 4], [5, 1, 2], 0, [5, 1, 1], [5, 3, 2], [5, 3, 1], [2, 1, 2], [2, 1, 1], [2, 3, 2], [2, 3, 1], [6, 1, 2], [6, 1, 1], [6, 3, 2], [6, 3, 1], [5, 2, 2], [5, 2, 1], [4, 1, 2], [4, 1, 1], [2, 2, 2], [1, 1, 2], [2, 2, 1], [1, 1, 1], [4, 3, 2], [4, 3, 1], [1, 3, 2], [1, 3, 1], [3, 1, 2], [3, 1, 1], [6, 2, 2], [6, 2, 1], [3, 3, 2], [3, 3, 1], [4, 2, 2], [4, 2, 1], [1, 2, 2], [1, 2, 1], [3, 2, 2], [3, 2, 1]]
28	-4.81449	43.3207	57	52	12	businessI	[[1, 1, 4], [1, 2, 4], [1, 3, 4], [2, 1, 4], [2, 2, 4], [2, 3, 4], [3, 1, 1], [3, 1, 2], [3, 1, 3], [3, 1, 4], [3, 2, 1], [3, 2, 2], [3, 2, 3], [3, 2, 4], [3, 3, 1], [3, 3, 2], [3, 3, 3], [3, 3, 4], [4, 1, 1], [4, 1, 2], [4, 1, 3], [4, 1, 4], [4, 2, 1], [4, 2, 2], [4, 2, 3], [4, 2, 4], [4, 3, 1], [4, 3, 2], [4, 3, 3], [4, 3, 4], [5, 1, 4], [5, 2, 4], [5, 3, 4], [6, 1, 4], [6, 2, 4], [6, 3, 4], [2, 2, 3], 0, [2, 2, 2], [1, 2, 3], [2, 2, 1], [1, 2, 2], [1, 2, 1], [5, 2, 3], [5, 2, 2], [5, 2, 1], [2, 1, 3], [2, 1, 2], [1, 1, 3], [2, 1, 1], [1, 1, 2], [1, 1, 1], [5, 1, 3], [5, 1, 2], [5, 1, 1], [6, 2, 3], [6, 2, 2], [6, 2, 1], [6, 1, 3], [6, 1, 2], [6, 1, 1], [2, 3, 3], [2, 3, 2], [1, 3, 3], [2, 3, 1], [1, 3, 2], [1, 3, 1], [5, 3, 3], [5, 3, 2], [5, 3, 1], [6, 3, 3], [6, 3, 2], [6, 3, 1]]
29	-4.8185	43.31103	57	35	12	businessII	[[1, 1, 4], [1, 2, 4], [1, 3, 4], [2, 1, 1], [2, 1, 2], [2, 1, 3], [2, 1, 4], [2, 2, 1], [2, 2, 2], [2, 2, 3], [2, 2, 4], [2, 3, 1], [2, 3, 2], [2, 3, 3], [2, 3, 4], [3, 1, 1], [3, 1, 2], [3, 1, 3], [3, 1, 4], [3, 2, 1], [3, 2, 2], [3, 2, 3], [3, 2, 4], [3, 3, 1], [3, 3, 2], [3, 3, 3], [3, 3, 4], [4, 1, 1], [4, 1, 2], [4, 1, 3], [4, 1, 4], [4, 2, 1], [4, 2, 2], [4, 2, 3], [4, 2, 4], [4, 3, 1], [4, 3, 2], [4, 3, 3], [4, 3, 4], [5, 1, 1], [5, 1, 2], [5, 1, 3], [5, 1, 4], [5, 2, 1], [5, 2, 2], [5, 2, 3], [5, 2, 4], [5, 3, 1], [5, 3, 2], [5, 3, 3], [5, 3, 4], [6, 1, 4], [6, 2, 4], [6, 3, 4], [6, 1, 3], 0, [6, 1, 2], [1, 1, 3], [6, 1, 1], [1, 1, 2], [1, 1, 1], [6, 3, 3], [6, 3, 2], [1, 3, 3], [6, 3, 1], [1, 3, 2], [1, 3, 1], [6, 2, 3], [6, 2, 2], [1, 2, 3], [6, 2, 1], [1, 2, 2], [1, 2, 1]]
30	-4.87165	43.3288	51	41	12	businessII	[[1, 1, 4], [1, 2, 4], [1, 3, 4], [2, 1, 1], [2, 1, 2], [2, 1, 3], [2, 1, 4], [2, 2, 1], [2, 2, 2], [2, 2, 3], [2, 2, 4], [2, 3, 1], [2, 3, 2], [2, 3, 3], [2, 3, 4], [3, 1, 1], [3, 1, 2], [3, 1, 3], [3, 1, 4], [3, 2, 1], [3, 2, 2], [3, 2, 3], [3, 2, 4], [3, 3, 1], [3, 3, 2], [3, 3, 3], [3, 3, 4], [4, 1, 1], [4, 1, 2], [4, 1, 3], [4, 1, 4], [4, 2, 1], [4, 2, 2], [4, 2, 3], [4, 2, 4], [4, 3, 1], [4, 3, 2], [4, 3, 3], [4, 3, 4], [5, 1, 1], [5, 1, 2], [5, 1, 3], [5, 1, 4], [5, 2, 1], [5, 2, 2], [5, 2, 3], [5, 2, 4], [5, 3, 1], [5, 3, 2], [5, 3, 3], [5, 3, 4], [6, 1, 4], [6, 2, 4], [6, 3, 4], [6, 2, 3], 0, [6, 2, 2], [6, 2, 1], [1, 2, 3], [1, 2, 2], [1, 2, 1], [6, 3, 3], [6, 3, 2], [6, 3, 1], [1, 3, 3], [1, 3, 2], [1, 3, 1], [6, 1, 3], [6, 1, 2], [6, 1, 1], [1, 1, 3], [1, 1, 2], [1, 1, 1]]
31	-4.8126	43.295	57	80	12	familyI	[[1, 1, 2], [1, 1, 3], [1, 1, 4], [1, 2, 2], [1, 2, 3], [1, 2, 4], [1, 3, 2], [1, 3, 3], [1, 3, 4], [2, 1, 2], [2, 1, 3], [2, 1, 4], [2, 2, 2], [2, 2, 3], [2, 2, 4], [2, 3, 2], [2, 3, 3], [2, 3, 4], [3, 1, 2], [3, 1, 3], [3, 1, 4], [3, 2, 2], [3, 2, 3], [3, 2, 4], [3, 3, 2], [3, 3, 3], [3, 3, 4], [4, 1, 2], [4, 1, 3], [4, 1, 4], [4, 2, 2], [4, 2, 3], [4, 2, 4], [4, 3, 2], [4, 3, 3], [4, 3, 4], [5, 1, 2], [5, 1, 3], [5, 1, 4], [5, 2, 2], [5, 2, 3], [5, 2, 4], [5, 3, 2], [5, 3, 3], [5, 3, 4], [6, 1, 2], [6, 1, 3], [6, 1, 4], [6, 2, 2], [6, 2, 3], [6, 2, 4], [6, 3, 2], [6, 3, 3], [6, 3, 4], [6, 2, 1], 0, [1, 2, 1], [5, 2, 1], [3, 2, 1], [6, 3, 1], [1, 3, 1], [5, 3, 1], [3, 3, 1], [6, 1, 1], [1, 1, 1], [4, 2, 1], [5, 1, 1], [2, 2, 1], [3, 1, 1], [4, 3, 1], [2, 3, 1], [4, 1, 1], [2, 1, 1]]
32	-4.82091	43.2902	57	38	12	businessII	[[1, 1, 4], [1, 2, 4], [1, 3, 4], [2, 1, 1], [2, 1, 2], [2, 1, 3], [2, 1, 4], [2, 2, 1], [2, 2, 2], [2, 2, 3], [2, 2, 4], [2, 3, 1], [2, 3, 2], [2, 3, 3], [2, 3, 4], [3, 1, 1], [3, 1, 2], [3, 1, 3], [3, 1, 4], [3, 2, 1], [3, 2, 2], [3, 2, 3], [3, 2, 4], [3, 3, 1], [3, 3, 2], [3, 3, 3], [3, 3, 4], [4, 1, 1], [4, 1, 2], [4, 1, 3], [4, 1, 4], [4, 2, 1], [4, 2, 2], [4, 2, 3], [4, 2, 4], [4, 3, 1], [4, 3, 2], [4, 3, 3], [4, 3, 4], [5, 1, 1], [5, 1, 2], [5, 1, 3], [5, 1, 4], [5, 2, 1], [5, 2, 2], [5, 2, 3], [5, 2, 4], [5, 3, 1], [5, 3, 2], [5, 3, 3], [5, 3, 4], [6, 1, 4], [6, 2, 4], [6, 3, 4], [1, 1, 3], 0, [1, 1, 2], [1, 1, 1], [1, 2, 3], [1, 2, 2], [1, 2, 1], [6, 1, 3], [6, 1, 2], [6, 1, 1], [6, 2, 3], [6, 2, 2], [6, 2, 1], [1, 3, 3], [1, 3, 2], [1, 3, 1], [6, 3, 3], [6, 3, 2], [6, 3, 1]]
33	-4.82257	43.29813	57	44	12	businessI	[[1, 1, 4], [1, 2, 4], [1, 3, 4], [2, 1, 4], [2, 2, 4], [2, 3, 4], [3, 1, 1], [3, 1, 2], [3, 1, 3], [3, 1, 4], [3, 2, 1], [3, 2, 2], [3, 2, 3], [3, 2, 4], [3, 3, 1], [3, 3, 2], [3, 3, 3], [3, 3, 4], [4, 1, 1], [4, 1, 2], [4, 1, 3], [4, 1, 4], [4, 2, 1], [4, 2, 2], [4, 2, 3], [4, 2, 4], [4, 3, 1], [4, 3, 2], [4, 3, 3], [4, 3, 4], [5, 1, 4], [5, 2, 4], [5, 3, 4], [6, 1, 4], [6, 2, 4], [6, 3, 4], [6, 1, 3], 0, [1, 1, 3], [6, 1, 2], [1, 1, 2], [6, 1, 1], [1, 1, 1], [5, 1, 3], [2, 1, 3], [5, 1, 2], [2, 1, 2], [5, 1, 1], [2, 1, 1], [6, 2, 3], [1, 2, 3], [6, 2, 2], [1, 2, 2], [6, 2, 1], [1, 2, 1], [5, 2, 3], [2, 2, 3], [5, 2, 2], [2, 2, 2], [5, 2, 1], [2, 2, 1], [6, 3, 3], [1, 3, 3], [6, 3, 2], [1, 3, 2], [6, 3, 1], [1, 3, 1], [5, 3, 3], [2, 3, 3], [5, 3, 2], [2, 3, 2], [5, 3, 1], [2, 3, 1]]
34	-4.79907	43.32283	52	20	12	pensionerII	[[1, 1, 3], [1, 1, 4], [1, 2, 3], [1, 2, 4], [1, 3, 3], [1, 3, 4], [2, 1, 3], [2, 1, 4], [2, 2, 3], [2, 2, 4], [2, 3, 3], [2, 3, 4], [3, 1, 3], [3, 1, 4], [3, 2, 3], [3, 2, 4], [3, 3, 3], [3, 3, 4], [4, 1, 3], [4, 1, 4], [4, 2, 3], [4, 2, 4], [4, 3, 3], [4, 3, 4], [5, 1, 3], [5, 1, 4], [5, 2, 3], [5, 2, 4], [5, 3, 3], [5, 3, 4], [6, 1, 3], [6, 1, 4], [6, 2, 3], [6, 2, 4], [6, 3, 3], [6, 3, 4], [2, 1, 2], 0, [2, 1, 1], [5, 1, 2], [5, 1, 1], [2, 3, 2], [2, 3, 1], [6, 1, 2], [5, 3, 2], [6, 1, 1], [5, 3, 1], [2, 2, 2], [2, 2, 1], [5, 2, 2], [5, 2, 1], [4, 1, 2], [4, 1, 1], [6, 3, 2], [1, 1, 2], [6, 3, 1], [1, 1, 1], [6, 2, 2], [6, 2, 1], [3, 1, 2], [3, 1, 1], [4, 3, 2], [4, 3, 1], [4, 2, 2], [4, 2, 1], [1, 3, 2], [1, 3, 1], [1, 2, 2], [3, 3, 2], [1, 2, 1], [3, 3, 1], [3, 2, 2], [3, 2, 1]]
35	-4.76674	43.3653	52	27	12	pensionerI	[[1, 1, 2], [1, 1, 3], [1, 1, 4], [1, 2, 2], [1, 2, 3], [1, 2, 4], [1, 3, 2], [1, 3, 3], [1, 3, 4], [2, 1, 2], [2, 1, 3], [2, 1, 4], [2, 2, 2], [2, 2, 3], [2, 2, 4], [2, 3, 2], [2, 3, 3], [2, 3, 4], [3, 1, 2], [3, 1, 3], [3, 1, 4], [3, 2, 2], [3, 2, 3], [3, 2, 4], [3, 3, 2], [3, 3, 3], [3, 3, 4], [4, 1, 2], [4, 1, 3], [4, 1, 4], [4, 2, 2], [4, 2, 3], [4, 2, 4], [4, 3, 2], [4, 3, 3], [4, 3, 4], [5, 1, 2], [5, 1, 3], [5, 1, 4], [5, 2, 2], [5, 2, 3], [5, 2, 4], [5, 3, 2], [5, 3, 3], [5, 3, 4], [6, 1, 2], [6, 1, 3], [6, 1, 4], [6, 2, 2], [6, 2, 3], [6, 2, 4], [6, 3, 2], [6, 3, 3], [6, 3, 4], [6, 1, 1], 0, [2, 1, 1], [3, 1, 1], [1, 1, 1], [6, 2, 1], [2, 2, 1], [5, 1, 1], [3, 2, 1], [6, 3, 1], [2, 3, 1], [1, 2, 1], [3, 3, 1], [1, 3, 1], [5, 2, 1], [4, 1, 1], [5, 3, 1], [4, 2, 1], [4, 3, 1]]
36	-4.76961	43.34092	52	31	12	pensionerII	[[1, 1, 3], [1, 1, 4], [1, 2, 3], [1, 2, 4], [1, 3, 3], [1, 3, 4], [2, 1, 3], [2, 1, 4], [2, 2, 3], [2, 2, 4], [2, 3, 3], [2, 3, 4], [3, 1, 3], [3, 1, 4], [3, 2, 3], [3, 2, 4], [3, 3, 3], [3, 3, 4], [4, 1, 3], [4, 1, 4], [4, 2, 3], [4, 2, 4], [4, 3, 3], [4, 3, 4], [5, 1, 3], [5, 1, 4], [5, 2, 3], [5, 2, 4], [5, 3, 3], [5, 3, 4], [6, 1, 3], [6, 1, 4], [6, 2, 3], [6, 2, 4], [6, 3, 3], [6, 3, 4], [6, 1, 2], 0, [6, 1, 1], [2, 1, 2], [2, 1, 1], [6, 3, 2], [6, 3, 1], [2, 3, 2], [2, 3, 1], [5, 1, 2], [5, 1, 1], [5, 3, 2], [5, 3, 1], [3, 1, 2], [3, 1, 1], [1, 1, 2], [1, 1, 1], [6, 2, 2], [4, 1, 2], [6, 2, 1], [4, 1, 1], [3, 3, 2], [3, 3, 1], [2, 2, 2], [2, 2, 1], [1, 3, 2], [1, 3, 1], [4, 3, 2], [4, 3, 1], [5, 2, 2], [5, 2, 1], [3, 2, 2], [3, 2, 1], [1, 2, 2], [1, 2, 1], [4, 2, 2], [4, 2, 1]]
37	-4.76935	43.33167	52	30	12	pensionerII	[[1, 1, 3], [1, 1, 4], [1, 2, 3], [1, 2, 4], [1, 3, 3], [1, 3, 4], [2, 1, 3], [2, 1, 4], [2, 2, 3], [2, 2, 4], [2, 3, 3], [2, 3, 4], [3, 1, 3], [3, 1, 4], [3, 2, 3], [3, 2, 4], [3, 3, 3], [3, 3, 4], [4, 1, 3], [4, 1, 4], [4, 2, 3], [4, 2, 4], [4, 3, 3], [4, 3, 4], [5, 1, 3], [5, 1, 4], [5, 2, 3], [5, 2, 4], [5, 3, 3], [5, 3, 4], [6, 1, 3], [6, 1, 4], [6, 2, 3], [6, 2, 4], [6, 3, 3], [6, 3, 4], [2, 1, 2], 0, [5, 1, 2], [6, 1, 2], [2, 1, 1], [5, 1, 1], [6, 1, 1], [2, 2, 2], [5, 2, 2], [6, 2, 2], [2, 2, 1], [5, 2, 1], [6, 2, 1], [2, 3, 2], [5, 3, 2], [6, 3, 2], [2, 3, 1], [5, 3, 1], [6, 3, 1], [4, 1, 2], [4, 1, 1], [3, 1, 2], [3, 1, 1], [4, 2, 2], [4, 2, 1], [4, 3, 2], [4, 3, 1], [3, 2, 2], [3, 2, 1], [3, 3, 2], [3, 3, 1], [1, 1, 2], [1, 1, 1], [1, 2, 2], [1, 2, 1], [1, 3, 2], [1, 3, 1]]
38	-4.7651	43.33875	52	24	12	pensionerII	[[1, 1, 3], [1, 1, 4], [1, 2, 3], [1, 2, 4], [1, 3, 3], [1, 3, 4], [2, 1, 3], [2, 1, 4], [2, 2, 3], [2, 2, 4], [2, 3, 3], [2, 3, 4], [3, 1, 3], [3, 1, 4], [3, 2, 3], [3, 2, 4], [3, 3, 3], [3, 3, 4], [4, 1, 3], [4, 1, 4], [4, 2, 3], [4, 2, 4], [4, 3, 3], [4, 3, 4], [5, 1, 3], [5, 1, 4], [5, 2, 3], [5, 2, 4], [5, 3, 3], [5, 3, 4], [6, 1, 3], [6, 1, 4], [6, 2, 3], [6, 2, 4], [6, 3, 3], [6, 3, 4], [6, 1, 2], 0, [6, 1, 1], [2, 1, 2], [2, 1, 1], [6, 3, 2], [6, 3, 1], [5, 1, 2], [5, 1, 1], [2, 3, 2], [2, 3, 1], [5, 3, 2], [5, 3, 1], [1, 1, 2], [1, 1, 1], [3, 1, 2], [3, 1, 1], [4, 1, 2], [4, 1, 1], [1, 3, 2], [1, 3, 1], [3, 3, 2], [3, 3, 1], [4, 3, 2], [4, 3, 1], [6, 2, 2], [6, 2, 1], [2, 2, 2], [2, 2, 1], [5, 2, 2], [5, 2, 1], [1, 2, 2], [1, 2, 1], [3, 2, 2], [3, 2, 1], [4, 2, 2], [4, 2, 1]]
39	-4.75717	43.33255	52	64	12	familyII	[[1, 1, 4], [1, 2, 4], [1, 3, 4], [2, 1, 4], [2, 2, 4], [2, 3, 4], [3, 1, 4], [3, 2, 4], [3, 3, 4], [4, 1, 4], [4, 2, 4], [4, 3, 4], [5, 1, 4], [5, 2, 4], [5, 3, 4], [6, 1, 4], [6, 2, 4], [6, 3, 4], [6, 3, 3], 0, [5, 3, 3], [6, 3, 2], [5, 3, 2], [6, 3, 1], [5, 3, 1], [6, 2, 3], [1, 3, 3], [5, 2, 3], [6, 2, 2], [1, 3, 2], [5, 2, 2], [6, 1, 3], [6, 2, 1], [5, 1, 3], [1, 3, 1], [5, 2, 1], [6, 1, 2], [5, 1, 2], [1, 2, 3], [6, 1, 1], [3, 3, 3], [5, 1, 1], [2, 3, 3], [4, 3, 3], [1, 2, 2], [1, 1, 3], [3, 3, 2], [2, 3, 2], [4, 3, 2], [1, 2, 1], [1, 1, 2], [3, 3, 1], [2, 3, 1], [4, 3, 1], [1, 1, 1], [3, 2, 3], [2, 2, 3], [4, 2, 3], [3, 2, 2], [2, 2, 2], [4, 2, 2], [3, 1, 3], [2, 1, 3], [4, 1, 3], [3, 2, 1], [2, 2, 1], [4, 2, 1], [3, 1, 2], [2, 1, 2], [4, 1, 2], [3, 1, 1], [2, 1, 1], [4, 1, 1]]
40	-4.75328	43.33938	52	44	12	familyII	[[1, 1, 4], [1, 2, 4], [1, 3, 4], [2, 1, 4], [2, 2, 4], [2, 3, 4], [3, 1, 4], [3, 2, 4], [3, 3, 4], [4, 1, 4], [4, 2, 4], [4, 3, 4], [5, 1, 4], [5, 2, 4], [5, 3, 4], [6, 1, 4], [6, 2, 4], [6, 3, 4], [5, 1, 3], 0, [6, 1, 3], [1, 1, 3], [5, 1, 2], [6, 1, 2], [1, 1, 2], [5, 1, 1], [6, 1, 1], [5, 2, 3], [6, 2, 3], [1, 1, 1], [1, 2, 3], [5, 2, 2], [6, 2, 2], [1, 2, 2], [5, 2, 1], [6, 2, 1], [1, 2, 1], [5, 3, 3], [6, 3, 3], [1, 3, 3], [5, 3, 2], [3, 1, 3], [6, 3, 2], [1, 3, 2], [5, 3, 1], [3, 1, 2], [6, 3, 1], [2, 1, 3], [1, 3, 1], [3, 1, 1], [4, 1, 3], [2, 1, 2], [3, 2, 3], [4, 1, 2], [2, 1, 1], [3, 2, 2], [2, 2, 3], [4, 1, 1], [3, 2, 1], [4, 2, 3], [2, 2, 2], [4, 2, 2], [3, 3, 3], [2, 2, 1], [4, 2, 1], [3, 3, 2], [2, 3, 3], [3, 3, 1], [4, 3, 3], [2, 3, 2], [4, 3, 2], [2, 3, 1], [4, 3, 1]]
41	-4.77149	43.34994	52	79	12	familyII	[[1, 1, 4], [1, 2, 4], [1, 3, 4], [2, 1, 4], [2, 2, 4], [2, 3, 4], [3, 1, 4], [3, 2, 4], [3, 3, 4], [4, 1, 4], [4, 2, 4], [4, 3, 4], [5, 1, 4], [5, 2, 4], [5, 3, 4], [6, 1, 4], [6, 2, 4], [6, 3, 4], [1, 2, 3], 0, [1, 3, 3], [6, 2, 3], [6, 3, 3], [1, 2, 2], [1, 3, 2], [6, 2, 2], [6, 3, 2], [1, 2, 1], [1, 3, 1], [6, 2, 1], [6, 3, 1], [5, 2, 3], [5, 3, 3], [5, 2, 2], [5, 3, 2], [5, 2, 1], [5, 3, 1], [3, 2, 3], [3, 3, 3], [2, 2, 3], [2, 3, 3], [1, 1, 3], [3, 2, 2], [3, 3, 2], [2, 2, 2], [6, 1, 3], [2, 3, 2], [1, 1, 2], [3, 2, 1], [3, 3, 1], [4, 2, 3], [2, 2, 1], [6, 1, 2], [4, 3, 3], [2, 3, 1], [1, 1, 1], [4, 2, 2], [6, 1, 1], [4, 3, 2], [4, 2, 1], [4, 3, 1], [5, 1, 3], [5, 1, 2], [5, 1, 1], [3, 1, 3], [2, 1, 3], [3, 1, 2], [2, 1, 2], [3, 1, 1], [4, 1, 3], [2, 1, 1], [4, 1, 2], [4, 1, 1]]
42	-4.78076	43.34371	52	49	12	familyII	[[1, 1, 4], [1, 2, 4], [1, 3, 4], [2, 1, 4], [2, 2, 4], [2, 3, 4], [3, 1, 4], [3, 2, 4], [3, 3, 4], [4, 1, 4], [4, 2, 4], [4, 3, 4], [5, 1, 4], [5, 2, 4], [5, 3, 4], [6, 1, 4], [6, 2, 4], [6, 3, 4], [5, 3, 3], 0, [6, 3, 3], [1, 3, 3], [5, 1, 3], [6, 1, 3], [1, 1, 3], [5, 3, 2], [6, 3, 2], [1, 3, 2], [5, 1, 2], [6, 1, 2], [1, 1, 2], [5, 3, 1], [6, 3, 1], [1, 3, 1], [5, 1, 1], [6, 1, 1], [1, 1, 1], [5, 2, 3], [6, 2, 3], [1, 2, 3], [5, 2, 2], [6, 2, 2], [1, 2, 2], [5, 2, 1], [6, 2, 1], [1, 2, 1], [2, 3, 3], [3, 3, 3], [2, 1, 3], [3, 1, 3], [2, 3, 2], [3, 3, 2], [2, 1, 2], [3, 1, 2], [2, 3, 1], [3, 3, 1], [2, 1, 1], [3, 1, 1], [4, 3, 3], [4, 1, 3], [4, 3, 2], [4, 1, 2], [4, 3, 1], [4, 1, 1], [2, 2, 3], [3, 2, 3], [2, 2, 2], [3, 2, 2], [2, 2, 1], [3, 2, 1], [4, 2, 3], [4, 2, 2], [4, 2, 1]]
43	-4.77431	43.34652	52	65	12	familyI	[[1, 1, 2], [1, 1, 3], [1, 1, 4], [1, 2, 2], [1, 2, 3], [1, 2, 4], [1, 3, 2], [1, 3, 3], [1, 3, 4], [2, 1, 2], [2, 1, 3], [2, 1, 4], [2, 2, 2], [2, 2, 3], [2, 2, 4], [2, 3, 2], [2, 3, 3], [2, 3, 4], [3, 1, 2], [3, 1, 3], [3, 1, 4], [3, 2, 2], [3, 2, 3], [3, 2, 4], [3, 3, 2], [3, 3, 3], [3, 3, 4], [4, 1, 2], [4, 1, 3], [4, 1, 4], [4, 2, 2], [4, 2, 3], [4, 2, 4], [4, 3, 2], [4, 3, 3], [4, 3, 4], [5, 1, 2], [5, 1, 3], [5, 1, 4], [5, 2, 2], [5, 2, 3], [5, 2, 4], [5, 3, 2], [5, 3, 3], [5, 3, 4], [6, 1, 2], [6, 1, 3], [6, 1, 4], [6, 2, 2], [6, 2, 3], [6, 2, 4], [6, 3, 2], [6, 3, 3], [6, 3, 4], [5, 2, 1], 0, [3, 2, 1], [1, 2, 1], [6, 2, 1], [5, 1, 1], [3, 1, 1], [1, 1, 1], [5, 3, 1], [3, 3, 1], [1, 3, 1], [6, 1, 1], [6, 3, 1], [4, 2, 1], [2, 2, 1], [4, 1, 1], [2, 1, 1], [4, 3, 1], [2, 3, 1]]
44	-4.80958	43.33653	57	47	12	familyI	[[1, 1, 2], [1, 1, 3], [1, 1, 4], [1, 2, 2], [1, 2, 3], [1, 2, 4], [1, 3, 2], [1, 3, 3], [1, 3, 4], [2, 1, 2], [2, 1, 3], [2, 1, 4], [2, 2, 2], [2, 2, 3], [2, 2, 4], [2, 3, 2], [2, 3, 3], [2, 3, 4], [3, 1, 2], [3, 1, 3], [3, 1, 4], [3, 2, 2], [3, 2, 3], [3, 2, 4], [3, 3, 2], [3, 3, 3], [3, 3, 4], [4, 1, 2], [4, 1, 3], [4, 1, 4], [4, 2, 2], [4, 2, 3], [4, 2, 4], [4, 3, 2], [4, 3, 3], [4, 3, 4], [5, 1, 2], [5, 1, 3], [5, 1, 4], [5, 2, 2], [5, 2, 3], [5, 2, 4], [5, 3, 2], [5, 3, 3], [5, 3, 4], [6, 1, 2], [6, 1, 3], [6, 1, 4], [6, 2, 2], [6, 2, 3], [6, 2, 4], [6, 3, 2], [6, 3, 3], [6, 3, 4], [5, 2, 1], 0, [6, 2, 1], [3, 2, 1], [1, 2, 1], [5, 3, 1], [5, 1, 1], [6, 3, 1], [6, 1, 1], [3, 3, 1], [3, 1, 1], [1, 3, 1], [1, 1, 1], [2, 2, 1], [4, 2, 1], [2, 3, 1], [4, 3, 1], [2, 1, 1], [4, 1, 1]]
45	-4.80524	43.34477	52	66	12	familyI	[[1, 1, 2], [1, 1, 3], [1, 1, 4], [1, 2, 2], [1, 2, 3], [1, 2, 4], [1, 3, 2], [1, 3, 3], [1, 3, 4], [2, 1, 2], [2, 1, 3], [2, 1, 4], [2, 2, 2], [2, 2, 3], [2, 2, 4], [2, 3, 2], [2, 3, 3], [2, 3, 4], [3, 1, 2], [3, 1, 3], [3, 1, 4], [3, 2, 2], [3, 2, 3], [3, 2, 4], [3, 3, 2], [3, 3, 3], [3, 3, 4], [4, 1, 2], [4, 1, 3], [4, 1, 4], [4, 2, 2], [4, 2, 3], [4, 2, 4], [4, 3, 2], [4, 3, 3], [4, 3, 4], [5, 1, 2], [5, 1, 3], [5, 1, 4], [5, 2, 2], [5, 2, 3], [5, 2, 4], [5, 3, 2], [5, 3, 3], [5, 3, 4], [6, 1, 2], [6, 1, 3], [6, 1, 4], [6, 2, 2], [6, 2, 3], [6, 2, 4], [6, 3, 2], [6, 3, 3], [6, 3, 4], [5, 1, 1], 0, [3, 1, 1], [1, 1, 1], [5, 3, 1], [3, 3, 1], [1, 3, 1], [6, 1, 1], [6, 3, 1], [5, 2, 1], [3, 2, 1], [1, 2, 1], [4, 1, 1], [2, 1, 1], [4, 3, 1], [2, 3, 1], [6, 2, 1], [4, 2, 1], [2, 2, 1]]
46	-4.80587	43.34317	52	43	12	familyII	[[1, 1, 4], [1, 2, 4], [1, 3, 4], [2, 1, 4], [2, 2, 4], [2, 3, 4], [3, 1, 4], [3, 2, 4], [3, 3, 4], [4, 1, 4], [4, 2, 4], [4, 3, 4], [5, 1, 4], [5, 2, 4], [5, 3, 4], [6, 1, 4], [6, 2, 4], [6, 3, 4], [5, 2, 3], 0, [5, 2, 2], [5, 2, 1], [1, 2, 3], [6, 2, 3], [1, 2, 2], [5, 3, 3], [6, 2, 2], [1, 2, 1], [5, 3, 2], [6, 2, 1], [5, 3, 1], [1, 3, 3], [6, 3, 3], [1, 3, 2], [6, 3, 2], [3, 2, 3], [4, 2, 3], [1, 3, 1], [2, 2, 3], [6, 3, 1], [3, 2, 2], [5, 1, 3], [4, 2, 2], [2, 2, 2], [3, 2, 1], [5, 1, 2], [4, 2, 1], [2, 2, 1], [5, 1, 1], [1, 1, 3], [3, 3, 3], [6, 1, 3], [4, 3, 3], [2, 3, 3], [1, 1, 2], [3, 3, 2], [6, 1, 2], [4, 3, 2], [2, 3, 2], [1, 1, 1], [3, 3, 1], [6, 1, 1], [4, 3, 1], [2, 3, 1], [3, 1, 3], [4, 1, 3], [2, 1, 3], [3, 1, 2], [4, 1, 2], [2, 1, 2], [3, 1, 1], [4, 1, 1], [2, 1, 1]]
47	-4.79933	43.34356	52	66	12	familyII	[[1, 1, 4], [1, 2, 4], [1, 3, 4], [2, 1, 4], [2, 2, 4], [2, 3, 4], [3, 1, 4], [3, 2, 4], [3, 3, 4], [4, 1, 4], [4, 2, 4], [4, 3, 4], [5, 1, 4], [5, 2, 4], [5, 3, 4], [6, 1, 4], [6, 2, 4], [6, 3, 4], [1, 1, 3], 0, [6, 1, 3], [1, 1, 2], [6, 1, 2], [1, 1, 1], [6, 1, 1], [1, 3, 3], [6, 3, 3], [5, 1, 3], [1, 3, 2], [6, 3, 2], [5, 1, 2], [1, 3, 1], [6, 3, 1], [4, 1, 3], [5, 1, 1], [2, 1, 3], [1, 2, 3], [6, 2, 3], [3, 1, 3], [4, 1, 2], [2, 1, 2], [1, 2, 2], [6, 2, 2], [3, 1, 2], [4, 1, 1], [5, 3, 3], [2, 1, 1], [1, 2, 1], [6, 2, 1], [3, 1, 1], [5, 3, 2], [4, 3, 3], [5, 3, 1], [2, 3, 3], [3, 3, 3], [4, 3, 2], [5, 2, 3], [2, 3, 2], [3, 3, 2], [4, 3, 1], [5, 2, 2], [2, 3, 1], [3, 3, 1], [4, 2, 3], [5, 2, 1], [2, 2, 3], [3, 2, 3], [4, 2, 2], [2, 2, 2], [3, 2, 2], [4, 2, 1], [2, 2, 1], [3, 2, 1]]
48	-4.79363	43.33218	52	38	12	businessI	[[1, 1, 4], [1, 2, 4], [1, 3, 4], [2, 1, 4], [2, 2, 4], [2, 3, 4], [3, 1, 1], [3, 1, 2], [3, 1, 3], [3, 1, 4], [3, 2, 1], [3, 2, 2], [3, 2, 3], [3, 2, 4], [3, 3, 1], [3, 3, 2], [3, 3, 3], [3, 3, 4], [4, 1, 1], [4, 1, 2], [4, 1, 3], [4, 1, 4], [4, 2, 1], [4, 2, 2], [4, 2, 3], [4, 2, 4], [4, 3, 1], [4, 3, 2], [4, 3, 3], [4, 3, 4], [5, 1, 4], [5, 2, 4], [5, 3, 4], [6, 1, 4], [6, 2, 4], [6, 3, 4], [5, 3, 3], 0, [5, 3, 2], [5, 3, 1], [6, 3, 3], [5, 2, 3], [6, 3, 2], [5, 2, 2], [6, 3, 1], [5, 2, 1], [6, 2, 3], [2, 3, 3], [6, 2, 2], [2, 3, 2], [6, 2, 1], [1, 3, 3], [2, 3, 1], [1, 3, 2], [2, 2, 3], [1, 3, 1], [2, 2, 2], [1, 2, 3], [2, 2, 1], [1, 2, 2], [1, 2, 1], [5, 1, 3], [5, 1, 2], [5, 1, 1], [6, 1, 3], [6, 1, 2], [6, 1, 1], [2, 1, 3], [2, 1, 2], [1, 1, 3], [2, 1, 1], [1, 1, 2], [1, 1, 1]]
49	-4.80053	43.35741	52	31	12	pensionerII	[[1, 1, 3], [1, 1, 4], [1, 2, 3], [1, 2, 4], [1, 3, 3], [1, 3, 4], [2, 1, 3], [2, 1, 4], [2, 2, 3], [2, 2, 4], [2, 3, 3], [2, 3, 4], [3, 1, 3], [3, 1, 4], [3, 2, 3], [3, 2, 4], [3, 3, 3], [3, 3, 4], [4, 1, 3], [4, 1, 4], [4, 2, 3], [4, 2, 4], [4, 3, 3], [4, 3, 4], [5, 1, 3], [5, 1, 4], [5, 2, 3], [5, 2, 4], [5, 3, 3], [5, 3, 4], [6, 1, 3], [6, 1, 4], [6, 2, 3], [6, 2, 4], [6, 3, 3], [6, 3, 4], [5, 2, 2], 0, [5, 3, 2], [5, 2, 1], [5, 3, 1], [6, 2, 2], [6, 3, 2], [6, 2, 1], [6, 3, 1], [2, 2, 2], [2, 3, 2], [2, 2, 1], [2, 3, 1], [5, 1, 2], [5, 1, 1], [6, 1, 2], [6, 1, 1], [2, 1, 2], [2, 1, 1], [1, 2, 2], [1, 3, 2], [3, 2, 2], [1, 2, 1], [3, 3, 2], [1, 3, 1], [3, 2, 1], [3, 3, 1], [4, 2, 2], [4, 3, 2], [4, 2, 1], [4, 3, 1], [1, 1, 2], [3, 1, 2], [1, 1, 1], [3, 1, 1], [4, 1, 2], [4, 1, 1]]
50	-4.79673	43.36808	52	34	12	pensionerII	[[1, 1, 3], [1, 1, 4], [1, 2, 3], [1, 2, 4], [1, 3, 3], [1, 3, 4], [2, 1, 3], [2, 1, 4], [2, 2, 3], [2, 2, 4], [2, 3, 3], [2, 3, 4], [3, 1, 3], [3, 1, 4], [3, 2, 3], [3, 2, 4], [3, 3, 3], [3, 3, 4], [4, 1, 3], [4, 1, 4], [4, 2, 3], [4, 2, 4], [4, 3, 3], [4, 3, 4], [5, 1, 3], [5, 1, 4], [5, 2, 3], [5, 2, 4], [5, 3, 3], [5, 3, 4], [6, 1, 3], [6, 1, 4], [6, 2, 3], [6, 2, 4], [6, 3, 3], [6, 3, 4], [5, 1, 2], 0, [6, 1, 2], [5, 1, 1], [6, 1, 1], [2, 1, 2], [2, 1, 1], [5, 2, 2], [6, 2, 2], [5, 2, 1], [6, 2, 1], [2, 2, 2], [2, 2, 1], [1, 1, 2], [1, 1, 1], [4, 1, 2], [4, 1, 1], [5, 3, 2], [6, 3, 2], [5, 3, 1], [6, 3, 1], [3, 1, 2], [3, 1, 1], [2, 3, 2], [2, 3, 1], [1, 2, 2], [1, 2, 1], [4, 2, 2], [4, 2, 1], [3, 2, 2], [3, 2, 1], [1, 3, 2], [1, 3, 1], [4, 3, 2], [4, 3, 1], [3, 3, 2], [3, 3, 1]]
51	-4.79525	43.3679	52	52	12	businessII	[[1, 1, 4], [1, 2, 4], [1, 3, 4], [2, 1, 1], [2, 1, 2], [2, 1, 3], [2, 1, 4], [2, 2, 1], [2, 2, 2], [2, 2, 3], [2, 2, 4], [2, 3, 1], [2, 3, 2], [2, 3, 3], [2, 3, 4], [3, 1, 1], [3, 1, 2], [3, 1, 3], [3, 1, 4], [3, 2, 1], [3, 2, 2], [3, 2, 3], [3, 2, 4], [3, 3, 1], [3, 3, 2], [3, 3, 3], [3, 3, 4], [4, 1, 1], [4, 1, 2], [4, 1, 3], [4, 1, 4], [4, 2, 1], [4, 2, 2], [4, 2, 3], [4, 2, 4], [4, 3, 1], [4, 3, 2], [4, 3, 3], [4, 3, 4], [5, 1, 1], [5, 1, 2], [5, 1, 3], [5, 1, 4], [5, 2, 1], [5, 2, 2], [5, 2, 3], [5, 2, 4], [5, 3, 1], [5, 3, 2], [5, 3, 3], [5, 3, 4], [6, 1, 4], [6, 2, 4], [6, 3, 4], [1, 2, 3], 0, [1, 2, 2], [1, 2, 1], [1, 1, 3], [6, 2, 3], [1, 1, 2], [6, 2, 2], [1, 3, 3], [1, 1, 1], [6, 2, 1], [1, 3, 2], [1, 3, 1], [6, 1, 3], [6, 1, 2], [6, 3, 3], [6, 1, 1], [6, 3, 2], [6, 3, 1]]
52	-4.77845	43.33943	52	73	12	familyII	[[1, 1, 4], [1, 2, 4], [1, 3, 4], [2, 1, 4], [2, 2, 4], [2, 3, 4], [3, 1, 4], [3, 2, 4], [3, 3, 4], [4, 1, 4], [4, 2, 4], [4, 3, 4], [5, 1, 4], [5, 2, 4], [5, 3, 4], [6, 1, 4], [6, 2, 4], [6, 3, 4], [1, 3, 3], 0, [5, 3, 3], [1, 3, 2], [5, 3, 2], [6, 3, 3], [1, 2, 3], [5, 2, 3], [1, 3, 1], [5, 3, 1], [6, 3, 2], [1, 2, 2], [5, 2, 2], [6, 2, 3], [6, 3, 1], [1, 2, 1], [5, 2, 1], [6, 2, 2], [6, 2, 1], [1, 1, 3], [5, 1, 3], [2, 3, 3], [1, 1, 2], [5, 1, 2], [6, 1, 3], [4, 3, 3], [2, 3, 2], [1, 1, 1], [3, 3, 3], [2, 2, 3], [5, 1, 1], [6, 1, 2], [4, 3, 2], [2, 3, 1], [4, 2, 3], [3, 3, 2], [2, 2, 2], [6, 1, 1], [4, 3, 1], [3, 2, 3], [4, 2, 2], [3, 3, 1], [2, 2, 1], [3, 2, 2], [4, 2, 1], [3, 2, 1], [2, 1, 3], [4, 1, 3], [2, 1, 2], [3, 1, 3], [4, 1, 2], [2, 1, 1], [3, 1, 2], [4, 1, 1], [3, 1, 1]]
53	-4.76171	43.36184	52	44	12	businessI	[[1, 1, 4], [1, 2, 4], [1, 3, 4], [2, 1, 4], [2, 2, 4], [2, 3, 4], [3, 1, 1], [3, 1, 2], [3, 1, 3], [3, 1, 4], [3, 2, 1], [3, 2, 2], [3, 2, 3], [3, 2, 4], [3, 3, 1], [3, 3, 2], [3, 3, 3], [3, 3, 4], [4, 1, 1], [4, 1, 2], [4, 1, 3], [4, 1, 4], [4, 2, 1], [4, 2, 2], [4, 2, 3], [4, 2, 4], [4, 3, 1], [4, 3, 2], [4, 3, 3], [4, 3, 4], [5, 1, 4], [5, 2, 4], [5, 3, 4], [6, 1, 4], [6, 2, 4], [6, 3, 4], [2, 1, 3], 0, [5, 1, 3], [2, 1, 2], [5, 1, 2], [2, 1, 1], [5, 1, 1], [1, 1, 3], [1, 1, 2], [1, 1, 1], [2, 2, 3], [5, 2, 3], [2, 2, 2], [5, 2, 2], [2, 2, 1], [5, 2, 1], [1, 2, 3], [1, 2, 2], [1, 2, 1], [6, 1, 3], [6, 1, 2], [6, 1, 1], [6, 2, 3], [6, 2, 2], [6, 2, 1], [2, 3, 3], [5, 3, 3], [2, 3, 2], [5, 3, 2], [2, 3, 1], [5, 3, 1], [1, 3, 3], [1, 3, 2], [1, 3, 1], [6, 3, 3], [6, 3, 2], [6, 3, 1]]
54	-4.769	43.36609	52	65	12	familyI	[[1, 1, 2], [1, 1, 3], [1, 1, 4], [1, 2, 2], [1, 2, 3], [1, 2, 4], [1, 3, 2], [1, 3, 3], [1, 3, 4], [2, 1, 2], [2, 1, 3], [2, 1, 4], [2, 2, 2], [2, 2, 3], [2, 2, 4], [2, 3, 2], [2, 3, 3], [2, 3, 4], [3, 1, 2], [3, 1, 3], [3, 1, 4], [3, 2, 2], [3, 2, 3], [3, 2, 4], [3, 3, 2], [3, 3, 3], [3, 3, 4], [4, 1, 2], [4, 1, 3], [4, 1, 4], [4, 2, 2], [4, 2, 3], [4, 2, 4], [4, 3, 2], [4, 3, 3], [4, 3, 4], [5, 1, 2], [5, 1, 3], [5, 1, 4], [5, 2, 2], [5, 2, 3], [5, 2, 4], [5, 3, 2], [5, 3, 3], [5, 3, 4], [6, 1, 2], [6, 1, 3], [6, 1, 4], [6, 2, 2], [6, 2, 3], [6, 2, 4], [6, 3, 2], [6, 3, 3], [6, 3, 4], [6, 1, 1], 0, [3, 1, 1], [1, 1, 1], [6, 2, 1], [5, 1, 1], [6, 3, 1], [3, 2, 1], [3, 3, 1], [1, 2, 1], [1, 3, 1], [5, 2, 1], [5, 3, 1], [4, 1, 1], [2, 1, 1], [4, 2, 1], [4, 3, 1], [2, 2, 1], [2, 3, 1]]