S3n54d3w6-120p5-4-8c3_1679305973

DAYS
3

WINDOWS
1	480	600
2	600	720
3	720	840
4	840	960
5	960	1080
6	1080	1200

FEES
1	5
2	6
3	7
4	8

CLUSTERS
CLUST NO.	LONCOORD.	LATCOORD.

51	-4.87416	43.3423
52	-4.7807	43.3423
57	-4.82743	43.31532

CUSTOMERS
CUST NO.	LONCOORD.	LATCOORD.	CLUST NO.	BASKET.	SERVICE TIME.	SEGMENT.	PREF LIST.
0	-4.82743	43.31532	0	0	0	0	0
1	-4.84851	43.30112	57	25	12	pensionerI	[[1, 1, 2], [1, 1, 3], [1, 1, 4], [1, 2, 2], [1, 2, 3], [1, 2, 4], [1, 3, 2], [1, 3, 3], [1, 3, 4], [2, 1, 2], [2, 1, 3], [2, 1, 4], [2, 2, 2], [2, 2, 3], [2, 2, 4], [2, 3, 2], [2, 3, 3], [2, 3, 4], [3, 1, 2], [3, 1, 3], [3, 1, 4], [3, 2, 2], [3, 2, 3], [3, 2, 4], [3, 3, 2], [3, 3, 3], [3, 3, 4], [4, 1, 2], [4, 1, 3], [4, 1, 4], [4, 2, 2], [4, 2, 3], [4, 2, 4], [4, 3, 2], [4, 3, 3], [4, 3, 4], [5, 1, 2], [5, 1, 3], [5, 1, 4], [5, 2, 2], [5, 2, 3], [5, 2, 4], [5, 3, 2], [5, 3, 3], [5, 3, 4], [6, 1, 2], [6, 1, 3], [6, 1, 4], [6, 2, 2], [6, 2, 3], [6, 2, 4], [6, 3, 2], [6, 3, 3], [6, 3, 4], [4, 1, 1], 0, [5, 1, 1], [4, 2, 1], [1, 1, 1], [5, 2, 1], [4, 3, 1], [1, 2, 1], [5, 3, 1], [3, 1, 1], [1, 3, 1], [2, 1, 1], [3, 2, 1], [6, 1, 1], [2, 2, 1], [3, 3, 1], [6, 2, 1], [2, 3, 1], [6, 3, 1]]
2	-4.83157	43.31239	57	49	12	familyI	[[1, 1, 2], [1, 1, 3], [1, 1, 4], [1, 2, 2], [1, 2, 3], [1, 2, 4], [1, 3, 2], [1, 3, 3], [1, 3, 4], [2, 1, 2], [2, 1, 3], [2, 1, 4], [2, 2, 2], [2, 2, 3], [2, 2, 4], [2, 3, 2], [2, 3, 3], [2, 3, 4], [3, 1, 2], [3, 1, 3], [3, 1, 4], [3, 2, 2], [3, 2, 3], [3, 2, 4], [3, 3, 2], [3, 3, 3], [3, 3, 4], [4, 1, 2], [4, 1, 3], [4, 1, 4], [4, 2, 2], [4, 2, 3], [4, 2, 4], [4, 3, 2], [4, 3, 3], [4, 3, 4], [5, 1, 2], [5, 1, 3], [5, 1, 4], [5, 2, 2], [5, 2, 3], [5, 2, 4], [5, 3, 2], [5, 3, 3], [5, 3, 4], [6, 1, 2], [6, 1, 3], [6, 1, 4], [6, 2, 2], [6, 2, 3], [6, 2, 4], [6, 3, 2], [6, 3, 3], [6, 3, 4], [3, 2, 1], 0, [1, 2, 1], [5, 2, 1], [3, 3, 1], [1, 3, 1], [5, 3, 1], [6, 2, 1], [6, 3, 1], [3, 1, 1], [1, 1, 1], [5, 1, 1], [2, 2, 1], [6, 1, 1], [2, 3, 1], [4, 2, 1], [4, 3, 1], [2, 1, 1], [4, 1, 1]]
3	-4.83169	43.29096	57	39	12	pensionerII	[[1, 1, 3], [1, 1, 4], [1, 2, 3], [1, 2, 4], [1, 3, 3], [1, 3, 4], [2, 1, 3], [2, 1, 4], [2, 2, 3], [2, 2, 4], [2, 3, 3], [2, 3, 4], [3, 1, 3], [3, 1, 4], [3, 2, 3], [3, 2, 4], [3, 3, 3], [3, 3, 4], [4, 1, 3], [4, 1, 4], [4, 2, 3], [4, 2, 4], [4, 3, 3], [4, 3, 4], [5, 1, 3], [5, 1, 4], [5, 2, 3], [5, 2, 4], [5, 3, 3], [5, 3, 4], [6, 1, 3], [6, 1, 4], [6, 2, 3], [6, 2, 4], [6, 3, 3], [6, 3, 4], [2, 1, 2], 0, [2, 1, 1], [6, 1, 2], [6, 1, 1], [2, 3, 2], [2, 3, 1], [6, 3, 2], [5, 1, 2], [6, 3, 1], [5, 1, 1], [5, 3, 2], [5, 3, 1], [1, 1, 2], [1, 1, 1], [4, 1, 2], [4, 1, 1], [2, 2, 2], [1, 3, 2], [2, 2, 1], [1, 3, 1], [4, 3, 2], [4, 3, 1], [6, 2, 2], [6, 2, 1], [3, 1, 2], [3, 1, 1], [5, 2, 2], [5, 2, 1], [3, 3, 2], [3, 3, 1], [1, 2, 2], [1, 2, 1], [4, 2, 2], [4, 2, 1], [3, 2, 2], [3, 2, 1]]
4	-4.83312	43.29926	57	48	12	familyI	[[1, 1, 2], [1, 1, 3], [1, 1, 4], [1, 2, 2], [1, 2, 3], [1, 2, 4], [1, 3, 2], [1, 3, 3], [1, 3, 4], [2, 1, 2], [2, 1, 3], [2, 1, 4], [2, 2, 2], [2, 2, 3], [2, 2, 4], [2, 3, 2], [2, 3, 3], [2, 3, 4], [3, 1, 2], [3, 1, 3], [3, 1, 4], [3, 2, 2], [3, 2, 3], [3, 2, 4], [3, 3, 2], [3, 3, 3], [3, 3, 4], [4, 1, 2], [4, 1, 3], [4, 1, 4], [4, 2, 2], [4, 2, 3], [4, 2, 4], [4, 3, 2], [4, 3, 3], [4, 3, 4], [5, 1, 2], [5, 1, 3], [5, 1, 4], [5, 2, 2], [5, 2, 3], [5, 2, 4], [5, 3, 2], [5, 3, 3], [5, 3, 4], [6, 1, 2], [6, 1, 3], [6, 1, 4], [6, 2, 2], [6, 2, 3], [6, 2, 4], [6, 3, 2], [6, 3, 3], [6, 3, 4], [3, 1, 1], 0, [6, 1, 1], [1, 1, 1], [3, 2, 1], [5, 1, 1], [6, 2, 1], [1, 2, 1], [5, 2, 1], [2, 1, 1], [4, 1, 1], [3, 3, 1], [2, 2, 1], [4, 2, 1], [6, 3, 1], [1, 3, 1], [5, 3, 1], [2, 3, 1], [4, 3, 1]]
5	-4.83742	43.30004	57	22	12	pensionerI	[[1, 1, 2], [1, 1, 3], [1, 1, 4], [1, 2, 2], [1, 2, 3], [1, 2, 4], [1, 3, 2], [1, 3, 3], [1, 3, 4], [2, 1, 2], [2, 1, 3], [2, 1, 4], [2, 2, 2], [2, 2, 3], [2, 2, 4], [2, 3, 2], [2, 3, 3], [2, 3, 4], [3, 1, 2], [3, 1, 3], [3, 1, 4], [3, 2, 2], [3, 2, 3], [3, 2, 4], [3, 3, 2], [3, 3, 3], [3, 3, 4], [4, 1, 2], [4, 1, 3], [4, 1, 4], [4, 2, 2], [4, 2, 3], [4, 2, 4], [4, 3, 2], [4, 3, 3], [4, 3, 4], [5, 1, 2], [5, 1, 3], [5, 1, 4], [5, 2, 2], [5, 2, 3], [5, 2, 4], [5, 3, 2], [5, 3, 3], [5, 3, 4], [6, 1, 2], [6, 1, 3], [6, 1, 4], [6, 2, 2], [6, 2, 3], [6, 2, 4], [6, 3, 2], [6, 3, 3], [6, 3, 4], [3, 1, 1], 0, [3, 2, 1], [4, 1, 1], [6, 1, 1], [1, 1, 1], [4, 2, 1], [6, 2, 1], [1, 2, 1], [3, 3, 1], [4, 3, 1], [6, 3, 1], [1, 3, 1], [2, 1, 1], [5, 1, 1], [2, 2, 1], [5, 2, 1], [2, 3, 1], [5, 3, 1]]
6	-4.84517	43.29506	57	37	12	pensionerII	[[1, 1, 3], [1, 1, 4], [1, 2, 3], [1, 2, 4], [1, 3, 3], [1, 3, 4], [2, 1, 3], [2, 1, 4], [2, 2, 3], [2, 2, 4], [2, 3, 3], [2, 3, 4], [3, 1, 3], [3, 1, 4], [3, 2, 3], [3, 2, 4], [3, 3, 3], [3, 3, 4], [4, 1, 3], [4, 1, 4], [4, 2, 3], [4, 2, 4], [4, 3, 3], [4, 3, 4], [5, 1, 3], [5, 1, 4], [5, 2, 3], [5, 2, 4], [5, 3, 3], [5, 3, 4], [6, 1, 3], [6, 1, 4], [6, 2, 3], [6, 2, 4], [6, 3, 3], [6, 3, 4], [2, 3, 2], 0, [2, 3, 1], [5, 3, 2], [5, 3, 1], [6, 3, 2], [6, 3, 1], [2, 1, 2], [2, 1, 1], [5, 1, 2], [5, 1, 1], [6, 1, 2], [6, 1, 1], [4, 3, 2], [4, 3, 1], [1, 3, 2], [1, 3, 1], [2, 2, 2], [3, 3, 2], [2, 2, 1], [3, 3, 1], [5, 2, 2], [5, 2, 1], [6, 2, 2], [6, 2, 1], [4, 1, 2], [4, 1, 1], [1, 1, 2], [1, 1, 1], [3, 1, 2], [3, 1, 1], [4, 2, 2], [4, 2, 1], [1, 2, 2], [1, 2, 1], [3, 2, 2], [3, 2, 1]]
7	-4.83735	43.3087	57	48	12	businessI	[[1, 1, 4], [1, 2, 4], [1, 3, 4], [2, 1, 4], [2, 2, 4], [2, 3, 4], [3, 1, 1], [3, 1, 2], [3, 1, 3], [3, 1, 4], [3, 2, 1], [3, 2, 2], [3, 2, 3], [3, 2, 4], [3, 3, 1], [3, 3, 2], [3, 3, 3], [3, 3, 4], [4, 1, 1], [4, 1, 2], [4, 1, 3], [4, 1, 4], [4, 2, 1], [4, 2, 2], [4, 2, 3], [4, 2, 4], [4, 3, 1], [4, 3, 2], [4, 3, 3], [4, 3, 4], [5, 1, 4], [5, 2, 4], [5, 3, 4], [6, 1, 4], [6, 2, 4], [6, 3, 4], [1, 2, 3], 0, [1, 2, 2], [5, 2, 3], [1, 2, 1], [6, 2, 3], [5, 2, 2], [6, 2, 2], [5, 2, 1], [6, 2, 1], [2, 2, 3], [2, 2, 2], [2, 2, 1], [1, 3, 3], [1, 3, 2], [5, 3, 3], [1, 3, 1], [6, 3, 3], [5, 3, 2], [6, 3, 2], [5, 3, 1], [6, 3, 1], [2, 3, 3], [2, 3, 2], [2, 3, 1], [1, 1, 3], [1, 1, 2], [5, 1, 3], [1, 1, 1], [6, 1, 3], [5, 1, 2], [6, 1, 2], [5, 1, 1], [6, 1, 1], [2, 1, 3], [2, 1, 2], [2, 1, 1]]
8	-4.82412	43.31917	57	50	12	businessII	[[1, 1, 4], [1, 2, 4], [1, 3, 4], [2, 1, 1], [2, 1, 2], [2, 1, 3], [2, 1, 4], [2, 2, 1], [2, 2, 2], [2, 2, 3], [2, 2, 4], [2, 3, 1], [2, 3, 2], [2, 3, 3], [2, 3, 4], [3, 1, 1], [3, 1, 2], [3, 1, 3], [3, 1, 4], [3, 2, 1], [3, 2, 2], [3, 2, 3], [3, 2, 4], [3, 3, 1], [3, 3, 2], [3, 3, 3], [3, 3, 4], [4, 1, 1], [4, 1, 2], [4, 1, 3], [4, 1, 4], [4, 2, 1], [4, 2, 2], [4, 2, 3], [4, 2, 4], [4, 3, 1], [4, 3, 2], [4, 3, 3], [4, 3, 4], [5, 1, 1], [5, 1, 2], [5, 1, 3], [5, 1, 4], [5, 2, 1], [5, 2, 2], [5, 2, 3], [5, 2, 4], [5, 3, 1], [5, 3, 2], [5, 3, 3], [5, 3, 4], [6, 1, 4], [6, 2, 4], [6, 3, 4], [1, 2, 3], 0, [1, 2, 2], [1, 2, 1], [6, 2, 3], [6, 2, 2], [6, 2, 1], [1, 1, 3], [1, 1, 2], [1, 1, 1], [1, 3, 3], [1, 3, 2], [6, 1, 3], [1, 3, 1], [6, 1, 2], [6, 1, 1], [6, 3, 3], [6, 3, 2], [6, 3, 1]]
9	-4.86703	43.32787	51	26	12	pensionerII	[[1, 1, 3], [1, 1, 4], [1, 2, 3], [1, 2, 4], [1, 3, 3], [1, 3, 4], [2, 1, 3], [2, 1, 4], [2, 2, 3], [2, 2, 4], [2, 3, 3], [2, 3, 4], [3, 1, 3], [3, 1, 4], [3, 2, 3], [3, 2, 4], [3, 3, 3], [3, 3, 4], [4, 1, 3], [4, 1, 4], [4, 2, 3], [4, 2, 4], [4, 3, 3], [4, 3, 4], [5, 1, 3], [5, 1, 4], [5, 2, 3], [5, 2, 4], [5, 3, 3], [5, 3, 4], [6, 1, 3], [6, 1, 4], [6, 2, 3], [6, 2, 4], [6, 3, 3], [6, 3, 4], [5, 1, 2], 0, [5, 1, 1], [6, 1, 2], [2, 1, 2], [6, 1, 1], [2, 1, 1], [5, 3, 2], [5, 3, 1], [6, 3, 2], [2, 3, 2], [6, 3, 1], [2, 3, 1], [4, 1, 2], [4, 1, 1], [4, 3, 2], [4, 3, 1], [3, 1, 2], [3, 1, 1], [1, 1, 2], [1, 1, 1], [5, 2, 2], [5, 2, 1], [3, 3, 2], [3, 3, 1], [1, 3, 2], [1, 3, 1], [6, 2, 2], [2, 2, 2], [6, 2, 1], [2, 2, 1], [4, 2, 2], [4, 2, 1], [3, 2, 2], [3, 2, 1], [1, 2, 2], [1, 2, 1]]
10	-4.86738	43.32812	51	45	12	businessI	[[1, 1, 4], [1, 2, 4], [1, 3, 4], [2, 1, 4], [2, 2, 4], [2, 3, 4], [3, 1, 1], [3, 1, 2], [3, 1, 3], [3, 1, 4], [3, 2, 1], [3, 2, 2], [3, 2, 3], [3, 2, 4], [3, 3, 1], [3, 3, 2], [3, 3, 3], [3, 3, 4], [4, 1, 1], [4, 1, 2], [4, 1, 3], [4, 1, 4], [4, 2, 1], [4, 2, 2], [4, 2, 3], [4, 2, 4], [4, 3, 1], [4, 3, 2], [4, 3, 3], [4, 3, 4], [5, 1, 4], [5, 2, 4], [5, 3, 4], [6, 1, 4], [6, 2, 4], [6, 3, 4], [2, 2, 3], 0, [2, 2, 2], [6, 2, 3], [2, 2, 1], [6, 2, 2], [6, 2, 1], [5, 2, 3], [5, 2, 2], [5, 2, 1], [1, 2, 3], [1, 2, 2], [1, 2, 1], [2, 3, 3], [2, 1, 3], [2, 3, 2], [6, 3, 3], [2, 1, 2], [2, 3, 1], [6, 1, 3], [6, 3, 2], [2, 1, 1], [6, 1, 2], [6, 3, 1], [6, 1, 1], [5, 3, 3], [5, 1, 3], [5, 3, 2], [5, 1, 2], [5, 3, 1], [5, 1, 1], [1, 3, 3], [1, 1, 3], [1, 3, 2], [1, 1, 2], [1, 3, 1], [1, 1, 1]]
11	-4.8356	43.29844	57	67	12	familyII	[[1, 1, 4], [1, 2, 4], [1, 3, 4], [2, 1, 4], [2, 2, 4], [2, 3, 4], [3, 1, 4], [3, 2, 4], [3, 3, 4], [4, 1, 4], [4, 2, 4], [4, 3, 4], [5, 1, 4], [5, 2, 4], [5, 3, 4], [6, 1, 4], [6, 2, 4], [6, 3, 4], [5, 1, 3], 0, [6, 1, 3], [5, 1, 2], [6, 1, 2], [1, 1, 3], [5, 2, 3], [6, 2, 3], [5, 1, 1], [6, 1, 1], [1, 1, 2], [5, 2, 2], [6, 2, 2], [5, 3, 3], [1, 2, 3], [6, 3, 3], [1, 1, 1], [5, 2, 1], [6, 2, 1], [5, 3, 2], [1, 2, 2], [6, 3, 2], [1, 3, 3], [5, 3, 1], [1, 2, 1], [6, 3, 1], [1, 3, 2], [1, 3, 1], [3, 1, 3], [4, 1, 3], [3, 1, 2], [4, 1, 2], [3, 2, 3], [4, 2, 3], [3, 1, 1], [4, 1, 1], [2, 1, 3], [3, 2, 2], [3, 3, 3], [4, 2, 2], [4, 3, 3], [2, 1, 2], [3, 2, 1], [3, 3, 2], [4, 2, 1], [2, 2, 3], [4, 3, 2], [2, 1, 1], [3, 3, 1], [2, 2, 2], [4, 3, 1], [2, 3, 3], [2, 2, 1], [2, 3, 2], [2, 3, 1]]
12	-4.88645	43.3348	51	48	12	familyII	[[1, 1, 4], [1, 2, 4], [1, 3, 4], [2, 1, 4], [2, 2, 4], [2, 3, 4], [3, 1, 4], [3, 2, 4], [3, 3, 4], [4, 1, 4], [4, 2, 4], [4, 3, 4], [5, 1, 4], [5, 2, 4], [5, 3, 4], [6, 1, 4], [6, 2, 4], [6, 3, 4], [6, 3, 3], 0, [6, 2, 3], [1, 3, 3], [1, 2, 3], [6, 3, 2], [6, 2, 2], [1, 3, 2], [1, 2, 2], [6, 3, 1], [6, 2, 1], [1, 3, 1], [5, 3, 3], [1, 2, 1], [5, 2, 3], [5, 3, 2], [5, 2, 2], [5, 3, 1], [5, 2, 1], [6, 1, 3], [1, 1, 3], [2, 3, 3], [2, 2, 3], [4, 3, 3], [6, 1, 2], [4, 2, 3], [1, 1, 2], [2, 3, 2], [2, 2, 2], [4, 3, 2], [6, 1, 1], [4, 2, 2], [3, 3, 3], [3, 2, 3], [1, 1, 1], [5, 1, 3], [2, 3, 1], [2, 2, 1], [4, 3, 1], [4, 2, 1], [3, 3, 2], [3, 2, 2], [5, 1, 2], [3, 3, 1], [3, 2, 1], [5, 1, 1], [2, 1, 3], [4, 1, 3], [2, 1, 2], [4, 1, 2], [3, 1, 3], [2, 1, 1], [4, 1, 1], [3, 1, 2], [3, 1, 1]]
13	-4.87241	43.32975	51	55	12	businessII	[[1, 1, 4], [1, 2, 4], [1, 3, 4], [2, 1, 1], [2, 1, 2], [2, 1, 3], [2, 1, 4], [2, 2, 1], [2, 2, 2], [2, 2, 3], [2, 2, 4], [2, 3, 1], [2, 3, 2], [2, 3, 3], [2, 3, 4], [3, 1, 1], [3, 1, 2], [3, 1, 3], [3, 1, 4], [3, 2, 1], [3, 2, 2], [3, 2, 3], [3, 2, 4], [3, 3, 1], [3, 3, 2], [3, 3, 3], [3, 3, 4], [4, 1, 1], [4, 1, 2], [4, 1, 3], [4, 1, 4], [4, 2, 1], [4, 2, 2], [4, 2, 3], [4, 2, 4], [4, 3, 1], [4, 3, 2], [4, 3, 3], [4, 3, 4], [5, 1, 1], [5, 1, 2], [5, 1, 3], [5, 1, 4], [5, 2, 1], [5, 2, 2], [5, 2, 3], [5, 2, 4], [5, 3, 1], [5, 3, 2], [5, 3, 3], [5, 3, 4], [6, 1, 4], [6, 2, 4], [6, 3, 4], [6, 2, 3], 0, [6, 2, 2], [6, 2, 1], [1, 2, 3], [1, 2, 2], [1, 2, 1], [6, 3, 3], [6, 3, 2], [6, 3, 1], [1, 3, 3], [1, 3, 2], [1, 3, 1], [6, 1, 3], [6, 1, 2], [6, 1, 1], [1, 1, 3], [1, 1, 2], [1, 1, 1]]
14	-4.86998	43.3316	51	57	12	familyI	[[1, 1, 2], [1, 1, 3], [1, 1, 4], [1, 2, 2], [1, 2, 3], [1, 2, 4], [1, 3, 2], [1, 3, 3], [1, 3, 4], [2, 1, 2], [2, 1, 3], [2, 1, 4], [2, 2, 2], [2, 2, 3], [2, 2, 4], [2, 3, 2], [2, 3, 3], [2, 3, 4], [3, 1, 2], [3, 1, 3], [3, 1, 4], [3, 2, 2], [3, 2, 3], [3, 2, 4], [3, 3, 2], [3, 3, 3], [3, 3, 4], [4, 1, 2], [4, 1, 3], [4, 1, 4], [4, 2, 2], [4, 2, 3], [4, 2, 4], [4, 3, 2], [4, 3, 3], [4, 3, 4], [5, 1, 2], [5, 1, 3], [5, 1, 4], [5, 2, 2], [5, 2, 3], [5, 2, 4], [5, 3, 2], [5, 3, 3], [5, 3, 4], [6, 1, 2], [6, 1, 3], [6, 1, 4], [6, 2, 2], [6, 2, 3], [6, 2, 4], [6, 3, 2], [6, 3, 3], [6, 3, 4], [6, 1, 1], 0, [3, 1, 1], [5, 1, 1], [6, 2, 1], [3, 2, 1], [1, 1, 1], [5, 2, 1], [1, 2, 1], [6, 3, 1], [3, 3, 1], [5, 3, 1], [1, 3, 1], [2, 1, 1], [2, 2, 1], [4, 1, 1], [4, 2, 1], [2, 3, 1], [4, 3, 1]]
15	-4.8778	43.32797	51	39	12	pensionerI	[[1, 1, 2], [1, 1, 3], [1, 1, 4], [1, 2, 2], [1, 2, 3], [1, 2, 4], [1, 3, 2], [1, 3, 3], [1, 3, 4], [2, 1, 2], [2, 1, 3], [2, 1, 4], [2, 2, 2], [2, 2, 3], [2, 2, 4], [2, 3, 2], [2, 3, 3], [2, 3, 4], [3, 1, 2], [3, 1, 3], [3, 1, 4], [3, 2, 2], [3, 2, 3], [3, 2, 4], [3, 3, 2], [3, 3, 3], [3, 3, 4], [4, 1, 2], [4, 1, 3], [4, 1, 4], [4, 2, 2], [4, 2, 3], [4, 2, 4], [4, 3, 2], [4, 3, 3], [4, 3, 4], [5, 1, 2], [5, 1, 3], [5, 1, 4], [5, 2, 2], [5, 2, 3], [5, 2, 4], [5, 3, 2], [5, 3, 3], [5, 3, 4], [6, 1, 2], [6, 1, 3], [6, 1, 4], [6, 2, 2], [6, 2, 3], [6, 2, 4], [6, 3, 2], [6, 3, 3], [6, 3, 4], [5, 3, 1], 0, [5, 2, 1], [3, 3, 1], [3, 2, 1], [6, 3, 1], [1, 3, 1], [6, 2, 1], [1, 2, 1], [4, 3, 1], [4, 2, 1], [2, 3, 1], [2, 2, 1], [5, 1, 1], [3, 1, 1], [6, 1, 1], [1, 1, 1], [4, 1, 1], [2, 1, 1]]
16	-4.82846	43.31178	57	37	12	businessI	[[1, 1, 4], [1, 2, 4], [1, 3, 4], [2, 1, 4], [2, 2, 4], [2, 3, 4], [3, 1, 1], [3, 1, 2], [3, 1, 3], [3, 1, 4], [3, 2, 1], [3, 2, 2], [3, 2, 3], [3, 2, 4], [3, 3, 1], [3, 3, 2], [3, 3, 3], [3, 3, 4], [4, 1, 1], [4, 1, 2], [4, 1, 3], [4, 1, 4], [4, 2, 1], [4, 2, 2], [4, 2, 3], [4, 2, 4], [4, 3, 1], [4, 3, 2], [4, 3, 3], [4, 3, 4], [5, 1, 4], [5, 2, 4], [5, 3, 4], [6, 1, 4], [6, 2, 4], [6, 3, 4], [1, 3, 3], 0, [6, 3, 3], [1, 3, 2], [6, 3, 2], [1, 3, 1], [6, 3, 1], [5, 3, 3], [5, 3, 2], [5, 3, 1], [2, 3, 3], [2, 3, 2], [2, 3, 1], [1, 1, 3], [6, 1, 3], [1, 1, 2], [6, 1, 2], [1, 1, 1], [6, 1, 1], [5, 1, 3], [5, 1, 2], [5, 1, 1], [2, 1, 3], [2, 1, 2], [2, 1, 1], [1, 2, 3], [6, 2, 3], [1, 2, 2], [6, 2, 2], [1, 2, 1], [6, 2, 1], [5, 2, 3], [5, 2, 2], [5, 2, 1], [2, 2, 3], [2, 2, 2], [2, 2, 1]]
17	-4.84594	43.29803	57	26	12	pensionerI	[[1, 1, 2], [1, 1, 3], [1, 1, 4], [1, 2, 2], [1, 2, 3], [1, 2, 4], [1, 3, 2], [1, 3, 3], [1, 3, 4], [2, 1, 2], [2, 1, 3], [2, 1, 4], [2, 2, 2], [2, 2, 3], [2, 2, 4], [2, 3, 2], [2, 3, 3], [2, 3, 4], [3, 1, 2], [3, 1, 3], [3, 1, 4], [3, 2, 2], [3, 2, 3], [3, 2, 4], [3, 3, 2], [3, 3, 3], [3, 3, 4], [4, 1, 2], [4, 1, 3], [4, 1, 4], [4, 2, 2], [4, 2, 3], [4, 2, 4], [4, 3, 2], [4, 3, 3], [4, 3, 4], [5, 1, 2], [5, 1, 3], [5, 1, 4], [5, 2, 2], [5, 2, 3], [5, 2, 4], [5, 3, 2], [5, 3, 3], [5, 3, 4], [6, 1, 2], [6, 1, 3], [6, 1, 4], [6, 2, 2], [6, 2, 3], [6, 2, 4], [6, 3, 2], [6, 3, 3], [6, 3, 4], [5, 2, 1], 0, [3, 2, 1], [5, 3, 1], [3, 3, 1], [6, 2, 1], [4, 2, 1], [1, 2, 1], [6, 3, 1], [2, 2, 1], [4, 3, 1], [1, 3, 1], [2, 3, 1], [5, 1, 1], [3, 1, 1], [6, 1, 1], [4, 1, 1], [1, 1, 1], [2, 1, 1]]
18	-4.84209	43.29818	57	27	12	pensionerII	[[1, 1, 3], [1, 1, 4], [1, 2, 3], [1, 2, 4], [1, 3, 3], [1, 3, 4], [2, 1, 3], [2, 1, 4], [2, 2, 3], [2, 2, 4], [2, 3, 3], [2, 3, 4], [3, 1, 3], [3, 1, 4], [3, 2, 3], [3, 2, 4], [3, 3, 3], [3, 3, 4], [4, 1, 3], [4, 1, 4], [4, 2, 3], [4, 2, 4], [4, 3, 3], [4, 3, 4], [5, 1, 3], [5, 1, 4], [5, 2, 3], [5, 2, 4], [5, 3, 3], [5, 3, 4], [6, 1, 3], [6, 1, 4], [6, 2, 3], [6, 2, 4], [6, 3, 3], [6, 3, 4], [6, 1, 2], 0, [6, 1, 1], [5, 1, 2], [5, 1, 1], [6, 3, 2], [6, 3, 1], [2, 1, 2], [2, 1, 1], [5, 3, 2], [5, 3, 1], [2, 3, 2], [2, 3, 1], [4, 1, 2], [4, 1, 1], [3, 1, 2], [3, 1, 1], [4, 3, 2], [4, 3, 1], [3, 3, 2], [3, 3, 1], [1, 1, 2], [1, 1, 1], [1, 3, 2], [1, 3, 1], [6, 2, 2], [6, 2, 1], [5, 2, 2], [5, 2, 1], [2, 2, 2], [2, 2, 1], [4, 2, 2], [4, 2, 1], [3, 2, 2], [3, 2, 1], [1, 2, 2], [1, 2, 1]]
19	-4.82116	43.31252	57	38	12	businessI	[[1, 1, 4], [1, 2, 4], [1, 3, 4], [2, 1, 4], [2, 2, 4], [2, 3, 4], [3, 1, 1], [3, 1, 2], [3, 1, 3], [3, 1, 4], [3, 2, 1], [3, 2, 2], [3, 2, 3], [3, 2, 4], [3, 3, 1], [3, 3, 2], [3, 3, 3], [3, 3, 4], [4, 1, 1], [4, 1, 2], [4, 1, 3], [4, 1, 4], [4, 2, 1], [4, 2, 2], [4, 2, 3], [4, 2, 4], [4, 3, 1], [4, 3, 2], [4, 3, 3], [4, 3, 4], [5, 1, 4], [5, 2, 4], [5, 3, 4], [6, 1, 4], [6, 2, 4], [6, 3, 4], [2, 2, 3], 0, [2, 2, 2], [2, 2, 1], [1, 2, 3], [1, 2, 2], [6, 2, 3], [1, 2, 1], [6, 2, 2], [6, 2, 1], [2, 3, 3], [2, 3, 2], [2, 3, 1], [1, 3, 3], [1, 3, 2], [6, 3, 3], [5, 2, 3], [1, 3, 1], [6, 3, 2], [5, 2, 2], [6, 3, 1], [5, 2, 1], [5, 3, 3], [5, 3, 2], [5, 3, 1], [2, 1, 3], [2, 1, 2], [2, 1, 1], [1, 1, 3], [1, 1, 2], [6, 1, 3], [1, 1, 1], [6, 1, 2], [6, 1, 1], [5, 1, 3], [5, 1, 2], [5, 1, 1]]
20	-4.81563	43.31913	57	23	12	pensionerII	[[1, 1, 3], [1, 1, 4], [1, 2, 3], [1, 2, 4], [1, 3, 3], [1, 3, 4], [2, 1, 3], [2, 1, 4], [2, 2, 3], [2, 2, 4], [2, 3, 3], [2, 3, 4], [3, 1, 3], [3, 1, 4], [3, 2, 3], [3, 2, 4], [3, 3, 3], [3, 3, 4], [4, 1, 3], [4, 1, 4], [4, 2, 3], [4, 2, 4], [4, 3, 3], [4, 3, 4], [5, 1, 3], [5, 1, 4], [5, 2, 3], [5, 2, 4], [5, 3, 3], [5, 3, 4], [6, 1, 3], [6, 1, 4], [6, 2, 3], [6, 2, 4], [6, 3, 3], [6, 3, 4], [2, 1, 2], 0, [2, 1, 1], [6, 1, 2], [6, 1, 1], [2, 3, 2], [2, 3, 1], [5, 1, 2], [6, 3, 2], [5, 1, 1], [6, 3, 1], [5, 3, 2], [5, 3, 1], [3, 1, 2], [3, 1, 1], [2, 2, 2], [2, 2, 1], [6, 2, 2], [6, 2, 1], [3, 3, 2], [3, 3, 1], [4, 1, 2], [4, 1, 1], [5, 2, 2], [5, 2, 1], [1, 1, 2], [1, 1, 1], [4, 3, 2], [4, 3, 1], [1, 3, 2], [1, 3, 1], [3, 2, 2], [3, 2, 1], [4, 2, 2], [4, 2, 1], [1, 2, 2], [1, 2, 1]]
21	-4.81416	43.31149	57	20	12	pensionerI	[[1, 1, 2], [1, 1, 3], [1, 1, 4], [1, 2, 2], [1, 2, 3], [1, 2, 4], [1, 3, 2], [1, 3, 3], [1, 3, 4], [2, 1, 2], [2, 1, 3], [2, 1, 4], [2, 2, 2], [2, 2, 3], [2, 2, 4], [2, 3, 2], [2, 3, 3], [2, 3, 4], [3, 1, 2], [3, 1, 3], [3, 1, 4], [3, 2, 2], [3, 2, 3], [3, 2, 4], [3, 3, 2], [3, 3, 3], [3, 3, 4], [4, 1, 2], [4, 1, 3], [4, 1, 4], [4, 2, 2], [4, 2, 3], [4, 2, 4], [4, 3, 2], [4, 3, 3], [4, 3, 4], [5, 1, 2], [5, 1, 3], [5, 1, 4], [5, 2, 2], [5, 2, 3], [5, 2, 4], [5, 3, 2], [5, 3, 3], [5, 3, 4], [6, 1, 2], [6, 1, 3], [6, 1, 4], [6, 2, 2], [6, 2, 3], [6, 2, 4], [6, 3, 2], [6, 3, 3], [6, 3, 4], [6, 3, 1], 0, [6, 2, 1], [5, 3, 1], [5, 2, 1], [3, 3, 1], [3, 2, 1], [1, 3, 1], [2, 3, 1], [6, 1, 1], [1, 2, 1], [2, 2, 1], [5, 1, 1], [3, 1, 1], [1, 1, 1], [2, 1, 1], [4, 3, 1], [4, 2, 1], [4, 1, 1]]
22	-4.81965	43.31035	57	36	12	businessII	[[1, 1, 4], [1, 2, 4], [1, 3, 4], [2, 1, 1], [2, 1, 2], [2, 1, 3], [2, 1, 4], [2, 2, 1], [2, 2, 2], [2, 2, 3], [2, 2, 4], [2, 3, 1], [2, 3, 2], [2, 3, 3], [2, 3, 4], [3, 1, 1], [3, 1, 2], [3, 1, 3], [3, 1, 4], [3, 2, 1], [3, 2, 2], [3, 2, 3], [3, 2, 4], [3, 3, 1], [3, 3, 2], [3, 3, 3], [3, 3, 4], [4, 1, 1], [4, 1, 2], [4, 1, 3], [4, 1, 4], [4, 2, 1], [4, 2, 2], [4, 2, 3], [4, 2, 4], [4, 3, 1], [4, 3, 2], [4, 3, 3], [4, 3, 4], [5, 1, 1], [5, 1, 2], [5, 1, 3], [5, 1, 4], [5, 2, 1], [5, 2, 2], [5, 2, 3], [5, 2, 4], [5, 3, 1], [5, 3, 2], [5, 3, 3], [5, 3, 4], [6, 1, 4], [6, 2, 4], [6, 3, 4], [1, 1, 3], 0, [1, 1, 2], [1, 1, 1], [6, 1, 3], [6, 1, 2], [1, 2, 3], [6, 1, 1], [1, 2, 2], [1, 2, 1], [6, 2, 3], [6, 2, 2], [6, 2, 1], [1, 3, 3], [1, 3, 2], [1, 3, 1], [6, 3, 3], [6, 3, 2], [6, 3, 1]]
23	-4.8114	43.32092	57	68	12	familyII	[[1, 1, 4], [1, 2, 4], [1, 3, 4], [2, 1, 4], [2, 2, 4], [2, 3, 4], [3, 1, 4], [3, 2, 4], [3, 3, 4], [4, 1, 4], [4, 2, 4], [4, 3, 4], [5, 1, 4], [5, 2, 4], [5, 3, 4], [6, 1, 4], [6, 2, 4], [6, 3, 4], [1, 2, 3], 0, [6, 2, 3], [1, 2, 2], [6, 2, 2], [1, 2, 1], [5, 2, 3], [6, 2, 1], [1, 1, 3], [5, 2, 2], [6, 1, 3], [1, 1, 2], [5, 2, 1], [6, 1, 2], [1, 1, 1], [5, 1, 3], [6, 1, 1], [4, 2, 3], [3, 2, 3], [5, 1, 2], [1, 3, 3], [4, 2, 2], [3, 2, 2], [2, 2, 3], [5, 1, 1], [6, 3, 3], [1, 3, 2], [4, 2, 1], [3, 2, 1], [2, 2, 2], [6, 3, 2], [1, 3, 1], [4, 1, 3], [2, 2, 1], [3, 1, 3], [5, 3, 3], [6, 3, 1], [4, 1, 2], [3, 1, 2], [2, 1, 3], [5, 3, 2], [4, 1, 1], [3, 1, 1], [2, 1, 2], [5, 3, 1], [2, 1, 1], [4, 3, 3], [3, 3, 3], [4, 3, 2], [3, 3, 2], [2, 3, 3], [4, 3, 1], [3, 3, 1], [2, 3, 2], [2, 3, 1]]
24	-4.82032	43.31139	57	41	12	familyII	[[1, 1, 4], [1, 2, 4], [1, 3, 4], [2, 1, 4], [2, 2, 4], [2, 3, 4], [3, 1, 4], [3, 2, 4], [3, 3, 4], [4, 1, 4], [4, 2, 4], [4, 3, 4], [5, 1, 4], [5, 2, 4], [5, 3, 4], [6, 1, 4], [6, 2, 4], [6, 3, 4], [6, 1, 3], 0, [5, 1, 3], [6, 1, 2], [5, 1, 2], [6, 1, 1], [1, 1, 3], [6, 2, 3], [5, 1, 1], [5, 2, 3], [1, 1, 2], [6, 2, 2], [5, 2, 2], [1, 1, 1], [6, 2, 1], [1, 2, 3], [5, 2, 1], [1, 2, 2], [4, 1, 3], [6, 3, 3], [1, 2, 1], [3, 1, 3], [2, 1, 3], [5, 3, 3], [4, 1, 2], [6, 3, 2], [3, 1, 2], [2, 1, 2], [5, 3, 2], [4, 1, 1], [6, 3, 1], [1, 3, 3], [3, 1, 1], [4, 2, 3], [3, 2, 3], [2, 1, 1], [5, 3, 1], [2, 2, 3], [1, 3, 2], [4, 2, 2], [3, 2, 2], [2, 2, 2], [1, 3, 1], [4, 2, 1], [3, 2, 1], [2, 2, 1], [4, 3, 3], [3, 3, 3], [2, 3, 3], [4, 3, 2], [3, 3, 2], [2, 3, 2], [4, 3, 1], [3, 3, 1], [2, 3, 1]]
25	-4.81857	43.31355	57	64	12	familyI	[[1, 1, 2], [1, 1, 3], [1, 1, 4], [1, 2, 2], [1, 2, 3], [1, 2, 4], [1, 3, 2], [1, 3, 3], [1, 3, 4], [2, 1, 2], [2, 1, 3], [2, 1, 4], [2, 2, 2], [2, 2, 3], [2, 2, 4], [2, 3, 2], [2, 3, 3], [2, 3, 4], [3, 1, 2], [3, 1, 3], [3, 1, 4], [3, 2, 2], [3, 2, 3], [3, 2, 4], [3, 3, 2], [3, 3, 3], [3, 3, 4], [4, 1, 2], [4, 1, 3], [4, 1, 4], [4, 2, 2], [4, 2, 3], [4, 2, 4], [4, 3, 2], [4, 3, 3], [4, 3, 4], [5, 1, 2], [5, 1, 3], [5, 1, 4], [5, 2, 2], [5, 2, 3], [5, 2, 4], [5, 3, 2], [5, 3, 3], [5, 3, 4], [6, 1, 2], [6, 1, 3], [6, 1, 4], [6, 2, 2], [6, 2, 3], [6, 2, 4], [6, 3, 2], [6, 3, 3], [6, 3, 4], [6, 3, 1], 0, [1, 3, 1], [5, 3, 1], [3, 3, 1], [6, 1, 1], [1, 1, 1], [5, 1, 1], [6, 2, 1], [1, 2, 1], [5, 2, 1], [2, 3, 1], [3, 1, 1], [4, 3, 1], [3, 2, 1], [2, 1, 1], [4, 1, 1], [2, 2, 1], [4, 2, 1]]
26	-4.80384	43.30259	57	79	12	familyII	[[1, 1, 4], [1, 2, 4], [1, 3, 4], [2, 1, 4], [2, 2, 4], [2, 3, 4], [3, 1, 4], [3, 2, 4], [3, 3, 4], [4, 1, 4], [4, 2, 4], [4, 3, 4], [5, 1, 4], [5, 2, 4], [5, 3, 4], [6, 1, 4], [6, 2, 4], [6, 3, 4], [1, 3, 3], 0, [5, 3, 3], [1, 3, 2], [5, 3, 2], [1, 3, 1], [1, 2, 3], [5, 3, 1], [6, 3, 3], [5, 2, 3], [1, 2, 2], [6, 3, 2], [5, 2, 2], [1, 1, 3], [1, 2, 1], [6, 3, 1], [5, 1, 3], [5, 2, 1], [1, 1, 2], [6, 2, 3], [5, 1, 2], [1, 1, 1], [6, 2, 2], [2, 3, 3], [5, 1, 1], [6, 1, 3], [6, 2, 1], [2, 3, 2], [3, 3, 3], [4, 3, 3], [6, 1, 2], [2, 3, 1], [3, 3, 2], [4, 3, 2], [6, 1, 1], [2, 2, 3], [3, 3, 1], [4, 3, 1], [2, 2, 2], [3, 2, 3], [4, 2, 3], [2, 1, 3], [2, 2, 1], [3, 2, 2], [4, 2, 2], [2, 1, 2], [3, 1, 3], [4, 1, 3], [3, 2, 1], [4, 2, 1], [2, 1, 1], [3, 1, 2], [4, 1, 2], [3, 1, 1], [4, 1, 1]]
27	-4.82579	43.3009	57	35	12	businessI	[[1, 1, 4], [1, 2, 4], [1, 3, 4], [2, 1, 4], [2, 2, 4], [2, 3, 4], [3, 1, 1], [3, 1, 2], [3, 1, 3], [3, 1, 4], [3, 2, 1], [3, 2, 2], [3, 2, 3], [3, 2, 4], [3, 3, 1], [3, 3, 2], [3, 3, 3], [3, 3, 4], [4, 1, 1], [4, 1, 2], [4, 1, 3], [4, 1, 4], [4, 2, 1], [4, 2, 2], [4, 2, 3], [4, 2, 4], [4, 3, 1], [4, 3, 2], [4, 3, 3], [4, 3, 4], [5, 1, 4], [5, 2, 4], [5, 3, 4], [6, 1, 4], [6, 2, 4], [6, 3, 4], [5, 3, 3], 0, [5, 3, 2], [1, 3, 3], [5, 3, 1], [1, 3, 2], [1, 3, 1], [6, 3, 3], [5, 2, 3], [6, 3, 2], [5, 2, 2], [1, 2, 3], [6, 3, 1], [5, 2, 1], [1, 2, 2], [1, 2, 1], [2, 3, 3], [6, 2, 3], [2, 3, 2], [6, 2, 2], [2, 3, 1], [6, 2, 1], [5, 1, 3], [2, 2, 3], [5, 1, 2], [1, 1, 3], [2, 2, 2], [5, 1, 1], [1, 1, 2], [2, 2, 1], [1, 1, 1], [6, 1, 3], [6, 1, 2], [6, 1, 1], [2, 1, 3], [2, 1, 2], [2, 1, 1]]
28	-4.81061	43.29267	57	28	12	pensionerI	[[1, 1, 2], [1, 1, 3], [1, 1, 4], [1, 2, 2], [1, 2, 3], [1, 2, 4], [1, 3, 2], [1, 3, 3], [1, 3, 4], [2, 1, 2], [2, 1, 3], [2, 1, 4], [2, 2, 2], [2, 2, 3], [2, 2, 4], [2, 3, 2], [2, 3, 3], [2, 3, 4], [3, 1, 2], [3, 1, 3], [3, 1, 4], [3, 2, 2], [3, 2, 3], [3, 2, 4], [3, 3, 2], [3, 3, 3], [3, 3, 4], [4, 1, 2], [4, 1, 3], [4, 1, 4], [4, 2, 2], [4, 2, 3], [4, 2, 4], [4, 3, 2], [4, 3, 3], [4, 3, 4], [5, 1, 2], [5, 1, 3], [5, 1, 4], [5, 2, 2], [5, 2, 3], [5, 2, 4], [5, 3, 2], [5, 3, 3], [5, 3, 4], [6, 1, 2], [6, 1, 3], [6, 1, 4], [6, 2, 2], [6, 2, 3], [6, 2, 4], [6, 3, 2], [6, 3, 3], [6, 3, 4], [5, 2, 1], 0, [5, 1, 1], [6, 2, 1], [6, 1, 1], [2, 2, 1], [2, 1, 1], [1, 2, 1], [1, 1, 1], [4, 2, 1], [4, 1, 1], [5, 3, 1], [6, 3, 1], [2, 3, 1], [1, 3, 1], [3, 2, 1], [3, 1, 1], [4, 3, 1], [3, 3, 1]]
29	-4.82804	43.29896	57	56	12	familyI	[[1, 1, 2], [1, 1, 3], [1, 1, 4], [1, 2, 2], [1, 2, 3], [1, 2, 4], [1, 3, 2], [1, 3, 3], [1, 3, 4], [2, 1, 2], [2, 1, 3], [2, 1, 4], [2, 2, 2], [2, 2, 3], [2, 2, 4], [2, 3, 2], [2, 3, 3], [2, 3, 4], [3, 1, 2], [3, 1, 3], [3, 1, 4], [3, 2, 2], [3, 2, 3], [3, 2, 4], [3, 3, 2], [3, 3, 3], [3, 3, 4], [4, 1, 2], [4, 1, 3], [4, 1, 4], [4, 2, 2], [4, 2, 3], [4, 2, 4], [4, 3, 2], [4, 3, 3], [4, 3, 4], [5, 1, 2], [5, 1, 3], [5, 1, 4], [5, 2, 2], [5, 2, 3], [5, 2, 4], [5, 3, 2], [5, 3, 3], [5, 3, 4], [6, 1, 2], [6, 1, 3], [6, 1, 4], [6, 2, 2], [6, 2, 3], [6, 2, 4], [6, 3, 2], [6, 3, 3], [6, 3, 4], [3, 2, 1], 0, [1, 2, 1], [5, 2, 1], [3, 3, 1], [1, 3, 1], [5, 3, 1], [6, 2, 1], [6, 3, 1], [3, 1, 1], [1, 1, 1], [5, 1, 1], [2, 2, 1], [4, 2, 1], [2, 3, 1], [4, 3, 1], [6, 1, 1], [2, 1, 1], [4, 1, 1]]
30	-4.83135	43.30672	57	36	12	pensionerI	[[1, 1, 2], [1, 1, 3], [1, 1, 4], [1, 2, 2], [1, 2, 3], [1, 2, 4], [1, 3, 2], [1, 3, 3], [1, 3, 4], [2, 1, 2], [2, 1, 3], [2, 1, 4], [2, 2, 2], [2, 2, 3], [2, 2, 4], [2, 3, 2], [2, 3, 3], [2, 3, 4], [3, 1, 2], [3, 1, 3], [3, 1, 4], [3, 2, 2], [3, 2, 3], [3, 2, 4], [3, 3, 2], [3, 3, 3], [3, 3, 4], [4, 1, 2], [4, 1, 3], [4, 1, 4], [4, 2, 2], [4, 2, 3], [4, 2, 4], [4, 3, 2], [4, 3, 3], [4, 3, 4], [5, 1, 2], [5, 1, 3], [5, 1, 4], [5, 2, 2], [5, 2, 3], [5, 2, 4], [5, 3, 2], [5, 3, 3], [5, 3, 4], [6, 1, 2], [6, 1, 3], [6, 1, 4], [6, 2, 2], [6, 2, 3], [6, 2, 4], [6, 3, 2], [6, 3, 3], [6, 3, 4], [1, 3, 1], 0, [5, 3, 1], [1, 1, 1], [5, 1, 1], [6, 3, 1], [4, 3, 1], [3, 3, 1], [6, 1, 1], [2, 3, 1], [1, 2, 1], [5, 2, 1], [4, 1, 1], [3, 1, 1], [2, 1, 1], [6, 2, 1], [4, 2, 1], [3, 2, 1], [2, 2, 1]]
31	-4.82892	43.3002	57	37	12	businessI	[[1, 1, 4], [1, 2, 4], [1, 3, 4], [2, 1, 4], [2, 2, 4], [2, 3, 4], [3, 1, 1], [3, 1, 2], [3, 1, 3], [3, 1, 4], [3, 2, 1], [3, 2, 2], [3, 2, 3], [3, 2, 4], [3, 3, 1], [3, 3, 2], [3, 3, 3], [3, 3, 4], [4, 1, 1], [4, 1, 2], [4, 1, 3], [4, 1, 4], [4, 2, 1], [4, 2, 2], [4, 2, 3], [4, 2, 4], [4, 3, 1], [4, 3, 2], [4, 3, 3], [4, 3, 4], [5, 1, 4], [5, 2, 4], [5, 3, 4], [6, 1, 4], [6, 2, 4], [6, 3, 4], [2, 3, 3], 0, [2, 3, 2], [1, 3, 3], [2, 3, 1], [1, 3, 2], [1, 3, 1], [5, 3, 3], [5, 3, 2], [5, 3, 1], [6, 3, 3], [6, 3, 2], [6, 3, 1], [2, 2, 3], [2, 2, 2], [1, 2, 3], [2, 2, 1], [1, 2, 2], [1, 2, 1], [5, 2, 3], [5, 2, 2], [5, 2, 1], [6, 2, 3], [6, 2, 2], [6, 2, 1], [2, 1, 3], [2, 1, 2], [1, 1, 3], [2, 1, 1], [1, 1, 2], [1, 1, 1], [5, 1, 3], [5, 1, 2], [5, 1, 1], [6, 1, 3], [6, 1, 2], [6, 1, 1]]
32	-4.88013	43.36866	51	26	12	pensionerII	[[1, 1, 3], [1, 1, 4], [1, 2, 3], [1, 2, 4], [1, 3, 3], [1, 3, 4], [2, 1, 3], [2, 1, 4], [2, 2, 3], [2, 2, 4], [2, 3, 3], [2, 3, 4], [3, 1, 3], [3, 1, 4], [3, 2, 3], [3, 2, 4], [3, 3, 3], [3, 3, 4], [4, 1, 3], [4, 1, 4], [4, 2, 3], [4, 2, 4], [4, 3, 3], [4, 3, 4], [5, 1, 3], [5, 1, 4], [5, 2, 3], [5, 2, 4], [5, 3, 3], [5, 3, 4], [6, 1, 3], [6, 1, 4], [6, 2, 3], [6, 2, 4], [6, 3, 3], [6, 3, 4], [2, 3, 2], 0, [2, 3, 1], [5, 3, 2], [5, 3, 1], [6, 3, 2], [6, 3, 1], [2, 2, 2], [2, 2, 1], [5, 2, 2], [5, 2, 1], [6, 2, 2], [6, 2, 1], [3, 3, 2], [4, 3, 2], [3, 3, 1], [4, 3, 1], [2, 1, 2], [2, 1, 1], [5, 1, 2], [5, 1, 1], [6, 1, 2], [6, 1, 1], [1, 3, 2], [1, 3, 1], [3, 2, 2], [4, 2, 2], [3, 2, 1], [4, 2, 1], [1, 2, 2], [1, 2, 1], [3, 1, 2], [4, 1, 2], [3, 1, 1], [4, 1, 1], [1, 1, 2], [1, 1, 1]]
33	-4.76867	43.36145	52	73	12	familyII	[[1, 1, 4], [1, 2, 4], [1, 3, 4], [2, 1, 4], [2, 2, 4], [2, 3, 4], [3, 1, 4], [3, 2, 4], [3, 3, 4], [4, 1, 4], [4, 2, 4], [4, 3, 4], [5, 1, 4], [5, 2, 4], [5, 3, 4], [6, 1, 4], [6, 2, 4], [6, 3, 4], [6, 2, 3], 0, [1, 2, 3], [6, 2, 2], [6, 3, 3], [1, 2, 2], [1, 3, 3], [6, 2, 1], [6, 3, 2], [1, 2, 1], [5, 2, 3], [1, 3, 2], [6, 3, 1], [5, 2, 2], [1, 3, 1], [5, 3, 3], [5, 2, 1], [5, 3, 2], [5, 3, 1], [4, 2, 3], [3, 2, 3], [4, 2, 2], [4, 3, 3], [3, 2, 2], [3, 3, 3], [4, 2, 1], [4, 3, 2], [3, 2, 1], [2, 2, 3], [3, 3, 2], [6, 1, 3], [4, 3, 1], [1, 1, 3], [2, 2, 2], [3, 3, 1], [2, 3, 3], [6, 1, 2], [1, 1, 2], [2, 2, 1], [2, 3, 2], [6, 1, 1], [1, 1, 1], [5, 1, 3], [2, 3, 1], [5, 1, 2], [5, 1, 1], [4, 1, 3], [3, 1, 3], [4, 1, 2], [3, 1, 2], [4, 1, 1], [3, 1, 1], [2, 1, 3], [2, 1, 2], [2, 1, 1]]
34	-4.76697	43.36737	52	71	12	familyII	[[1, 1, 4], [1, 2, 4], [1, 3, 4], [2, 1, 4], [2, 2, 4], [2, 3, 4], [3, 1, 4], [3, 2, 4], [3, 3, 4], [4, 1, 4], [4, 2, 4], [4, 3, 4], [5, 1, 4], [5, 2, 4], [5, 3, 4], [6, 1, 4], [6, 2, 4], [6, 3, 4], [6, 1, 3], 0, [1, 1, 3], [6, 1, 2], [6, 2, 3], [5, 1, 3], [1, 1, 2], [1, 2, 3], [6, 1, 1], [6, 2, 2], [5, 1, 2], [5, 2, 3], [1, 1, 1], [1, 2, 2], [6, 2, 1], [5, 1, 1], [5, 2, 2], [1, 2, 1], [5, 2, 1], [4, 1, 3], [6, 3, 3], [2, 1, 3], [4, 1, 2], [4, 2, 3], [1, 3, 3], [3, 1, 3], [6, 3, 2], [5, 3, 3], [2, 1, 2], [2, 2, 3], [4, 1, 1], [4, 2, 2], [1, 3, 2], [3, 1, 2], [3, 2, 3], [6, 3, 1], [5, 3, 2], [2, 1, 1], [2, 2, 2], [4, 2, 1], [1, 3, 1], [3, 1, 1], [3, 2, 2], [5, 3, 1], [2, 2, 1], [3, 2, 1], [4, 3, 3], [2, 3, 3], [4, 3, 2], [3, 3, 3], [2, 3, 2], [4, 3, 1], [3, 3, 2], [2, 3, 1], [3, 3, 1]]
35	-4.77772	43.36729	52	54	12	businessII	[[1, 1, 4], [1, 2, 4], [1, 3, 4], [2, 1, 1], [2, 1, 2], [2, 1, 3], [2, 1, 4], [2, 2, 1], [2, 2, 2], [2, 2, 3], [2, 2, 4], [2, 3, 1], [2, 3, 2], [2, 3, 3], [2, 3, 4], [3, 1, 1], [3, 1, 2], [3, 1, 3], [3, 1, 4], [3, 2, 1], [3, 2, 2], [3, 2, 3], [3, 2, 4], [3, 3, 1], [3, 3, 2], [3, 3, 3], [3, 3, 4], [4, 1, 1], [4, 1, 2], [4, 1, 3], [4, 1, 4], [4, 2, 1], [4, 2, 2], [4, 2, 3], [4, 2, 4], [4, 3, 1], [4, 3, 2], [4, 3, 3], [4, 3, 4], [5, 1, 1], [5, 1, 2], [5, 1, 3], [5, 1, 4], [5, 2, 1], [5, 2, 2], [5, 2, 3], [5, 2, 4], [5, 3, 1], [5, 3, 2], [5, 3, 3], [5, 3, 4], [6, 1, 4], [6, 2, 4], [6, 3, 4], [6, 1, 3], 0, [6, 1, 2], [6, 1, 1], [6, 3, 3], [6, 3, 2], [6, 3, 1], [1, 1, 3], [1, 1, 2], [1, 1, 1], [1, 3, 3], [1, 3, 2], [1, 3, 1], [6, 2, 3], [6, 2, 2], [6, 2, 1], [1, 2, 3], [1, 2, 2], [1, 2, 1]]
36	-4.76851	43.36747	52	62	12	familyII	[[1, 1, 4], [1, 2, 4], [1, 3, 4], [2, 1, 4], [2, 2, 4], [2, 3, 4], [3, 1, 4], [3, 2, 4], [3, 3, 4], [4, 1, 4], [4, 2, 4], [4, 3, 4], [5, 1, 4], [5, 2, 4], [5, 3, 4], [6, 1, 4], [6, 2, 4], [6, 3, 4], [6, 1, 3], 0, [1, 1, 3], [6, 3, 3], [6, 1, 2], [1, 3, 3], [5, 1, 3], [1, 1, 2], [6, 3, 2], [6, 1, 1], [5, 3, 3], [1, 3, 2], [5, 1, 2], [1, 1, 1], [6, 2, 3], [6, 3, 1], [1, 2, 3], [5, 3, 2], [1, 3, 1], [5, 1, 1], [6, 2, 2], [5, 2, 3], [1, 2, 2], [5, 3, 1], [6, 2, 1], [5, 2, 2], [1, 2, 1], [5, 2, 1], [2, 1, 3], [2, 3, 3], [2, 1, 2], [3, 1, 3], [2, 3, 2], [3, 3, 3], [2, 1, 1], [4, 1, 3], [3, 1, 2], [2, 2, 3], [2, 3, 1], [4, 3, 3], [3, 3, 2], [4, 1, 2], [3, 1, 1], [2, 2, 2], [3, 2, 3], [4, 3, 2], [3, 3, 1], [4, 1, 1], [2, 2, 1], [4, 2, 3], [3, 2, 2], [4, 3, 1], [4, 2, 2], [3, 2, 1], [4, 2, 1]]
37	-4.76612	43.36657	52	41	12	businessI	[[1, 1, 4], [1, 2, 4], [1, 3, 4], [2, 1, 4], [2, 2, 4], [2, 3, 4], [3, 1, 1], [3, 1, 2], [3, 1, 3], [3, 1, 4], [3, 2, 1], [3, 2, 2], [3, 2, 3], [3, 2, 4], [3, 3, 1], [3, 3, 2], [3, 3, 3], [3, 3, 4], [4, 1, 1], [4, 1, 2], [4, 1, 3], [4, 1, 4], [4, 2, 1], [4, 2, 2], [4, 2, 3], [4, 2, 4], [4, 3, 1], [4, 3, 2], [4, 3, 3], [4, 3, 4], [5, 1, 4], [5, 2, 4], [5, 3, 4], [6, 1, 4], [6, 2, 4], [6, 3, 4], [6, 3, 3], 0, [6, 3, 2], [6, 3, 1], [1, 3, 3], [5, 3, 3], [1, 3, 2], [5, 3, 2], [1, 3, 1], [5, 3, 1], [6, 1, 3], [6, 1, 2], [2, 3, 3], [6, 1, 1], [2, 3, 2], [2, 3, 1], [1, 1, 3], [5, 1, 3], [1, 1, 2], [5, 1, 2], [1, 1, 1], [5, 1, 1], [2, 1, 3], [2, 1, 2], [2, 1, 1], [6, 2, 3], [6, 2, 2], [6, 2, 1], [1, 2, 3], [5, 2, 3], [1, 2, 2], [5, 2, 2], [1, 2, 1], [5, 2, 1], [2, 2, 3], [2, 2, 2], [2, 2, 1]]
38	-4.77276	43.3275	52	35	12	businessII	[[1, 1, 4], [1, 2, 4], [1, 3, 4], [2, 1, 1], [2, 1, 2], [2, 1, 3], [2, 1, 4], [2, 2, 1], [2, 2, 2], [2, 2, 3], [2, 2, 4], [2, 3, 1], [2, 3, 2], [2, 3, 3], [2, 3, 4], [3, 1, 1], [3, 1, 2], [3, 1, 3], [3, 1, 4], [3, 2, 1], [3, 2, 2], [3, 2, 3], [3, 2, 4], [3, 3, 1], [3, 3, 2], [3, 3, 3], [3, 3, 4], [4, 1, 1], [4, 1, 2], [4, 1, 3], [4, 1, 4], [4, 2, 1], [4, 2, 2], [4, 2, 3], [4, 2, 4], [4, 3, 1], [4, 3, 2], [4, 3, 3], [4, 3, 4], [5, 1, 1], [5, 1, 2], [5, 1, 3], [5, 1, 4], [5, 2, 1], [5, 2, 2], [5, 2, 3], [5, 2, 4], [5, 3, 1], [5, 3, 2], [5, 3, 3], [5, 3, 4], [6, 1, 4], [6, 2, 4], [6, 3, 4], [1, 3, 3], 0, [1, 3, 2], [1, 3, 1], [1, 1, 3], [1, 1, 2], [1, 1, 1], [6, 3, 3], [6, 3, 2], [6, 3, 1], [6, 1, 3], [6, 1, 2], [6, 1, 1], [1, 2, 3], [1, 2, 2], [1, 2, 1], [6, 2, 3], [6, 2, 2], [6, 2, 1]]
39	-4.78067	43.33026	52	36	12	businessII	[[1, 1, 4], [1, 2, 4], [1, 3, 4], [2, 1, 1], [2, 1, 2], [2, 1, 3], [2, 1, 4], [2, 2, 1], [2, 2, 2], [2, 2, 3], [2, 2, 4], [2, 3, 1], [2, 3, 2], [2, 3, 3], [2, 3, 4], [3, 1, 1], [3, 1, 2], [3, 1, 3], [3, 1, 4], [3, 2, 1], [3, 2, 2], [3, 2, 3], [3, 2, 4], [3, 3, 1], [3, 3, 2], [3, 3, 3], [3, 3, 4], [4, 1, 1], [4, 1, 2], [4, 1, 3], [4, 1, 4], [4, 2, 1], [4, 2, 2], [4, 2, 3], [4, 2, 4], [4, 3, 1], [4, 3, 2], [4, 3, 3], [4, 3, 4], [5, 1, 1], [5, 1, 2], [5, 1, 3], [5, 1, 4], [5, 2, 1], [5, 2, 2], [5, 2, 3], [5, 2, 4], [5, 3, 1], [5, 3, 2], [5, 3, 3], [5, 3, 4], [6, 1, 4], [6, 2, 4], [6, 3, 4], [6, 2, 3], 0, [6, 2, 2], [6, 2, 1], [1, 2, 3], [1, 2, 2], [1, 2, 1], [6, 3, 3], [6, 3, 2], [6, 3, 1], [1, 3, 3], [6, 1, 3], [1, 3, 2], [6, 1, 2], [1, 3, 1], [6, 1, 1], [1, 1, 3], [1, 1, 2], [1, 1, 1]]
40	-4.78022	43.33268	52	37	12	businessII	[[1, 1, 4], [1, 2, 4], [1, 3, 4], [2, 1, 1], [2, 1, 2], [2, 1, 3], [2, 1, 4], [2, 2, 1], [2, 2, 2], [2, 2, 3], [2, 2, 4], [2, 3, 1], [2, 3, 2], [2, 3, 3], [2, 3, 4], [3, 1, 1], [3, 1, 2], [3, 1, 3], [3, 1, 4], [3, 2, 1], [3, 2, 2], [3, 2, 3], [3, 2, 4], [3, 3, 1], [3, 3, 2], [3, 3, 3], [3, 3, 4], [4, 1, 1], [4, 1, 2], [4, 1, 3], [4, 1, 4], [4, 2, 1], [4, 2, 2], [4, 2, 3], [4, 2, 4], [4, 3, 1], [4, 3, 2], [4, 3, 3], [4, 3, 4], [5, 1, 1], [5, 1, 2], [5, 1, 3], [5, 1, 4], [5, 2, 1], [5, 2, 2], [5, 2, 3], [5, 2, 4], [5, 3, 1], [5, 3, 2], [5, 3, 3], [5, 3, 4], [6, 1, 4], [6, 2, 4], [6, 3, 4], [6, 3, 3], 0, [6, 3, 2], [6, 3, 1], [6, 1, 3], [6, 1, 2], [6, 1, 1], [1, 3, 3], [1, 3, 2], [1, 3, 1], [1, 1, 3], [1, 1, 2], [1, 1, 1], [6, 2, 3], [6, 2, 2], [6, 2, 1], [1, 2, 3], [1, 2, 2], [1, 2, 1]]
41	-4.77897	43.3299	52	45	12	businessI	[[1, 1, 4], [1, 2, 4], [1, 3, 4], [2, 1, 4], [2, 2, 4], [2, 3, 4], [3, 1, 1], [3, 1, 2], [3, 1, 3], [3, 1, 4], [3, 2, 1], [3, 2, 2], [3, 2, 3], [3, 2, 4], [3, 3, 1], [3, 3, 2], [3, 3, 3], [3, 3, 4], [4, 1, 1], [4, 1, 2], [4, 1, 3], [4, 1, 4], [4, 2, 1], [4, 2, 2], [4, 2, 3], [4, 2, 4], [4, 3, 1], [4, 3, 2], [4, 3, 3], [4, 3, 4], [5, 1, 4], [5, 2, 4], [5, 3, 4], [6, 1, 4], [6, 2, 4], [6, 3, 4], [1, 2, 3], 0, [1, 2, 2], [1, 2, 1], [5, 2, 3], [5, 2, 2], [5, 2, 1], [2, 2, 3], [2, 2, 2], [2, 2, 1], [1, 1, 3], [1, 1, 2], [1, 1, 1], [5, 1, 3], [5, 1, 2], [5, 1, 1], [6, 2, 3], [6, 2, 2], [6, 2, 1], [2, 1, 3], [2, 1, 2], [2, 1, 1], [6, 1, 3], [6, 1, 2], [6, 1, 1], [1, 3, 3], [1, 3, 2], [1, 3, 1], [5, 3, 3], [5, 3, 2], [5, 3, 1], [2, 3, 3], [2, 3, 2], [2, 3, 1], [6, 3, 3], [6, 3, 2], [6, 3, 1]]
42	-4.77326	43.32988	52	68	12	familyI	[[1, 1, 2], [1, 1, 3], [1, 1, 4], [1, 2, 2], [1, 2, 3], [1, 2, 4], [1, 3, 2], [1, 3, 3], [1, 3, 4], [2, 1, 2], [2, 1, 3], [2, 1, 4], [2, 2, 2], [2, 2, 3], [2, 2, 4], [2, 3, 2], [2, 3, 3], [2, 3, 4], [3, 1, 2], [3, 1, 3], [3, 1, 4], [3, 2, 2], [3, 2, 3], [3, 2, 4], [3, 3, 2], [3, 3, 3], [3, 3, 4], [4, 1, 2], [4, 1, 3], [4, 1, 4], [4, 2, 2], [4, 2, 3], [4, 2, 4], [4, 3, 2], [4, 3, 3], [4, 3, 4], [5, 1, 2], [5, 1, 3], [5, 1, 4], [5, 2, 2], [5, 2, 3], [5, 2, 4], [5, 3, 2], [5, 3, 3], [5, 3, 4], [6, 1, 2], [6, 1, 3], [6, 1, 4], [6, 2, 2], [6, 2, 3], [6, 2, 4], [6, 3, 2], [6, 3, 3], [6, 3, 4], [6, 2, 1], 0, [3, 2, 1], [6, 3, 1], [3, 3, 1], [5, 2, 1], [6, 1, 1], [3, 1, 1], [5, 3, 1], [1, 2, 1], [1, 3, 1], [5, 1, 1], [1, 1, 1], [4, 2, 1], [2, 2, 1], [4, 3, 1], [2, 3, 1], [4, 1, 1], [2, 1, 1]]
43	-4.76816	43.34206	52	80	12	familyI	[[1, 1, 2], [1, 1, 3], [1, 1, 4], [1, 2, 2], [1, 2, 3], [1, 2, 4], [1, 3, 2], [1, 3, 3], [1, 3, 4], [2, 1, 2], [2, 1, 3], [2, 1, 4], [2, 2, 2], [2, 2, 3], [2, 2, 4], [2, 3, 2], [2, 3, 3], [2, 3, 4], [3, 1, 2], [3, 1, 3], [3, 1, 4], [3, 2, 2], [3, 2, 3], [3, 2, 4], [3, 3, 2], [3, 3, 3], [3, 3, 4], [4, 1, 2], [4, 1, 3], [4, 1, 4], [4, 2, 2], [4, 2, 3], [4, 2, 4], [4, 3, 2], [4, 3, 3], [4, 3, 4], [5, 1, 2], [5, 1, 3], [5, 1, 4], [5, 2, 2], [5, 2, 3], [5, 2, 4], [5, 3, 2], [5, 3, 3], [5, 3, 4], [6, 1, 2], [6, 1, 3], [6, 1, 4], [6, 2, 2], [6, 2, 3], [6, 2, 4], [6, 3, 2], [6, 3, 3], [6, 3, 4], [6, 1, 1], 0, [1, 1, 1], [6, 3, 1], [1, 3, 1], [5, 1, 1], [3, 1, 1], [5, 3, 1], [3, 3, 1], [6, 2, 1], [1, 2, 1], [2, 1, 1], [4, 1, 1], [5, 2, 1], [3, 2, 1], [2, 3, 1], [4, 3, 1], [2, 2, 1], [4, 2, 1]]
44	-4.76209	43.32844	52	48	12	familyI	[[1, 1, 2], [1, 1, 3], [1, 1, 4], [1, 2, 2], [1, 2, 3], [1, 2, 4], [1, 3, 2], [1, 3, 3], [1, 3, 4], [2, 1, 2], [2, 1, 3], [2, 1, 4], [2, 2, 2], [2, 2, 3], [2, 2, 4], [2, 3, 2], [2, 3, 3], [2, 3, 4], [3, 1, 2], [3, 1, 3], [3, 1, 4], [3, 2, 2], [3, 2, 3], [3, 2, 4], [3, 3, 2], [3, 3, 3], [3, 3, 4], [4, 1, 2], [4, 1, 3], [4, 1, 4], [4, 2, 2], [4, 2, 3], [4, 2, 4], [4, 3, 2], [4, 3, 3], [4, 3, 4], [5, 1, 2], [5, 1, 3], [5, 1, 4], [5, 2, 2], [5, 2, 3], [5, 2, 4], [5, 3, 2], [5, 3, 3], [5, 3, 4], [6, 1, 2], [6, 1, 3], [6, 1, 4], [6, 2, 2], [6, 2, 3], [6, 2, 4], [6, 3, 2], [6, 3, 3], [6, 3, 4], [1, 3, 1], 0, [5, 3, 1], [6, 3, 1], [3, 3, 1], [1, 2, 1], [5, 2, 1], [6, 2, 1], [3, 2, 1], [1, 1, 1], [5, 1, 1], [6, 1, 1], [3, 1, 1], [2, 3, 1], [2, 2, 1], [2, 1, 1], [4, 3, 1], [4, 2, 1], [4, 1, 1]]
45	-4.76412	43.33557	52	51	12	familyI	[[1, 1, 2], [1, 1, 3], [1, 1, 4], [1, 2, 2], [1, 2, 3], [1, 2, 4], [1, 3, 2], [1, 3, 3], [1, 3, 4], [2, 1, 2], [2, 1, 3], [2, 1, 4], [2, 2, 2], [2, 2, 3], [2, 2, 4], [2, 3, 2], [2, 3, 3], [2, 3, 4], [3, 1, 2], [3, 1, 3], [3, 1, 4], [3, 2, 2], [3, 2, 3], [3, 2, 4], [3, 3, 2], [3, 3, 3], [3, 3, 4], [4, 1, 2], [4, 1, 3], [4, 1, 4], [4, 2, 2], [4, 2, 3], [4, 2, 4], [4, 3, 2], [4, 3, 3], [4, 3, 4], [5, 1, 2], [5, 1, 3], [5, 1, 4], [5, 2, 2], [5, 2, 3], [5, 2, 4], [5, 3, 2], [5, 3, 3], [5, 3, 4], [6, 1, 2], [6, 1, 3], [6, 1, 4], [6, 2, 2], [6, 2, 3], [6, 2, 4], [6, 3, 2], [6, 3, 3], [6, 3, 4], [1, 2, 1], 0, [6, 2, 1], [5, 2, 1], [3, 2, 1], [1, 3, 1], [6, 3, 1], [5, 3, 1], [3, 3, 1], [2, 2, 1], [4, 2, 1], [1, 1, 1], [6, 1, 1], [5, 1, 1], [2, 3, 1], [3, 1, 1], [4, 3, 1], [2, 1, 1], [4, 1, 1]]
46	-4.77597	43.34554	52	42	12	businessII	[[1, 1, 4], [1, 2, 4], [1, 3, 4], [2, 1, 1], [2, 1, 2], [2, 1, 3], [2, 1, 4], [2, 2, 1], [2, 2, 2], [2, 2, 3], [2, 2, 4], [2, 3, 1], [2, 3, 2], [2, 3, 3], [2, 3, 4], [3, 1, 1], [3, 1, 2], [3, 1, 3], [3, 1, 4], [3, 2, 1], [3, 2, 2], [3, 2, 3], [3, 2, 4], [3, 3, 1], [3, 3, 2], [3, 3, 3], [3, 3, 4], [4, 1, 1], [4, 1, 2], [4, 1, 3], [4, 1, 4], [4, 2, 1], [4, 2, 2], [4, 2, 3], [4, 2, 4], [4, 3, 1], [4, 3, 2], [4, 3, 3], [4, 3, 4], [5, 1, 1], [5, 1, 2], [5, 1, 3], [5, 1, 4], [5, 2, 1], [5, 2, 2], [5, 2, 3], [5, 2, 4], [5, 3, 1], [5, 3, 2], [5, 3, 3], [5, 3, 4], [6, 1, 4], [6, 2, 4], [6, 3, 4], [6, 1, 3], 0, [6, 1, 2], [6, 1, 1], [1, 1, 3], [1, 1, 2], [1, 1, 1], [6, 2, 3], [6, 2, 2], [6, 2, 1], [1, 2, 3], [1, 2, 2], [1, 2, 1], [6, 3, 3], [6, 3, 2], [6, 3, 1], [1, 3, 3], [1, 3, 2], [1, 3, 1]]
47	-4.78287	43.34992	52	51	12	businessII	[[1, 1, 4], [1, 2, 4], [1, 3, 4], [2, 1, 1], [2, 1, 2], [2, 1, 3], [2, 1, 4], [2, 2, 1], [2, 2, 2], [2, 2, 3], [2, 2, 4], [2, 3, 1], [2, 3, 2], [2, 3, 3], [2, 3, 4], [3, 1, 1], [3, 1, 2], [3, 1, 3], [3, 1, 4], [3, 2, 1], [3, 2, 2], [3, 2, 3], [3, 2, 4], [3, 3, 1], [3, 3, 2], [3, 3, 3], [3, 3, 4], [4, 1, 1], [4, 1, 2], [4, 1, 3], [4, 1, 4], [4, 2, 1], [4, 2, 2], [4, 2, 3], [4, 2, 4], [4, 3, 1], [4, 3, 2], [4, 3, 3], [4, 3, 4], [5, 1, 1], [5, 1, 2], [5, 1, 3], [5, 1, 4], [5, 2, 1], [5, 2, 2], [5, 2, 3], [5, 2, 4], [5, 3, 1], [5, 3, 2], [5, 3, 3], [5, 3, 4], [6, 1, 4], [6, 2, 4], [6, 3, 4], [1, 2, 3], 0, [1, 2, 2], [1, 2, 1], [1, 1, 3], [1, 1, 2], [1, 1, 1], [6, 2, 3], [6, 2, 2], [6, 2, 1], [6, 1, 3], [6, 1, 2], [6, 1, 1], [1, 3, 3], [1, 3, 2], [1, 3, 1], [6, 3, 3], [6, 3, 2], [6, 3, 1]]
48	-4.80749	43.3442	52	50	12	businessI	[[1, 1, 4], [1, 2, 4], [1, 3, 4], [2, 1, 4], [2, 2, 4], [2, 3, 4], [3, 1, 1], [3, 1, 2], [3, 1, 3], [3, 1, 4], [3, 2, 1], [3, 2, 2], [3, 2, 3], [3, 2, 4], [3, 3, 1], [3, 3, 2], [3, 3, 3], [3, 3, 4], [4, 1, 1], [4, 1, 2], [4, 1, 3], [4, 1, 4], [4, 2, 1], [4, 2, 2], [4, 2, 3], [4, 2, 4], [4, 3, 1], [4, 3, 2], [4, 3, 3], [4, 3, 4], [5, 1, 4], [5, 2, 4], [5, 3, 4], [6, 1, 4], [6, 2, 4], [6, 3, 4], [6, 1, 3], 0, [2, 1, 3], [6, 1, 2], [1, 1, 3], [2, 1, 2], [5, 1, 3], [6, 1, 1], [1, 1, 2], [2, 1, 1], [5, 1, 2], [1, 1, 1], [6, 2, 3], [5, 1, 1], [2, 2, 3], [6, 2, 2], [1, 2, 3], [2, 2, 2], [5, 2, 3], [6, 2, 1], [1, 2, 2], [2, 2, 1], [5, 2, 2], [1, 2, 1], [5, 2, 1], [6, 3, 3], [2, 3, 3], [6, 3, 2], [1, 3, 3], [2, 3, 2], [5, 3, 3], [6, 3, 1], [1, 3, 2], [2, 3, 1], [5, 3, 2], [1, 3, 1], [5, 3, 1]]
49	-4.78708	43.33185	52	52	12	businessI	[[1, 1, 4], [1, 2, 4], [1, 3, 4], [2, 1, 4], [2, 2, 4], [2, 3, 4], [3, 1, 1], [3, 1, 2], [3, 1, 3], [3, 1, 4], [3, 2, 1], [3, 2, 2], [3, 2, 3], [3, 2, 4], [3, 3, 1], [3, 3, 2], [3, 3, 3], [3, 3, 4], [4, 1, 1], [4, 1, 2], [4, 1, 3], [4, 1, 4], [4, 2, 1], [4, 2, 2], [4, 2, 3], [4, 2, 4], [4, 3, 1], [4, 3, 2], [4, 3, 3], [4, 3, 4], [5, 1, 4], [5, 2, 4], [5, 3, 4], [6, 1, 4], [6, 2, 4], [6, 3, 4], [2, 1, 3], 0, [2, 1, 2], [2, 1, 1], [6, 1, 3], [6, 1, 2], [1, 1, 3], [6, 1, 1], [1, 1, 2], [1, 1, 1], [5, 1, 3], [5, 1, 2], [5, 1, 1], [2, 3, 3], [2, 3, 2], [2, 3, 1], [6, 3, 3], [6, 3, 2], [1, 3, 3], [6, 3, 1], [1, 3, 2], [1, 3, 1], [5, 3, 3], [5, 3, 2], [5, 3, 1], [2, 2, 3], [2, 2, 2], [2, 2, 1], [6, 2, 3], [6, 2, 2], [1, 2, 3], [6, 2, 1], [1, 2, 2], [1, 2, 1], [5, 2, 3], [5, 2, 2], [5, 2, 1]]
50	-4.78141	43.33037	52	71	12	familyII	[[1, 1, 4], [1, 2, 4], [1, 3, 4], [2, 1, 4], [2, 2, 4], [2, 3, 4], [3, 1, 4], [3, 2, 4], [3, 3, 4], [4, 1, 4], [4, 2, 4], [4, 3, 4], [5, 1, 4], [5, 2, 4], [5, 3, 4], [6, 1, 4], [6, 2, 4], [6, 3, 4], [5, 1, 3], 0, [1, 1, 3], [6, 1, 3], [5, 1, 2], [1, 1, 2], [6, 1, 2], [5, 2, 3], [5, 1, 1], [1, 2, 3], [1, 1, 1], [6, 2, 3], [6, 1, 1], [5, 2, 2], [1, 2, 2], [6, 2, 2], [5, 2, 1], [1, 2, 1], [6, 2, 1], [4, 1, 3], [3, 1, 3], [4, 1, 2], [3, 1, 2], [4, 2, 3], [4, 1, 1], [3, 2, 3], [3, 1, 1], [5, 3, 3], [1, 3, 3], [6, 3, 3], [2, 1, 3], [4, 2, 2], [3, 2, 2], [5, 3, 2], [1, 3, 2], [6, 3, 2], [2, 1, 2], [4, 2, 1], [3, 2, 1], [5, 3, 1], [1, 3, 1], [6, 3, 1], [2, 2, 3], [2, 1, 1], [2, 2, 2], [2, 2, 1], [4, 3, 3], [3, 3, 3], [4, 3, 2], [3, 3, 2], [4, 3, 1], [3, 3, 1], [2, 3, 3], [2, 3, 2], [2, 3, 1]]
51	-4.79164	43.36834	52	27	12	pensionerII	[[1, 1, 3], [1, 1, 4], [1, 2, 3], [1, 2, 4], [1, 3, 3], [1, 3, 4], [2, 1, 3], [2, 1, 4], [2, 2, 3], [2, 2, 4], [2, 3, 3], [2, 3, 4], [3, 1, 3], [3, 1, 4], [3, 2, 3], [3, 2, 4], [3, 3, 3], [3, 3, 4], [4, 1, 3], [4, 1, 4], [4, 2, 3], [4, 2, 4], [4, 3, 3], [4, 3, 4], [5, 1, 3], [5, 1, 4], [5, 2, 3], [5, 2, 4], [5, 3, 3], [5, 3, 4], [6, 1, 3], [6, 1, 4], [6, 2, 3], [6, 2, 4], [6, 3, 3], [6, 3, 4], [6, 1, 2], 0, [6, 1, 1], [5, 1, 2], [5, 1, 1], [6, 2, 2], [6, 2, 1], [2, 1, 2], [2, 1, 1], [5, 2, 2], [5, 2, 1], [2, 2, 2], [2, 2, 1], [6, 3, 2], [6, 3, 1], [3, 1, 2], [3, 1, 1], [5, 3, 2], [5, 3, 1], [2, 3, 2], [2, 3, 1], [3, 2, 2], [3, 2, 1], [1, 1, 2], [1, 1, 1], [4, 1, 2], [4, 1, 1], [1, 2, 2], [1, 2, 1], [4, 2, 2], [4, 2, 1], [3, 3, 2], [3, 3, 1], [1, 3, 2], [1, 3, 1], [4, 3, 2], [4, 3, 1]]
52	-4.77742	43.36697	52	25	12	pensionerI	[[1, 1, 2], [1, 1, 3], [1, 1, 4], [1, 2, 2], [1, 2, 3], [1, 2, 4], [1, 3, 2], [1, 3, 3], [1, 3, 4], [2, 1, 2], [2, 1, 3], [2, 1, 4], [2, 2, 2], [2, 2, 3], [2, 2, 4], [2, 3, 2], [2, 3, 3], [2, 3, 4], [3, 1, 2], [3, 1, 3], [3, 1, 4], [3, 2, 2], [3, 2, 3], [3, 2, 4], [3, 3, 2], [3, 3, 3], [3, 3, 4], [4, 1, 2], [4, 1, 3], [4, 1, 4], [4, 2, 2], [4, 2, 3], [4, 2, 4], [4, 3, 2], [4, 3, 3], [4, 3, 4], [5, 1, 2], [5, 1, 3], [5, 1, 4], [5, 2, 2], [5, 2, 3], [5, 2, 4], [5, 3, 2], [5, 3, 3], [5, 3, 4], [6, 1, 2], [6, 1, 3], [6, 1, 4], [6, 2, 2], [6, 2, 3], [6, 2, 4], [6, 3, 2], [6, 3, 3], [6, 3, 4], [4, 1, 1], 0, [6, 1, 1], [1, 1, 1], [5, 1, 1], [3, 1, 1], [4, 2, 1], [6, 2, 1], [1, 2, 1], [4, 3, 1], [6, 3, 1], [5, 2, 1], [3, 2, 1], [1, 3, 1], [5, 3, 1], [3, 3, 1], [2, 1, 1], [2, 2, 1], [2, 3, 1]]
53	-4.77101	43.36267	52	42	12	businessI	[[1, 1, 4], [1, 2, 4], [1, 3, 4], [2, 1, 4], [2, 2, 4], [2, 3, 4], [3, 1, 1], [3, 1, 2], [3, 1, 3], [3, 1, 4], [3, 2, 1], [3, 2, 2], [3, 2, 3], [3, 2, 4], [3, 3, 1], [3, 3, 2], [3, 3, 3], [3, 3, 4], [4, 1, 1], [4, 1, 2], [4, 1, 3], [4, 1, 4], [4, 2, 1], [4, 2, 2], [4, 2, 3], [4, 2, 4], [4, 3, 1], [4, 3, 2], [4, 3, 3], [4, 3, 4], [5, 1, 4], [5, 2, 4], [5, 3, 4], [6, 1, 4], [6, 2, 4], [6, 3, 4], [1, 3, 3], 0, [1, 3, 2], [1, 3, 1], [5, 3, 3], [5, 3, 2], [5, 3, 1], [2, 3, 3], [2, 3, 2], [6, 3, 3], [2, 3, 1], [6, 3, 2], [6, 3, 1], [1, 2, 3], [1, 2, 2], [1, 2, 1], [5, 2, 3], [5, 2, 2], [5, 2, 1], [2, 2, 3], [2, 2, 2], [6, 2, 3], [2, 2, 1], [6, 2, 2], [6, 2, 1], [1, 1, 3], [1, 1, 2], [1, 1, 1], [5, 1, 3], [5, 1, 2], [5, 1, 1], [2, 1, 3], [2, 1, 2], [6, 1, 3], [2, 1, 1], [6, 1, 2], [6, 1, 1]]
54	-4.769	43.36609	52	41	12	familyI	[[1, 1, 2], [1, 1, 3], [1, 1, 4], [1, 2, 2], [1, 2, 3], [1, 2, 4], [1, 3, 2], [1, 3, 3], [1, 3, 4], [2, 1, 2], [2, 1, 3], [2, 1, 4], [2, 2, 2], [2, 2, 3], [2, 2, 4], [2, 3, 2], [2, 3, 3], [2, 3, 4], [3, 1, 2], [3, 1, 3], [3, 1, 4], [3, 2, 2], [3, 2, 3], [3, 2, 4], [3, 3, 2], [3, 3, 3], [3, 3, 4], [4, 1, 2], [4, 1, 3], [4, 1, 4], [4, 2, 2], [4, 2, 3], [4, 2, 4], [4, 3, 2], [4, 3, 3], [4, 3, 4], [5, 1, 2], [5, 1, 3], [5, 1, 4], [5, 2, 2], [5, 2, 3], [5, 2, 4], [5, 3, 2], [5, 3, 3], [5, 3, 4], [6, 1, 2], [6, 1, 3], [6, 1, 4], [6, 2, 2], [6, 2, 3], [6, 2, 4], [6, 3, 2], [6, 3, 3], [6, 3, 4], [5, 1, 1], 0, [3, 1, 1], [5, 3, 1], [3, 3, 1], [1, 1, 1], [1, 3, 1], [6, 1, 1], [6, 3, 1], [5, 2, 1], [3, 2, 1], [4, 1, 1], [2, 1, 1], [4, 3, 1], [1, 2, 1], [2, 3, 1], [6, 2, 1], [4, 2, 1], [2, 2, 1]]