S3n54d3w6-120p5-4-8c3_1679305955

DAYS
3

WINDOWS
1	480	600
2	600	720
3	720	840
4	840	960
5	960	1080
6	1080	1200

FEES
1	5
2	6
3	7
4	8

CLUSTERS
CLUST NO.	LONCOORD.	LATCOORD.

51	-4.87416	43.3423
52	-4.7807	43.3423
57	-4.82743	43.31532

CUSTOMERS
CUST NO.	LONCOORD.	LATCOORD.	CLUST NO.	BASKET.	SERVICE TIME.	SEGMENT.	PREF LIST.
0	-4.82743	43.31532	0	0	0	0	0
1	-4.84105	43.29702	57	41	12	businessII	[[1, 1, 4], [1, 2, 4], [1, 3, 4], [2, 1, 1], [2, 1, 2], [2, 1, 3], [2, 1, 4], [2, 2, 1], [2, 2, 2], [2, 2, 3], [2, 2, 4], [2, 3, 1], [2, 3, 2], [2, 3, 3], [2, 3, 4], [3, 1, 1], [3, 1, 2], [3, 1, 3], [3, 1, 4], [3, 2, 1], [3, 2, 2], [3, 2, 3], [3, 2, 4], [3, 3, 1], [3, 3, 2], [3, 3, 3], [3, 3, 4], [4, 1, 1], [4, 1, 2], [4, 1, 3], [4, 1, 4], [4, 2, 1], [4, 2, 2], [4, 2, 3], [4, 2, 4], [4, 3, 1], [4, 3, 2], [4, 3, 3], [4, 3, 4], [5, 1, 1], [5, 1, 2], [5, 1, 3], [5, 1, 4], [5, 2, 1], [5, 2, 2], [5, 2, 3], [5, 2, 4], [5, 3, 1], [5, 3, 2], [5, 3, 3], [5, 3, 4], [6, 1, 4], [6, 2, 4], [6, 3, 4], [1, 3, 3], 0, [1, 3, 2], [1, 3, 1], [6, 3, 3], [6, 3, 2], [6, 3, 1], [1, 2, 3], [1, 2, 2], [1, 2, 1], [6, 2, 3], [6, 2, 2], [1, 1, 3], [6, 2, 1], [1, 1, 2], [1, 1, 1], [6, 1, 3], [6, 1, 2], [6, 1, 1]]
2	-4.80747	43.29815	57	20	12	pensionerI	[[1, 1, 2], [1, 1, 3], [1, 1, 4], [1, 2, 2], [1, 2, 3], [1, 2, 4], [1, 3, 2], [1, 3, 3], [1, 3, 4], [2, 1, 2], [2, 1, 3], [2, 1, 4], [2, 2, 2], [2, 2, 3], [2, 2, 4], [2, 3, 2], [2, 3, 3], [2, 3, 4], [3, 1, 2], [3, 1, 3], [3, 1, 4], [3, 2, 2], [3, 2, 3], [3, 2, 4], [3, 3, 2], [3, 3, 3], [3, 3, 4], [4, 1, 2], [4, 1, 3], [4, 1, 4], [4, 2, 2], [4, 2, 3], [4, 2, 4], [4, 3, 2], [4, 3, 3], [4, 3, 4], [5, 1, 2], [5, 1, 3], [5, 1, 4], [5, 2, 2], [5, 2, 3], [5, 2, 4], [5, 3, 2], [5, 3, 3], [5, 3, 4], [6, 1, 2], [6, 1, 3], [6, 1, 4], [6, 2, 2], [6, 2, 3], [6, 2, 4], [6, 3, 2], [6, 3, 3], [6, 3, 4], [4, 3, 1], 0, [3, 3, 1], [4, 1, 1], [3, 1, 1], [4, 2, 1], [3, 2, 1], [2, 3, 1], [1, 3, 1], [5, 3, 1], [2, 1, 1], [1, 1, 1], [5, 1, 1], [2, 2, 1], [1, 2, 1], [5, 2, 1], [6, 3, 1], [6, 1, 1], [6, 2, 1]]
3	-4.82593	43.31237	57	47	12	familyII	[[1, 1, 4], [1, 2, 4], [1, 3, 4], [2, 1, 4], [2, 2, 4], [2, 3, 4], [3, 1, 4], [3, 2, 4], [3, 3, 4], [4, 1, 4], [4, 2, 4], [4, 3, 4], [5, 1, 4], [5, 2, 4], [5, 3, 4], [6, 1, 4], [6, 2, 4], [6, 3, 4], [5, 3, 3], 0, [1, 3, 3], [5, 3, 2], [1, 3, 2], [6, 3, 3], [5, 3, 1], [1, 3, 1], [6, 3, 2], [6, 3, 1], [5, 1, 3], [1, 1, 3], [5, 1, 2], [1, 1, 2], [6, 1, 3], [5, 2, 3], [1, 2, 3], [5, 1, 1], [1, 1, 1], [6, 1, 2], [5, 2, 2], [1, 2, 2], [6, 2, 3], [3, 3, 3], [6, 1, 1], [5, 2, 1], [2, 3, 3], [4, 3, 3], [1, 2, 1], [6, 2, 2], [3, 3, 2], [2, 3, 2], [4, 3, 2], [6, 2, 1], [3, 3, 1], [2, 3, 1], [4, 3, 1], [3, 1, 3], [2, 1, 3], [4, 1, 3], [3, 1, 2], [3, 2, 3], [2, 1, 2], [4, 1, 2], [3, 1, 1], [2, 2, 3], [4, 2, 3], [3, 2, 2], [2, 1, 1], [4, 1, 1], [2, 2, 2], [4, 2, 2], [3, 2, 1], [2, 2, 1], [4, 2, 1]]
4	-4.83029	43.31237	57	44	12	businessII	[[1, 1, 4], [1, 2, 4], [1, 3, 4], [2, 1, 1], [2, 1, 2], [2, 1, 3], [2, 1, 4], [2, 2, 1], [2, 2, 2], [2, 2, 3], [2, 2, 4], [2, 3, 1], [2, 3, 2], [2, 3, 3], [2, 3, 4], [3, 1, 1], [3, 1, 2], [3, 1, 3], [3, 1, 4], [3, 2, 1], [3, 2, 2], [3, 2, 3], [3, 2, 4], [3, 3, 1], [3, 3, 2], [3, 3, 3], [3, 3, 4], [4, 1, 1], [4, 1, 2], [4, 1, 3], [4, 1, 4], [4, 2, 1], [4, 2, 2], [4, 2, 3], [4, 2, 4], [4, 3, 1], [4, 3, 2], [4, 3, 3], [4, 3, 4], [5, 1, 1], [5, 1, 2], [5, 1, 3], [5, 1, 4], [5, 2, 1], [5, 2, 2], [5, 2, 3], [5, 2, 4], [5, 3, 1], [5, 3, 2], [5, 3, 3], [5, 3, 4], [6, 1, 4], [6, 2, 4], [6, 3, 4], [6, 2, 3], 0, [6, 2, 2], [6, 2, 1], [1, 2, 3], [1, 2, 2], [1, 2, 1], [6, 1, 3], [6, 1, 2], [6, 1, 1], [6, 3, 3], [6, 3, 2], [6, 3, 1], [1, 1, 3], [1, 1, 2], [1, 1, 1], [1, 3, 3], [1, 3, 2], [1, 3, 1]]
5	-4.8631	43.32289	51	32	12	pensionerI	[[1, 1, 2], [1, 1, 3], [1, 1, 4], [1, 2, 2], [1, 2, 3], [1, 2, 4], [1, 3, 2], [1, 3, 3], [1, 3, 4], [2, 1, 2], [2, 1, 3], [2, 1, 4], [2, 2, 2], [2, 2, 3], [2, 2, 4], [2, 3, 2], [2, 3, 3], [2, 3, 4], [3, 1, 2], [3, 1, 3], [3, 1, 4], [3, 2, 2], [3, 2, 3], [3, 2, 4], [3, 3, 2], [3, 3, 3], [3, 3, 4], [4, 1, 2], [4, 1, 3], [4, 1, 4], [4, 2, 2], [4, 2, 3], [4, 2, 4], [4, 3, 2], [4, 3, 3], [4, 3, 4], [5, 1, 2], [5, 1, 3], [5, 1, 4], [5, 2, 2], [5, 2, 3], [5, 2, 4], [5, 3, 2], [5, 3, 3], [5, 3, 4], [6, 1, 2], [6, 1, 3], [6, 1, 4], [6, 2, 2], [6, 2, 3], [6, 2, 4], [6, 3, 2], [6, 3, 3], [6, 3, 4], [1, 2, 1], 0, [4, 2, 1], [5, 2, 1], [3, 2, 1], [2, 2, 1], [1, 1, 1], [4, 1, 1], [5, 1, 1], [3, 1, 1], [2, 1, 1], [1, 3, 1], [4, 3, 1], [5, 3, 1], [3, 3, 1], [2, 3, 1], [6, 2, 1], [6, 1, 1], [6, 3, 1]]
6	-4.818	43.30811	57	35	12	businessII	[[1, 1, 4], [1, 2, 4], [1, 3, 4], [2, 1, 1], [2, 1, 2], [2, 1, 3], [2, 1, 4], [2, 2, 1], [2, 2, 2], [2, 2, 3], [2, 2, 4], [2, 3, 1], [2, 3, 2], [2, 3, 3], [2, 3, 4], [3, 1, 1], [3, 1, 2], [3, 1, 3], [3, 1, 4], [3, 2, 1], [3, 2, 2], [3, 2, 3], [3, 2, 4], [3, 3, 1], [3, 3, 2], [3, 3, 3], [3, 3, 4], [4, 1, 1], [4, 1, 2], [4, 1, 3], [4, 1, 4], [4, 2, 1], [4, 2, 2], [4, 2, 3], [4, 2, 4], [4, 3, 1], [4, 3, 2], [4, 3, 3], [4, 3, 4], [5, 1, 1], [5, 1, 2], [5, 1, 3], [5, 1, 4], [5, 2, 1], [5, 2, 2], [5, 2, 3], [5, 2, 4], [5, 3, 1], [5, 3, 2], [5, 3, 3], [5, 3, 4], [6, 1, 4], [6, 2, 4], [6, 3, 4], [6, 3, 3], 0, [6, 3, 2], [6, 3, 1], [1, 3, 3], [1, 3, 2], [1, 3, 1], [6, 1, 3], [6, 1, 2], [6, 1, 1], [1, 1, 3], [1, 1, 2], [1, 1, 1], [6, 2, 3], [6, 2, 2], [6, 2, 1], [1, 2, 3], [1, 2, 2], [1, 2, 1]]
7	-4.81882	43.3084	57	36	12	businessII	[[1, 1, 4], [1, 2, 4], [1, 3, 4], [2, 1, 1], [2, 1, 2], [2, 1, 3], [2, 1, 4], [2, 2, 1], [2, 2, 2], [2, 2, 3], [2, 2, 4], [2, 3, 1], [2, 3, 2], [2, 3, 3], [2, 3, 4], [3, 1, 1], [3, 1, 2], [3, 1, 3], [3, 1, 4], [3, 2, 1], [3, 2, 2], [3, 2, 3], [3, 2, 4], [3, 3, 1], [3, 3, 2], [3, 3, 3], [3, 3, 4], [4, 1, 1], [4, 1, 2], [4, 1, 3], [4, 1, 4], [4, 2, 1], [4, 2, 2], [4, 2, 3], [4, 2, 4], [4, 3, 1], [4, 3, 2], [4, 3, 3], [4, 3, 4], [5, 1, 1], [5, 1, 2], [5, 1, 3], [5, 1, 4], [5, 2, 1], [5, 2, 2], [5, 2, 3], [5, 2, 4], [5, 3, 1], [5, 3, 2], [5, 3, 3], [5, 3, 4], [6, 1, 4], [6, 2, 4], [6, 3, 4], [6, 3, 3], 0, [6, 3, 2], [6, 3, 1], [1, 3, 3], [1, 3, 2], [1, 3, 1], [6, 2, 3], [6, 2, 2], [6, 2, 1], [1, 2, 3], [1, 2, 2], [1, 2, 1], [6, 1, 3], [6, 1, 2], [6, 1, 1], [1, 1, 3], [1, 1, 2], [1, 1, 1]]
8	-4.81206	43.3133	57	40	12	familyII	[[1, 1, 4], [1, 2, 4], [1, 3, 4], [2, 1, 4], [2, 2, 4], [2, 3, 4], [3, 1, 4], [3, 2, 4], [3, 3, 4], [4, 1, 4], [4, 2, 4], [4, 3, 4], [5, 1, 4], [5, 2, 4], [5, 3, 4], [6, 1, 4], [6, 2, 4], [6, 3, 4], [5, 1, 3], 0, [6, 1, 3], [5, 1, 2], [6, 1, 2], [1, 1, 3], [5, 1, 1], [6, 1, 1], [5, 3, 3], [6, 3, 3], [1, 1, 2], [5, 3, 2], [5, 2, 3], [6, 3, 2], [6, 2, 3], [1, 1, 1], [1, 3, 3], [5, 3, 1], [5, 2, 2], [6, 3, 1], [6, 2, 2], [1, 3, 2], [1, 2, 3], [5, 2, 1], [6, 2, 1], [1, 3, 1], [1, 2, 2], [4, 1, 3], [1, 2, 1], [3, 1, 3], [2, 1, 3], [4, 1, 2], [3, 1, 2], [2, 1, 2], [4, 1, 1], [4, 3, 3], [3, 1, 1], [3, 3, 3], [2, 1, 1], [2, 3, 3], [4, 3, 2], [4, 2, 3], [3, 3, 2], [3, 2, 3], [2, 3, 2], [2, 2, 3], [4, 3, 1], [4, 2, 2], [3, 3, 1], [3, 2, 2], [2, 3, 1], [2, 2, 2], [4, 2, 1], [3, 2, 1], [2, 2, 1]]
9	-4.83386	43.29323	57	28	12	pensionerII	[[1, 1, 3], [1, 1, 4], [1, 2, 3], [1, 2, 4], [1, 3, 3], [1, 3, 4], [2, 1, 3], [2, 1, 4], [2, 2, 3], [2, 2, 4], [2, 3, 3], [2, 3, 4], [3, 1, 3], [3, 1, 4], [3, 2, 3], [3, 2, 4], [3, 3, 3], [3, 3, 4], [4, 1, 3], [4, 1, 4], [4, 2, 3], [4, 2, 4], [4, 3, 3], [4, 3, 4], [5, 1, 3], [5, 1, 4], [5, 2, 3], [5, 2, 4], [5, 3, 3], [5, 3, 4], [6, 1, 3], [6, 1, 4], [6, 2, 3], [6, 2, 4], [6, 3, 3], [6, 3, 4], [5, 2, 2], 0, [5, 2, 1], [6, 2, 2], [6, 2, 1], [2, 2, 2], [2, 2, 1], [5, 1, 2], [5, 1, 1], [6, 1, 2], [6, 1, 1], [2, 1, 2], [2, 1, 1], [3, 2, 2], [3, 2, 1], [1, 2, 2], [1, 2, 1], [5, 3, 2], [5, 3, 1], [6, 3, 2], [3, 1, 2], [6, 3, 1], [3, 1, 1], [1, 1, 2], [1, 1, 1], [2, 3, 2], [2, 3, 1], [4, 2, 2], [4, 2, 1], [4, 1, 2], [4, 1, 1], [3, 3, 2], [3, 3, 1], [1, 3, 2], [1, 3, 1], [4, 3, 2], [4, 3, 1]]
10	-4.83147	43.29142	57	50	12	businessII	[[1, 1, 4], [1, 2, 4], [1, 3, 4], [2, 1, 1], [2, 1, 2], [2, 1, 3], [2, 1, 4], [2, 2, 1], [2, 2, 2], [2, 2, 3], [2, 2, 4], [2, 3, 1], [2, 3, 2], [2, 3, 3], [2, 3, 4], [3, 1, 1], [3, 1, 2], [3, 1, 3], [3, 1, 4], [3, 2, 1], [3, 2, 2], [3, 2, 3], [3, 2, 4], [3, 3, 1], [3, 3, 2], [3, 3, 3], [3, 3, 4], [4, 1, 1], [4, 1, 2], [4, 1, 3], [4, 1, 4], [4, 2, 1], [4, 2, 2], [4, 2, 3], [4, 2, 4], [4, 3, 1], [4, 3, 2], [4, 3, 3], [4, 3, 4], [5, 1, 1], [5, 1, 2], [5, 1, 3], [5, 1, 4], [5, 2, 1], [5, 2, 2], [5, 2, 3], [5, 2, 4], [5, 3, 1], [5, 3, 2], [5, 3, 3], [5, 3, 4], [6, 1, 4], [6, 2, 4], [6, 3, 4], [6, 3, 3], 0, [6, 3, 2], [6, 3, 1], [6, 2, 3], [6, 2, 2], [6, 2, 1], [1, 3, 3], [1, 3, 2], [1, 3, 1], [1, 2, 3], [6, 1, 3], [1, 2, 2], [6, 1, 2], [1, 2, 1], [6, 1, 1], [1, 1, 3], [1, 1, 2], [1, 1, 1]]
11	-4.80854	43.30548	57	66	12	familyI	[[1, 1, 2], [1, 1, 3], [1, 1, 4], [1, 2, 2], [1, 2, 3], [1, 2, 4], [1, 3, 2], [1, 3, 3], [1, 3, 4], [2, 1, 2], [2, 1, 3], [2, 1, 4], [2, 2, 2], [2, 2, 3], [2, 2, 4], [2, 3, 2], [2, 3, 3], [2, 3, 4], [3, 1, 2], [3, 1, 3], [3, 1, 4], [3, 2, 2], [3, 2, 3], [3, 2, 4], [3, 3, 2], [3, 3, 3], [3, 3, 4], [4, 1, 2], [4, 1, 3], [4, 1, 4], [4, 2, 2], [4, 2, 3], [4, 2, 4], [4, 3, 2], [4, 3, 3], [4, 3, 4], [5, 1, 2], [5, 1, 3], [5, 1, 4], [5, 2, 2], [5, 2, 3], [5, 2, 4], [5, 3, 2], [5, 3, 3], [5, 3, 4], [6, 1, 2], [6, 1, 3], [6, 1, 4], [6, 2, 2], [6, 2, 3], [6, 2, 4], [6, 3, 2], [6, 3, 3], [6, 3, 4], [5, 2, 1], 0, [3, 2, 1], [1, 2, 1], [6, 2, 1], [5, 1, 1], [3, 1, 1], [1, 1, 1], [6, 1, 1], [4, 2, 1], [4, 1, 1], [5, 3, 1], [3, 3, 1], [1, 3, 1], [6, 3, 1], [2, 2, 1], [2, 1, 1], [4, 3, 1], [2, 3, 1]]
12	-4.83301	43.29858	57	54	12	familyI	[[1, 1, 2], [1, 1, 3], [1, 1, 4], [1, 2, 2], [1, 2, 3], [1, 2, 4], [1, 3, 2], [1, 3, 3], [1, 3, 4], [2, 1, 2], [2, 1, 3], [2, 1, 4], [2, 2, 2], [2, 2, 3], [2, 2, 4], [2, 3, 2], [2, 3, 3], [2, 3, 4], [3, 1, 2], [3, 1, 3], [3, 1, 4], [3, 2, 2], [3, 2, 3], [3, 2, 4], [3, 3, 2], [3, 3, 3], [3, 3, 4], [4, 1, 2], [4, 1, 3], [4, 1, 4], [4, 2, 2], [4, 2, 3], [4, 2, 4], [4, 3, 2], [4, 3, 3], [4, 3, 4], [5, 1, 2], [5, 1, 3], [5, 1, 4], [5, 2, 2], [5, 2, 3], [5, 2, 4], [5, 3, 2], [5, 3, 3], [5, 3, 4], [6, 1, 2], [6, 1, 3], [6, 1, 4], [6, 2, 2], [6, 2, 3], [6, 2, 4], [6, 3, 2], [6, 3, 3], [6, 3, 4], [6, 3, 1], 0, [5, 3, 1], [1, 3, 1], [6, 2, 1], [5, 2, 1], [1, 2, 1], [3, 3, 1], [3, 2, 1], [2, 3, 1], [6, 1, 1], [4, 3, 1], [2, 2, 1], [5, 1, 1], [1, 1, 1], [4, 2, 1], [3, 1, 1], [2, 1, 1], [4, 1, 1]]
13	-4.86556	43.3287	51	22	12	pensionerII	[[1, 1, 3], [1, 1, 4], [1, 2, 3], [1, 2, 4], [1, 3, 3], [1, 3, 4], [2, 1, 3], [2, 1, 4], [2, 2, 3], [2, 2, 4], [2, 3, 3], [2, 3, 4], [3, 1, 3], [3, 1, 4], [3, 2, 3], [3, 2, 4], [3, 3, 3], [3, 3, 4], [4, 1, 3], [4, 1, 4], [4, 2, 3], [4, 2, 4], [4, 3, 3], [4, 3, 4], [5, 1, 3], [5, 1, 4], [5, 2, 3], [5, 2, 4], [5, 3, 3], [5, 3, 4], [6, 1, 3], [6, 1, 4], [6, 2, 3], [6, 2, 4], [6, 3, 3], [6, 3, 4], [5, 3, 2], 0, [5, 3, 1], [6, 3, 2], [6, 3, 1], [5, 2, 2], [5, 2, 1], [2, 3, 2], [6, 2, 2], [2, 3, 1], [6, 2, 1], [2, 2, 2], [2, 2, 1], [5, 1, 2], [5, 1, 1], [6, 1, 2], [6, 1, 1], [2, 1, 2], [2, 1, 1], [3, 3, 2], [3, 3, 1], [4, 3, 2], [4, 3, 1], [3, 2, 2], [3, 2, 1], [4, 2, 2], [4, 2, 1], [1, 3, 2], [1, 3, 1], [1, 2, 2], [1, 2, 1], [3, 1, 2], [3, 1, 1], [4, 1, 2], [4, 1, 1], [1, 1, 2], [1, 1, 1]]
14	-4.81874	43.30784	57	43	12	familyI	[[1, 1, 2], [1, 1, 3], [1, 1, 4], [1, 2, 2], [1, 2, 3], [1, 2, 4], [1, 3, 2], [1, 3, 3], [1, 3, 4], [2, 1, 2], [2, 1, 3], [2, 1, 4], [2, 2, 2], [2, 2, 3], [2, 2, 4], [2, 3, 2], [2, 3, 3], [2, 3, 4], [3, 1, 2], [3, 1, 3], [3, 1, 4], [3, 2, 2], [3, 2, 3], [3, 2, 4], [3, 3, 2], [3, 3, 3], [3, 3, 4], [4, 1, 2], [4, 1, 3], [4, 1, 4], [4, 2, 2], [4, 2, 3], [4, 2, 4], [4, 3, 2], [4, 3, 3], [4, 3, 4], [5, 1, 2], [5, 1, 3], [5, 1, 4], [5, 2, 2], [5, 2, 3], [5, 2, 4], [5, 3, 2], [5, 3, 3], [5, 3, 4], [6, 1, 2], [6, 1, 3], [6, 1, 4], [6, 2, 2], [6, 2, 3], [6, 2, 4], [6, 3, 2], [6, 3, 3], [6, 3, 4], [6, 2, 1], 0, [3, 2, 1], [5, 2, 1], [1, 2, 1], [6, 1, 1], [6, 3, 1], [3, 1, 1], [5, 1, 1], [3, 3, 1], [1, 1, 1], [5, 3, 1], [1, 3, 1], [2, 2, 1], [4, 2, 1], [2, 1, 1], [4, 1, 1], [2, 3, 1], [4, 3, 1]]
15	-4.86338	43.32774	51	65	12	familyII	[[1, 1, 4], [1, 2, 4], [1, 3, 4], [2, 1, 4], [2, 2, 4], [2, 3, 4], [3, 1, 4], [3, 2, 4], [3, 3, 4], [4, 1, 4], [4, 2, 4], [4, 3, 4], [5, 1, 4], [5, 2, 4], [5, 3, 4], [6, 1, 4], [6, 2, 4], [6, 3, 4], [5, 3, 3], 0, [1, 3, 3], [5, 3, 2], [6, 3, 3], [1, 3, 2], [5, 3, 1], [6, 3, 2], [1, 3, 1], [6, 3, 1], [5, 2, 3], [1, 2, 3], [5, 2, 2], [5, 1, 3], [6, 2, 3], [1, 2, 2], [1, 1, 3], [3, 3, 3], [5, 2, 1], [5, 1, 2], [6, 2, 2], [1, 2, 1], [6, 1, 3], [1, 1, 2], [3, 3, 2], [5, 1, 1], [6, 2, 1], [4, 3, 3], [6, 1, 2], [1, 1, 1], [3, 3, 1], [2, 3, 3], [4, 3, 2], [6, 1, 1], [2, 3, 2], [4, 3, 1], [2, 3, 1], [3, 2, 3], [3, 2, 2], [3, 1, 3], [4, 2, 3], [3, 2, 1], [3, 1, 2], [2, 2, 3], [4, 2, 2], [4, 1, 3], [3, 1, 1], [2, 2, 2], [2, 1, 3], [4, 2, 1], [4, 1, 2], [2, 2, 1], [2, 1, 2], [4, 1, 1], [2, 1, 1]]
16	-4.86262	43.32638	51	36	12	pensionerI	[[1, 1, 2], [1, 1, 3], [1, 1, 4], [1, 2, 2], [1, 2, 3], [1, 2, 4], [1, 3, 2], [1, 3, 3], [1, 3, 4], [2, 1, 2], [2, 1, 3], [2, 1, 4], [2, 2, 2], [2, 2, 3], [2, 2, 4], [2, 3, 2], [2, 3, 3], [2, 3, 4], [3, 1, 2], [3, 1, 3], [3, 1, 4], [3, 2, 2], [3, 2, 3], [3, 2, 4], [3, 3, 2], [3, 3, 3], [3, 3, 4], [4, 1, 2], [4, 1, 3], [4, 1, 4], [4, 2, 2], [4, 2, 3], [4, 2, 4], [4, 3, 2], [4, 3, 3], [4, 3, 4], [5, 1, 2], [5, 1, 3], [5, 1, 4], [5, 2, 2], [5, 2, 3], [5, 2, 4], [5, 3, 2], [5, 3, 3], [5, 3, 4], [6, 1, 2], [6, 1, 3], [6, 1, 4], [6, 2, 2], [6, 2, 3], [6, 2, 4], [6, 3, 2], [6, 3, 3], [6, 3, 4], [4, 2, 1], 0, [2, 2, 1], [3, 2, 1], [5, 2, 1], [1, 2, 1], [4, 1, 1], [2, 1, 1], [3, 1, 1], [5, 1, 1], [4, 3, 1], [1, 1, 1], [2, 3, 1], [3, 3, 1], [5, 3, 1], [1, 3, 1], [6, 2, 1], [6, 1, 1], [6, 3, 1]]
17	-4.88011	43.32747	51	42	12	familyI	[[1, 1, 2], [1, 1, 3], [1, 1, 4], [1, 2, 2], [1, 2, 3], [1, 2, 4], [1, 3, 2], [1, 3, 3], [1, 3, 4], [2, 1, 2], [2, 1, 3], [2, 1, 4], [2, 2, 2], [2, 2, 3], [2, 2, 4], [2, 3, 2], [2, 3, 3], [2, 3, 4], [3, 1, 2], [3, 1, 3], [3, 1, 4], [3, 2, 2], [3, 2, 3], [3, 2, 4], [3, 3, 2], [3, 3, 3], [3, 3, 4], [4, 1, 2], [4, 1, 3], [4, 1, 4], [4, 2, 2], [4, 2, 3], [4, 2, 4], [4, 3, 2], [4, 3, 3], [4, 3, 4], [5, 1, 2], [5, 1, 3], [5, 1, 4], [5, 2, 2], [5, 2, 3], [5, 2, 4], [5, 3, 2], [5, 3, 3], [5, 3, 4], [6, 1, 2], [6, 1, 3], [6, 1, 4], [6, 2, 2], [6, 2, 3], [6, 2, 4], [6, 3, 2], [6, 3, 3], [6, 3, 4], [1, 1, 1], 0, [3, 1, 1], [5, 1, 1], [6, 1, 1], [1, 3, 1], [3, 3, 1], [1, 2, 1], [5, 3, 1], [3, 2, 1], [5, 2, 1], [6, 3, 1], [2, 1, 1], [4, 1, 1], [6, 2, 1], [2, 3, 1], [4, 3, 1], [2, 2, 1], [4, 2, 1]]
18	-4.87312	43.33073	51	49	12	familyI	[[1, 1, 2], [1, 1, 3], [1, 1, 4], [1, 2, 2], [1, 2, 3], [1, 2, 4], [1, 3, 2], [1, 3, 3], [1, 3, 4], [2, 1, 2], [2, 1, 3], [2, 1, 4], [2, 2, 2], [2, 2, 3], [2, 2, 4], [2, 3, 2], [2, 3, 3], [2, 3, 4], [3, 1, 2], [3, 1, 3], [3, 1, 4], [3, 2, 2], [3, 2, 3], [3, 2, 4], [3, 3, 2], [3, 3, 3], [3, 3, 4], [4, 1, 2], [4, 1, 3], [4, 1, 4], [4, 2, 2], [4, 2, 3], [4, 2, 4], [4, 3, 2], [4, 3, 3], [4, 3, 4], [5, 1, 2], [5, 1, 3], [5, 1, 4], [5, 2, 2], [5, 2, 3], [5, 2, 4], [5, 3, 2], [5, 3, 3], [5, 3, 4], [6, 1, 2], [6, 1, 3], [6, 1, 4], [6, 2, 2], [6, 2, 3], [6, 2, 4], [6, 3, 2], [6, 3, 3], [6, 3, 4], [5, 2, 1], 0, [3, 2, 1], [6, 2, 1], [1, 2, 1], [5, 1, 1], [3, 1, 1], [6, 1, 1], [1, 1, 1], [5, 3, 1], [3, 3, 1], [2, 2, 1], [6, 3, 1], [1, 3, 1], [4, 2, 1], [2, 1, 1], [4, 1, 1], [2, 3, 1], [4, 3, 1]]
19	-4.86896	43.33169	51	56	12	familyII	[[1, 1, 4], [1, 2, 4], [1, 3, 4], [2, 1, 4], [2, 2, 4], [2, 3, 4], [3, 1, 4], [3, 2, 4], [3, 3, 4], [4, 1, 4], [4, 2, 4], [4, 3, 4], [5, 1, 4], [5, 2, 4], [5, 3, 4], [6, 1, 4], [6, 2, 4], [6, 3, 4], [5, 3, 3], 0, [1, 3, 3], [5, 3, 2], [1, 3, 2], [6, 3, 3], [5, 3, 1], [1, 3, 1], [5, 1, 3], [6, 3, 2], [5, 2, 3], [1, 1, 3], [5, 1, 2], [6, 3, 1], [1, 2, 3], [5, 2, 2], [1, 1, 2], [6, 1, 3], [5, 1, 1], [1, 2, 2], [6, 2, 3], [5, 2, 1], [1, 1, 1], [6, 1, 2], [2, 3, 3], [1, 2, 1], [6, 2, 2], [6, 1, 1], [3, 3, 3], [4, 3, 3], [2, 3, 2], [6, 2, 1], [3, 3, 2], [4, 3, 2], [2, 3, 1], [3, 3, 1], [4, 3, 1], [2, 1, 3], [3, 1, 3], [4, 1, 3], [2, 2, 3], [2, 1, 2], [3, 2, 3], [3, 1, 2], [4, 2, 3], [4, 1, 2], [2, 2, 2], [2, 1, 1], [3, 2, 2], [3, 1, 1], [4, 2, 2], [4, 1, 1], [2, 2, 1], [3, 2, 1], [4, 2, 1]]
20	-4.87566	43.32964	51	40	12	businessII	[[1, 1, 4], [1, 2, 4], [1, 3, 4], [2, 1, 1], [2, 1, 2], [2, 1, 3], [2, 1, 4], [2, 2, 1], [2, 2, 2], [2, 2, 3], [2, 2, 4], [2, 3, 1], [2, 3, 2], [2, 3, 3], [2, 3, 4], [3, 1, 1], [3, 1, 2], [3, 1, 3], [3, 1, 4], [3, 2, 1], [3, 2, 2], [3, 2, 3], [3, 2, 4], [3, 3, 1], [3, 3, 2], [3, 3, 3], [3, 3, 4], [4, 1, 1], [4, 1, 2], [4, 1, 3], [4, 1, 4], [4, 2, 1], [4, 2, 2], [4, 2, 3], [4, 2, 4], [4, 3, 1], [4, 3, 2], [4, 3, 3], [4, 3, 4], [5, 1, 1], [5, 1, 2], [5, 1, 3], [5, 1, 4], [5, 2, 1], [5, 2, 2], [5, 2, 3], [5, 2, 4], [5, 3, 1], [5, 3, 2], [5, 3, 3], [5, 3, 4], [6, 1, 4], [6, 2, 4], [6, 3, 4], [1, 2, 3], 0, [1, 2, 2], [1, 2, 1], [6, 2, 3], [6, 2, 2], [6, 2, 1], [1, 3, 3], [1, 3, 2], [1, 3, 1], [6, 3, 3], [6, 3, 2], [6, 3, 1], [1, 1, 3], [1, 1, 2], [1, 1, 1], [6, 1, 3], [6, 1, 2], [6, 1, 1]]
21	-4.87372	43.33095	51	51	12	familyI	[[1, 1, 2], [1, 1, 3], [1, 1, 4], [1, 2, 2], [1, 2, 3], [1, 2, 4], [1, 3, 2], [1, 3, 3], [1, 3, 4], [2, 1, 2], [2, 1, 3], [2, 1, 4], [2, 2, 2], [2, 2, 3], [2, 2, 4], [2, 3, 2], [2, 3, 3], [2, 3, 4], [3, 1, 2], [3, 1, 3], [3, 1, 4], [3, 2, 2], [3, 2, 3], [3, 2, 4], [3, 3, 2], [3, 3, 3], [3, 3, 4], [4, 1, 2], [4, 1, 3], [4, 1, 4], [4, 2, 2], [4, 2, 3], [4, 2, 4], [4, 3, 2], [4, 3, 3], [4, 3, 4], [5, 1, 2], [5, 1, 3], [5, 1, 4], [5, 2, 2], [5, 2, 3], [5, 2, 4], [5, 3, 2], [5, 3, 3], [5, 3, 4], [6, 1, 2], [6, 1, 3], [6, 1, 4], [6, 2, 2], [6, 2, 3], [6, 2, 4], [6, 3, 2], [6, 3, 3], [6, 3, 4], [6, 3, 1], 0, [6, 2, 1], [5, 3, 1], [5, 2, 1], [1, 3, 1], [1, 2, 1], [3, 3, 1], [3, 2, 1], [6, 1, 1], [5, 1, 1], [1, 1, 1], [3, 1, 1], [4, 3, 1], [4, 2, 1], [2, 3, 1], [2, 2, 1], [4, 1, 1], [2, 1, 1]]
22	-4.80645	43.30577	57	27	12	pensionerI	[[1, 1, 2], [1, 1, 3], [1, 1, 4], [1, 2, 2], [1, 2, 3], [1, 2, 4], [1, 3, 2], [1, 3, 3], [1, 3, 4], [2, 1, 2], [2, 1, 3], [2, 1, 4], [2, 2, 2], [2, 2, 3], [2, 2, 4], [2, 3, 2], [2, 3, 3], [2, 3, 4], [3, 1, 2], [3, 1, 3], [3, 1, 4], [3, 2, 2], [3, 2, 3], [3, 2, 4], [3, 3, 2], [3, 3, 3], [3, 3, 4], [4, 1, 2], [4, 1, 3], [4, 1, 4], [4, 2, 2], [4, 2, 3], [4, 2, 4], [4, 3, 2], [4, 3, 3], [4, 3, 4], [5, 1, 2], [5, 1, 3], [5, 1, 4], [5, 2, 2], [5, 2, 3], [5, 2, 4], [5, 3, 2], [5, 3, 3], [5, 3, 4], [6, 1, 2], [6, 1, 3], [6, 1, 4], [6, 2, 2], [6, 2, 3], [6, 2, 4], [6, 3, 2], [6, 3, 3], [6, 3, 4], [4, 3, 1], 0, [1, 3, 1], [3, 3, 1], [5, 3, 1], [4, 1, 1], [1, 1, 1], [3, 1, 1], [2, 3, 1], [5, 1, 1], [4, 2, 1], [1, 2, 1], [2, 1, 1], [3, 2, 1], [5, 2, 1], [6, 3, 1], [2, 2, 1], [6, 1, 1], [6, 2, 1]]
23	-4.84594	43.29803	57	33	12	pensionerI	[[1, 1, 2], [1, 1, 3], [1, 1, 4], [1, 2, 2], [1, 2, 3], [1, 2, 4], [1, 3, 2], [1, 3, 3], [1, 3, 4], [2, 1, 2], [2, 1, 3], [2, 1, 4], [2, 2, 2], [2, 2, 3], [2, 2, 4], [2, 3, 2], [2, 3, 3], [2, 3, 4], [3, 1, 2], [3, 1, 3], [3, 1, 4], [3, 2, 2], [3, 2, 3], [3, 2, 4], [3, 3, 2], [3, 3, 3], [3, 3, 4], [4, 1, 2], [4, 1, 3], [4, 1, 4], [4, 2, 2], [4, 2, 3], [4, 2, 4], [4, 3, 2], [4, 3, 3], [4, 3, 4], [5, 1, 2], [5, 1, 3], [5, 1, 4], [5, 2, 2], [5, 2, 3], [5, 2, 4], [5, 3, 2], [5, 3, 3], [5, 3, 4], [6, 1, 2], [6, 1, 3], [6, 1, 4], [6, 2, 2], [6, 2, 3], [6, 2, 4], [6, 3, 2], [6, 3, 3], [6, 3, 4], [6, 1, 1], 0, [2, 1, 1], [6, 2, 1], [4, 1, 1], [2, 2, 1], [4, 2, 1], [1, 1, 1], [1, 2, 1], [3, 1, 1], [3, 2, 1], [5, 1, 1], [6, 3, 1], [2, 3, 1], [5, 2, 1], [4, 3, 1], [1, 3, 1], [3, 3, 1], [5, 3, 1]]
24	-4.83863	43.29136	57	53	12	businessI	[[1, 1, 4], [1, 2, 4], [1, 3, 4], [2, 1, 4], [2, 2, 4], [2, 3, 4], [3, 1, 1], [3, 1, 2], [3, 1, 3], [3, 1, 4], [3, 2, 1], [3, 2, 2], [3, 2, 3], [3, 2, 4], [3, 3, 1], [3, 3, 2], [3, 3, 3], [3, 3, 4], [4, 1, 1], [4, 1, 2], [4, 1, 3], [4, 1, 4], [4, 2, 1], [4, 2, 2], [4, 2, 3], [4, 2, 4], [4, 3, 1], [4, 3, 2], [4, 3, 3], [4, 3, 4], [5, 1, 4], [5, 2, 4], [5, 3, 4], [6, 1, 4], [6, 2, 4], [6, 3, 4], [1, 2, 3], 0, [1, 2, 2], [1, 2, 1], [6, 2, 3], [6, 2, 2], [6, 2, 1], [2, 2, 3], [2, 2, 2], [2, 2, 1], [5, 2, 3], [5, 2, 2], [5, 2, 1], [1, 1, 3], [1, 1, 2], [1, 1, 1], [6, 1, 3], [6, 1, 2], [6, 1, 1], [2, 1, 3], [2, 1, 2], [2, 1, 1], [1, 3, 3], [1, 3, 2], [1, 3, 1], [5, 1, 3], [5, 1, 2], [5, 1, 1], [6, 3, 3], [6, 3, 2], [6, 3, 1], [2, 3, 3], [2, 3, 2], [2, 3, 1], [5, 3, 3], [5, 3, 2], [5, 3, 1]]
25	-4.85942	43.31831	51	48	12	businessI	[[1, 1, 4], [1, 2, 4], [1, 3, 4], [2, 1, 4], [2, 2, 4], [2, 3, 4], [3, 1, 1], [3, 1, 2], [3, 1, 3], [3, 1, 4], [3, 2, 1], [3, 2, 2], [3, 2, 3], [3, 2, 4], [3, 3, 1], [3, 3, 2], [3, 3, 3], [3, 3, 4], [4, 1, 1], [4, 1, 2], [4, 1, 3], [4, 1, 4], [4, 2, 1], [4, 2, 2], [4, 2, 3], [4, 2, 4], [4, 3, 1], [4, 3, 2], [4, 3, 3], [4, 3, 4], [5, 1, 4], [5, 2, 4], [5, 3, 4], [6, 1, 4], [6, 2, 4], [6, 3, 4], [6, 3, 3], 0, [2, 3, 3], [6, 3, 2], [2, 3, 2], [6, 3, 1], [2, 3, 1], [1, 3, 3], [1, 3, 2], [1, 3, 1], [6, 1, 3], [2, 1, 3], [6, 1, 2], [2, 1, 2], [6, 2, 3], [2, 2, 3], [5, 3, 3], [6, 1, 1], [2, 1, 1], [6, 2, 2], [2, 2, 2], [5, 3, 2], [6, 2, 1], [2, 2, 1], [5, 3, 1], [1, 1, 3], [1, 1, 2], [1, 2, 3], [1, 1, 1], [1, 2, 2], [1, 2, 1], [5, 1, 3], [5, 1, 2], [5, 2, 3], [5, 1, 1], [5, 2, 2], [5, 2, 1]]
26	-4.79308	43.31537	52	78	12	familyII	[[1, 1, 4], [1, 2, 4], [1, 3, 4], [2, 1, 4], [2, 2, 4], [2, 3, 4], [3, 1, 4], [3, 2, 4], [3, 3, 4], [4, 1, 4], [4, 2, 4], [4, 3, 4], [5, 1, 4], [5, 2, 4], [5, 3, 4], [6, 1, 4], [6, 2, 4], [6, 3, 4], [6, 1, 3], 0, [5, 1, 3], [6, 1, 2], [6, 3, 3], [1, 1, 3], [5, 1, 2], [6, 1, 1], [5, 3, 3], [6, 3, 2], [1, 1, 2], [5, 1, 1], [1, 3, 3], [5, 3, 2], [6, 3, 1], [1, 1, 1], [1, 3, 2], [5, 3, 1], [1, 3, 1], [2, 1, 3], [6, 2, 3], [4, 1, 3], [2, 1, 2], [5, 2, 3], [6, 2, 2], [2, 3, 3], [4, 1, 2], [4, 3, 3], [2, 1, 1], [1, 2, 3], [3, 1, 3], [5, 2, 2], [6, 2, 1], [2, 3, 2], [4, 1, 1], [4, 3, 2], [1, 2, 2], [3, 1, 2], [5, 2, 1], [2, 3, 1], [3, 3, 3], [4, 3, 1], [1, 2, 1], [3, 1, 1], [3, 3, 2], [3, 3, 1], [2, 2, 3], [4, 2, 3], [2, 2, 2], [4, 2, 2], [2, 2, 1], [3, 2, 3], [4, 2, 1], [3, 2, 2], [3, 2, 1]]
27	-4.83352	43.30556	57	45	12	familyII	[[1, 1, 4], [1, 2, 4], [1, 3, 4], [2, 1, 4], [2, 2, 4], [2, 3, 4], [3, 1, 4], [3, 2, 4], [3, 3, 4], [4, 1, 4], [4, 2, 4], [4, 3, 4], [5, 1, 4], [5, 2, 4], [5, 3, 4], [6, 1, 4], [6, 2, 4], [6, 3, 4], [5, 3, 3], 0, [5, 1, 3], [1, 3, 3], [6, 3, 3], [1, 1, 3], [6, 1, 3], [5, 3, 2], [5, 1, 2], [1, 3, 2], [6, 3, 2], [1, 1, 2], [6, 1, 2], [5, 3, 1], [5, 1, 1], [1, 3, 1], [6, 3, 1], [1, 1, 1], [6, 1, 1], [5, 2, 3], [1, 2, 3], [6, 2, 3], [5, 2, 2], [4, 3, 3], [4, 1, 3], [1, 2, 2], [6, 2, 2], [5, 2, 1], [4, 3, 2], [4, 1, 2], [1, 2, 1], [6, 2, 1], [3, 3, 3], [3, 1, 3], [4, 3, 1], [4, 1, 1], [3, 3, 2], [2, 3, 3], [3, 1, 2], [2, 1, 3], [3, 3, 1], [2, 3, 2], [3, 1, 1], [2, 1, 2], [2, 3, 1], [2, 1, 1], [4, 2, 3], [4, 2, 2], [3, 2, 3], [4, 2, 1], [3, 2, 2], [2, 2, 3], [3, 2, 1], [2, 2, 2], [2, 2, 1]]
28	-4.81379	43.32077	57	64	12	familyI	[[1, 1, 2], [1, 1, 3], [1, 1, 4], [1, 2, 2], [1, 2, 3], [1, 2, 4], [1, 3, 2], [1, 3, 3], [1, 3, 4], [2, 1, 2], [2, 1, 3], [2, 1, 4], [2, 2, 2], [2, 2, 3], [2, 2, 4], [2, 3, 2], [2, 3, 3], [2, 3, 4], [3, 1, 2], [3, 1, 3], [3, 1, 4], [3, 2, 2], [3, 2, 3], [3, 2, 4], [3, 3, 2], [3, 3, 3], [3, 3, 4], [4, 1, 2], [4, 1, 3], [4, 1, 4], [4, 2, 2], [4, 2, 3], [4, 2, 4], [4, 3, 2], [4, 3, 3], [4, 3, 4], [5, 1, 2], [5, 1, 3], [5, 1, 4], [5, 2, 2], [5, 2, 3], [5, 2, 4], [5, 3, 2], [5, 3, 3], [5, 3, 4], [6, 1, 2], [6, 1, 3], [6, 1, 4], [6, 2, 2], [6, 2, 3], [6, 2, 4], [6, 3, 2], [6, 3, 3], [6, 3, 4], [1, 1, 1], 0, [5, 1, 1], [1, 2, 1], [6, 1, 1], [5, 2, 1], [3, 1, 1], [1, 3, 1], [5, 3, 1], [6, 2, 1], [3, 2, 1], [6, 3, 1], [3, 3, 1], [2, 1, 1], [4, 1, 1], [2, 2, 1], [4, 2, 1], [2, 3, 1], [4, 3, 1]]
29	-4.82192	43.28869	57	45	12	businessII	[[1, 1, 4], [1, 2, 4], [1, 3, 4], [2, 1, 1], [2, 1, 2], [2, 1, 3], [2, 1, 4], [2, 2, 1], [2, 2, 2], [2, 2, 3], [2, 2, 4], [2, 3, 1], [2, 3, 2], [2, 3, 3], [2, 3, 4], [3, 1, 1], [3, 1, 2], [3, 1, 3], [3, 1, 4], [3, 2, 1], [3, 2, 2], [3, 2, 3], [3, 2, 4], [3, 3, 1], [3, 3, 2], [3, 3, 3], [3, 3, 4], [4, 1, 1], [4, 1, 2], [4, 1, 3], [4, 1, 4], [4, 2, 1], [4, 2, 2], [4, 2, 3], [4, 2, 4], [4, 3, 1], [4, 3, 2], [4, 3, 3], [4, 3, 4], [5, 1, 1], [5, 1, 2], [5, 1, 3], [5, 1, 4], [5, 2, 1], [5, 2, 2], [5, 2, 3], [5, 2, 4], [5, 3, 1], [5, 3, 2], [5, 3, 3], [5, 3, 4], [6, 1, 4], [6, 2, 4], [6, 3, 4], [1, 2, 3], 0, [1, 2, 2], [1, 2, 1], [6, 2, 3], [6, 2, 2], [6, 2, 1], [1, 3, 3], [1, 3, 2], [1, 3, 1], [6, 3, 3], [6, 3, 2], [6, 3, 1], [1, 1, 3], [1, 1, 2], [1, 1, 1], [6, 1, 3], [6, 1, 2], [6, 1, 1]]
30	-4.81113	43.29445	57	44	12	businessII	[[1, 1, 4], [1, 2, 4], [1, 3, 4], [2, 1, 1], [2, 1, 2], [2, 1, 3], [2, 1, 4], [2, 2, 1], [2, 2, 2], [2, 2, 3], [2, 2, 4], [2, 3, 1], [2, 3, 2], [2, 3, 3], [2, 3, 4], [3, 1, 1], [3, 1, 2], [3, 1, 3], [3, 1, 4], [3, 2, 1], [3, 2, 2], [3, 2, 3], [3, 2, 4], [3, 3, 1], [3, 3, 2], [3, 3, 3], [3, 3, 4], [4, 1, 1], [4, 1, 2], [4, 1, 3], [4, 1, 4], [4, 2, 1], [4, 2, 2], [4, 2, 3], [4, 2, 4], [4, 3, 1], [4, 3, 2], [4, 3, 3], [4, 3, 4], [5, 1, 1], [5, 1, 2], [5, 1, 3], [5, 1, 4], [5, 2, 1], [5, 2, 2], [5, 2, 3], [5, 2, 4], [5, 3, 1], [5, 3, 2], [5, 3, 3], [5, 3, 4], [6, 1, 4], [6, 2, 4], [6, 3, 4], [6, 1, 3], 0, [6, 1, 2], [6, 3, 3], [6, 1, 1], [6, 3, 2], [6, 3, 1], [1, 1, 3], [1, 1, 2], [1, 3, 3], [1, 1, 1], [1, 3, 2], [1, 3, 1], [6, 2, 3], [6, 2, 2], [6, 2, 1], [1, 2, 3], [1, 2, 2], [1, 2, 1]]
31	-4.81782	43.29253	57	21	12	pensionerI	[[1, 1, 2], [1, 1, 3], [1, 1, 4], [1, 2, 2], [1, 2, 3], [1, 2, 4], [1, 3, 2], [1, 3, 3], [1, 3, 4], [2, 1, 2], [2, 1, 3], [2, 1, 4], [2, 2, 2], [2, 2, 3], [2, 2, 4], [2, 3, 2], [2, 3, 3], [2, 3, 4], [3, 1, 2], [3, 1, 3], [3, 1, 4], [3, 2, 2], [3, 2, 3], [3, 2, 4], [3, 3, 2], [3, 3, 3], [3, 3, 4], [4, 1, 2], [4, 1, 3], [4, 1, 4], [4, 2, 2], [4, 2, 3], [4, 2, 4], [4, 3, 2], [4, 3, 3], [4, 3, 4], [5, 1, 2], [5, 1, 3], [5, 1, 4], [5, 2, 2], [5, 2, 3], [5, 2, 4], [5, 3, 2], [5, 3, 3], [5, 3, 4], [6, 1, 2], [6, 1, 3], [6, 1, 4], [6, 2, 2], [6, 2, 3], [6, 2, 4], [6, 3, 2], [6, 3, 3], [6, 3, 4], [2, 1, 1], 0, [3, 1, 1], [2, 2, 1], [6, 1, 1], [5, 1, 1], [3, 2, 1], [4, 1, 1], [6, 2, 1], [5, 2, 1], [4, 2, 1], [2, 3, 1], [3, 3, 1], [1, 1, 1], [6, 3, 1], [5, 3, 1], [1, 2, 1], [4, 3, 1], [1, 3, 1]]
32	-4.76997	43.36468	52	41	12	businessII	[[1, 1, 4], [1, 2, 4], [1, 3, 4], [2, 1, 1], [2, 1, 2], [2, 1, 3], [2, 1, 4], [2, 2, 1], [2, 2, 2], [2, 2, 3], [2, 2, 4], [2, 3, 1], [2, 3, 2], [2, 3, 3], [2, 3, 4], [3, 1, 1], [3, 1, 2], [3, 1, 3], [3, 1, 4], [3, 2, 1], [3, 2, 2], [3, 2, 3], [3, 2, 4], [3, 3, 1], [3, 3, 2], [3, 3, 3], [3, 3, 4], [4, 1, 1], [4, 1, 2], [4, 1, 3], [4, 1, 4], [4, 2, 1], [4, 2, 2], [4, 2, 3], [4, 2, 4], [4, 3, 1], [4, 3, 2], [4, 3, 3], [4, 3, 4], [5, 1, 1], [5, 1, 2], [5, 1, 3], [5, 1, 4], [5, 2, 1], [5, 2, 2], [5, 2, 3], [5, 2, 4], [5, 3, 1], [5, 3, 2], [5, 3, 3], [5, 3, 4], [6, 1, 4], [6, 2, 4], [6, 3, 4], [6, 2, 3], 0, [6, 2, 2], [6, 2, 1], [1, 2, 3], [6, 1, 3], [1, 2, 2], [6, 3, 3], [6, 1, 2], [1, 2, 1], [6, 3, 2], [6, 1, 1], [6, 3, 1], [1, 1, 3], [1, 3, 3], [1, 1, 2], [1, 3, 2], [1, 1, 1], [1, 3, 1]]
33	-4.76769	43.36541	52	45	12	businessI	[[1, 1, 4], [1, 2, 4], [1, 3, 4], [2, 1, 4], [2, 2, 4], [2, 3, 4], [3, 1, 1], [3, 1, 2], [3, 1, 3], [3, 1, 4], [3, 2, 1], [3, 2, 2], [3, 2, 3], [3, 2, 4], [3, 3, 1], [3, 3, 2], [3, 3, 3], [3, 3, 4], [4, 1, 1], [4, 1, 2], [4, 1, 3], [4, 1, 4], [4, 2, 1], [4, 2, 2], [4, 2, 3], [4, 2, 4], [4, 3, 1], [4, 3, 2], [4, 3, 3], [4, 3, 4], [5, 1, 4], [5, 2, 4], [5, 3, 4], [6, 1, 4], [6, 2, 4], [6, 3, 4], [5, 2, 3], 0, [5, 2, 2], [2, 2, 3], [5, 2, 1], [2, 2, 2], [2, 2, 1], [6, 2, 3], [6, 2, 2], [1, 2, 3], [6, 2, 1], [1, 2, 2], [1, 2, 1], [5, 1, 3], [5, 1, 2], [2, 1, 3], [5, 1, 1], [2, 1, 2], [2, 1, 1], [6, 1, 3], [6, 1, 2], [1, 1, 3], [6, 1, 1], [1, 1, 2], [1, 1, 1], [5, 3, 3], [5, 3, 2], [2, 3, 3], [5, 3, 1], [2, 3, 2], [2, 3, 1], [6, 3, 3], [6, 3, 2], [1, 3, 3], [6, 3, 1], [1, 3, 2], [1, 3, 1]]
34	-4.7773	43.3654	52	59	12	familyI	[[1, 1, 2], [1, 1, 3], [1, 1, 4], [1, 2, 2], [1, 2, 3], [1, 2, 4], [1, 3, 2], [1, 3, 3], [1, 3, 4], [2, 1, 2], [2, 1, 3], [2, 1, 4], [2, 2, 2], [2, 2, 3], [2, 2, 4], [2, 3, 2], [2, 3, 3], [2, 3, 4], [3, 1, 2], [3, 1, 3], [3, 1, 4], [3, 2, 2], [3, 2, 3], [3, 2, 4], [3, 3, 2], [3, 3, 3], [3, 3, 4], [4, 1, 2], [4, 1, 3], [4, 1, 4], [4, 2, 2], [4, 2, 3], [4, 2, 4], [4, 3, 2], [4, 3, 3], [4, 3, 4], [5, 1, 2], [5, 1, 3], [5, 1, 4], [5, 2, 2], [5, 2, 3], [5, 2, 4], [5, 3, 2], [5, 3, 3], [5, 3, 4], [6, 1, 2], [6, 1, 3], [6, 1, 4], [6, 2, 2], [6, 2, 3], [6, 2, 4], [6, 3, 2], [6, 3, 3], [6, 3, 4], [1, 1, 1], 0, [6, 1, 1], [5, 1, 1], [1, 2, 1], [6, 2, 1], [5, 2, 1], [3, 1, 1], [1, 3, 1], [3, 2, 1], [6, 3, 1], [5, 3, 1], [2, 1, 1], [4, 1, 1], [2, 2, 1], [3, 3, 1], [4, 2, 1], [2, 3, 1], [4, 3, 1]]
35	-4.76874	43.36558	52	48	12	businessI	[[1, 1, 4], [1, 2, 4], [1, 3, 4], [2, 1, 4], [2, 2, 4], [2, 3, 4], [3, 1, 1], [3, 1, 2], [3, 1, 3], [3, 1, 4], [3, 2, 1], [3, 2, 2], [3, 2, 3], [3, 2, 4], [3, 3, 1], [3, 3, 2], [3, 3, 3], [3, 3, 4], [4, 1, 1], [4, 1, 2], [4, 1, 3], [4, 1, 4], [4, 2, 1], [4, 2, 2], [4, 2, 3], [4, 2, 4], [4, 3, 1], [4, 3, 2], [4, 3, 3], [4, 3, 4], [5, 1, 4], [5, 2, 4], [5, 3, 4], [6, 1, 4], [6, 2, 4], [6, 3, 4], [6, 1, 3], 0, [6, 3, 3], [6, 1, 2], [6, 3, 2], [2, 1, 3], [2, 3, 3], [6, 1, 1], [6, 3, 1], [2, 1, 2], [2, 3, 2], [2, 1, 1], [2, 3, 1], [5, 1, 3], [5, 3, 3], [5, 1, 2], [5, 3, 2], [5, 1, 1], [5, 3, 1], [1, 1, 3], [1, 3, 3], [1, 1, 2], [1, 3, 2], [1, 1, 1], [1, 3, 1], [6, 2, 3], [6, 2, 2], [2, 2, 3], [6, 2, 1], [2, 2, 2], [2, 2, 1], [5, 2, 3], [5, 2, 2], [5, 2, 1], [1, 2, 3], [1, 2, 2], [1, 2, 1]]
36	-4.77211	43.36242	52	36	12	businessII	[[1, 1, 4], [1, 2, 4], [1, 3, 4], [2, 1, 1], [2, 1, 2], [2, 1, 3], [2, 1, 4], [2, 2, 1], [2, 2, 2], [2, 2, 3], [2, 2, 4], [2, 3, 1], [2, 3, 2], [2, 3, 3], [2, 3, 4], [3, 1, 1], [3, 1, 2], [3, 1, 3], [3, 1, 4], [3, 2, 1], [3, 2, 2], [3, 2, 3], [3, 2, 4], [3, 3, 1], [3, 3, 2], [3, 3, 3], [3, 3, 4], [4, 1, 1], [4, 1, 2], [4, 1, 3], [4, 1, 4], [4, 2, 1], [4, 2, 2], [4, 2, 3], [4, 2, 4], [4, 3, 1], [4, 3, 2], [4, 3, 3], [4, 3, 4], [5, 1, 1], [5, 1, 2], [5, 1, 3], [5, 1, 4], [5, 2, 1], [5, 2, 2], [5, 2, 3], [5, 2, 4], [5, 3, 1], [5, 3, 2], [5, 3, 3], [5, 3, 4], [6, 1, 4], [6, 2, 4], [6, 3, 4], [6, 2, 3], 0, [6, 2, 2], [6, 2, 1], [6, 3, 3], [6, 3, 2], [6, 3, 1], [1, 2, 3], [1, 2, 2], [1, 2, 1], [1, 3, 3], [1, 3, 2], [1, 3, 1], [6, 1, 3], [6, 1, 2], [6, 1, 1], [1, 1, 3], [1, 1, 2], [1, 1, 1]]
37	-4.77008	43.36914	52	79	12	familyI	[[1, 1, 2], [1, 1, 3], [1, 1, 4], [1, 2, 2], [1, 2, 3], [1, 2, 4], [1, 3, 2], [1, 3, 3], [1, 3, 4], [2, 1, 2], [2, 1, 3], [2, 1, 4], [2, 2, 2], [2, 2, 3], [2, 2, 4], [2, 3, 2], [2, 3, 3], [2, 3, 4], [3, 1, 2], [3, 1, 3], [3, 1, 4], [3, 2, 2], [3, 2, 3], [3, 2, 4], [3, 3, 2], [3, 3, 3], [3, 3, 4], [4, 1, 2], [4, 1, 3], [4, 1, 4], [4, 2, 2], [4, 2, 3], [4, 2, 4], [4, 3, 2], [4, 3, 3], [4, 3, 4], [5, 1, 2], [5, 1, 3], [5, 1, 4], [5, 2, 2], [5, 2, 3], [5, 2, 4], [5, 3, 2], [5, 3, 3], [5, 3, 4], [6, 1, 2], [6, 1, 3], [6, 1, 4], [6, 2, 2], [6, 2, 3], [6, 2, 4], [6, 3, 2], [6, 3, 3], [6, 3, 4], [3, 3, 1], 0, [5, 3, 1], [1, 3, 1], [3, 2, 1], [5, 2, 1], [1, 2, 1], [6, 3, 1], [6, 2, 1], [2, 3, 1], [2, 2, 1], [3, 1, 1], [4, 3, 1], [5, 1, 1], [1, 1, 1], [4, 2, 1], [6, 1, 1], [2, 1, 1], [4, 1, 1]]
38	-4.76838	43.36749	52	62	12	familyII	[[1, 1, 4], [1, 2, 4], [1, 3, 4], [2, 1, 4], [2, 2, 4], [2, 3, 4], [3, 1, 4], [3, 2, 4], [3, 3, 4], [4, 1, 4], [4, 2, 4], [4, 3, 4], [5, 1, 4], [5, 2, 4], [5, 3, 4], [6, 1, 4], [6, 2, 4], [6, 3, 4], [1, 3, 3], 0, [6, 3, 3], [1, 3, 2], [6, 3, 2], [1, 3, 1], [6, 3, 1], [5, 3, 3], [5, 3, 2], [5, 3, 1], [1, 2, 3], [6, 2, 3], [1, 2, 2], [6, 2, 2], [2, 3, 3], [1, 2, 1], [1, 1, 3], [3, 3, 3], [6, 2, 1], [6, 1, 3], [5, 2, 3], [2, 3, 2], [4, 3, 3], [1, 1, 2], [3, 3, 2], [6, 1, 2], [5, 2, 2], [2, 3, 1], [4, 3, 2], [1, 1, 1], [3, 3, 1], [6, 1, 1], [5, 2, 1], [5, 1, 3], [4, 3, 1], [5, 1, 2], [2, 2, 3], [5, 1, 1], [3, 2, 3], [2, 2, 2], [4, 2, 3], [3, 2, 2], [2, 2, 1], [4, 2, 2], [2, 1, 3], [3, 2, 1], [3, 1, 3], [4, 2, 1], [2, 1, 2], [4, 1, 3], [3, 1, 2], [2, 1, 1], [4, 1, 2], [3, 1, 1], [4, 1, 1]]
39	-4.76891	43.36927	52	51	12	familyI	[[1, 1, 2], [1, 1, 3], [1, 1, 4], [1, 2, 2], [1, 2, 3], [1, 2, 4], [1, 3, 2], [1, 3, 3], [1, 3, 4], [2, 1, 2], [2, 1, 3], [2, 1, 4], [2, 2, 2], [2, 2, 3], [2, 2, 4], [2, 3, 2], [2, 3, 3], [2, 3, 4], [3, 1, 2], [3, 1, 3], [3, 1, 4], [3, 2, 2], [3, 2, 3], [3, 2, 4], [3, 3, 2], [3, 3, 3], [3, 3, 4], [4, 1, 2], [4, 1, 3], [4, 1, 4], [4, 2, 2], [4, 2, 3], [4, 2, 4], [4, 3, 2], [4, 3, 3], [4, 3, 4], [5, 1, 2], [5, 1, 3], [5, 1, 4], [5, 2, 2], [5, 2, 3], [5, 2, 4], [5, 3, 2], [5, 3, 3], [5, 3, 4], [6, 1, 2], [6, 1, 3], [6, 1, 4], [6, 2, 2], [6, 2, 3], [6, 2, 4], [6, 3, 2], [6, 3, 3], [6, 3, 4], [5, 1, 1], 0, [1, 1, 1], [5, 3, 1], [1, 3, 1], [6, 1, 1], [6, 3, 1], [3, 1, 1], [3, 3, 1], [5, 2, 1], [1, 2, 1], [4, 1, 1], [2, 1, 1], [6, 2, 1], [4, 3, 1], [2, 3, 1], [3, 2, 1], [4, 2, 1], [2, 2, 1]]
40	-4.77528	43.33588	52	51	12	businessI	[[1, 1, 4], [1, 2, 4], [1, 3, 4], [2, 1, 4], [2, 2, 4], [2, 3, 4], [3, 1, 1], [3, 1, 2], [3, 1, 3], [3, 1, 4], [3, 2, 1], [3, 2, 2], [3, 2, 3], [3, 2, 4], [3, 3, 1], [3, 3, 2], [3, 3, 3], [3, 3, 4], [4, 1, 1], [4, 1, 2], [4, 1, 3], [4, 1, 4], [4, 2, 1], [4, 2, 2], [4, 2, 3], [4, 2, 4], [4, 3, 1], [4, 3, 2], [4, 3, 3], [4, 3, 4], [5, 1, 4], [5, 2, 4], [5, 3, 4], [6, 1, 4], [6, 2, 4], [6, 3, 4], [5, 3, 3], 0, [5, 3, 2], [2, 3, 3], [5, 3, 1], [2, 3, 2], [2, 3, 1], [6, 3, 3], [6, 3, 2], [6, 3, 1], [1, 3, 3], [1, 3, 2], [1, 3, 1], [5, 2, 3], [5, 2, 2], [2, 2, 3], [5, 2, 1], [2, 2, 2], [2, 2, 1], [6, 2, 3], [6, 2, 2], [6, 2, 1], [1, 2, 3], [1, 2, 2], [1, 2, 1], [5, 1, 3], [5, 1, 2], [2, 1, 3], [5, 1, 1], [2, 1, 2], [2, 1, 1], [6, 1, 3], [6, 1, 2], [6, 1, 1], [1, 1, 3], [1, 1, 2], [1, 1, 1]]
41	-4.77837	43.33803	52	57	12	familyII	[[1, 1, 4], [1, 2, 4], [1, 3, 4], [2, 1, 4], [2, 2, 4], [2, 3, 4], [3, 1, 4], [3, 2, 4], [3, 3, 4], [4, 1, 4], [4, 2, 4], [4, 3, 4], [5, 1, 4], [5, 2, 4], [5, 3, 4], [6, 1, 4], [6, 2, 4], [6, 3, 4], [5, 1, 3], 0, [5, 3, 3], [6, 1, 3], [5, 1, 2], [6, 3, 3], [5, 3, 2], [6, 1, 2], [5, 1, 1], [6, 3, 2], [5, 3, 1], [1, 1, 3], [6, 1, 1], [1, 3, 3], [6, 3, 1], [1, 1, 2], [1, 3, 2], [1, 1, 1], [1, 3, 1], [3, 1, 3], [3, 3, 3], [4, 1, 3], [4, 3, 3], [3, 1, 2], [2, 1, 3], [3, 3, 2], [2, 3, 3], [4, 1, 2], [4, 3, 2], [3, 1, 1], [2, 1, 2], [3, 3, 1], [2, 3, 2], [4, 1, 1], [4, 3, 1], [2, 1, 1], [2, 3, 1], [5, 2, 3], [6, 2, 3], [5, 2, 2], [6, 2, 2], [5, 2, 1], [1, 2, 3], [6, 2, 1], [1, 2, 2], [1, 2, 1], [3, 2, 3], [4, 2, 3], [3, 2, 2], [2, 2, 3], [4, 2, 2], [3, 2, 1], [2, 2, 2], [4, 2, 1], [2, 2, 1]]
42	-4.77828	43.33296	52	59	12	familyI	[[1, 1, 2], [1, 1, 3], [1, 1, 4], [1, 2, 2], [1, 2, 3], [1, 2, 4], [1, 3, 2], [1, 3, 3], [1, 3, 4], [2, 1, 2], [2, 1, 3], [2, 1, 4], [2, 2, 2], [2, 2, 3], [2, 2, 4], [2, 3, 2], [2, 3, 3], [2, 3, 4], [3, 1, 2], [3, 1, 3], [3, 1, 4], [3, 2, 2], [3, 2, 3], [3, 2, 4], [3, 3, 2], [3, 3, 3], [3, 3, 4], [4, 1, 2], [4, 1, 3], [4, 1, 4], [4, 2, 2], [4, 2, 3], [4, 2, 4], [4, 3, 2], [4, 3, 3], [4, 3, 4], [5, 1, 2], [5, 1, 3], [5, 1, 4], [5, 2, 2], [5, 2, 3], [5, 2, 4], [5, 3, 2], [5, 3, 3], [5, 3, 4], [6, 1, 2], [6, 1, 3], [6, 1, 4], [6, 2, 2], [6, 2, 3], [6, 2, 4], [6, 3, 2], [6, 3, 3], [6, 3, 4], [6, 1, 1], 0, [6, 2, 1], [3, 1, 1], [5, 1, 1], [1, 1, 1], [3, 2, 1], [5, 2, 1], [1, 2, 1], [6, 3, 1], [3, 3, 1], [5, 3, 1], [1, 3, 1], [4, 1, 1], [2, 1, 1], [4, 2, 1], [2, 2, 1], [4, 3, 1], [2, 3, 1]]
43	-4.77481	43.33335	52	36	12	businessI	[[1, 1, 4], [1, 2, 4], [1, 3, 4], [2, 1, 4], [2, 2, 4], [2, 3, 4], [3, 1, 1], [3, 1, 2], [3, 1, 3], [3, 1, 4], [3, 2, 1], [3, 2, 2], [3, 2, 3], [3, 2, 4], [3, 3, 1], [3, 3, 2], [3, 3, 3], [3, 3, 4], [4, 1, 1], [4, 1, 2], [4, 1, 3], [4, 1, 4], [4, 2, 1], [4, 2, 2], [4, 2, 3], [4, 2, 4], [4, 3, 1], [4, 3, 2], [4, 3, 3], [4, 3, 4], [5, 1, 4], [5, 2, 4], [5, 3, 4], [6, 1, 4], [6, 2, 4], [6, 3, 4], [6, 3, 3], 0, [6, 3, 2], [6, 3, 1], [1, 3, 3], [1, 3, 2], [1, 3, 1], [5, 3, 3], [5, 3, 2], [5, 3, 1], [6, 2, 3], [6, 2, 2], [6, 2, 1], [1, 2, 3], [1, 2, 2], [1, 2, 1], [5, 2, 3], [5, 2, 2], [5, 2, 1], [2, 3, 3], [2, 3, 2], [2, 3, 1], [2, 2, 3], [2, 2, 2], [2, 2, 1], [6, 1, 3], [6, 1, 2], [6, 1, 1], [1, 1, 3], [1, 1, 2], [1, 1, 1], [5, 1, 3], [5, 1, 2], [5, 1, 1], [2, 1, 3], [2, 1, 2], [2, 1, 1]]
44	-4.78109	43.33341	52	45	12	businessI	[[1, 1, 4], [1, 2, 4], [1, 3, 4], [2, 1, 4], [2, 2, 4], [2, 3, 4], [3, 1, 1], [3, 1, 2], [3, 1, 3], [3, 1, 4], [3, 2, 1], [3, 2, 2], [3, 2, 3], [3, 2, 4], [3, 3, 1], [3, 3, 2], [3, 3, 3], [3, 3, 4], [4, 1, 1], [4, 1, 2], [4, 1, 3], [4, 1, 4], [4, 2, 1], [4, 2, 2], [4, 2, 3], [4, 2, 4], [4, 3, 1], [4, 3, 2], [4, 3, 3], [4, 3, 4], [5, 1, 4], [5, 2, 4], [5, 3, 4], [6, 1, 4], [6, 2, 4], [6, 3, 4], [1, 1, 3], 0, [1, 2, 3], [1, 1, 2], [1, 2, 2], [1, 1, 1], [1, 2, 1], [5, 1, 3], [5, 2, 3], [5, 1, 2], [5, 2, 2], [5, 1, 1], [5, 2, 1], [6, 1, 3], [6, 2, 3], [6, 1, 2], [6, 2, 2], [6, 1, 1], [6, 2, 1], [2, 1, 3], [2, 2, 3], [2, 1, 2], [2, 2, 2], [2, 1, 1], [2, 2, 1], [1, 3, 3], [1, 3, 2], [1, 3, 1], [5, 3, 3], [5, 3, 2], [5, 3, 1], [6, 3, 3], [6, 3, 2], [6, 3, 1], [2, 3, 3], [2, 3, 2], [2, 3, 1]]
45	-4.76457	43.32697	52	67	12	familyII	[[1, 1, 4], [1, 2, 4], [1, 3, 4], [2, 1, 4], [2, 2, 4], [2, 3, 4], [3, 1, 4], [3, 2, 4], [3, 3, 4], [4, 1, 4], [4, 2, 4], [4, 3, 4], [5, 1, 4], [5, 2, 4], [5, 3, 4], [6, 1, 4], [6, 2, 4], [6, 3, 4], [1, 3, 3], 0, [6, 3, 3], [1, 1, 3], [1, 3, 2], [6, 1, 3], [6, 3, 2], [1, 1, 2], [1, 3, 1], [5, 3, 3], [6, 1, 2], [6, 3, 1], [1, 1, 1], [5, 1, 3], [5, 3, 2], [6, 1, 1], [5, 1, 2], [5, 3, 1], [5, 1, 1], [2, 3, 3], [4, 3, 3], [2, 1, 3], [2, 3, 2], [3, 3, 3], [4, 1, 3], [4, 3, 2], [2, 1, 2], [2, 3, 1], [3, 1, 3], [3, 3, 2], [4, 1, 2], [4, 3, 1], [1, 2, 3], [2, 1, 1], [3, 1, 2], [3, 3, 1], [4, 1, 1], [6, 2, 3], [1, 2, 2], [3, 1, 1], [6, 2, 2], [1, 2, 1], [5, 2, 3], [6, 2, 1], [5, 2, 2], [5, 2, 1], [2, 2, 3], [4, 2, 3], [2, 2, 2], [3, 2, 3], [4, 2, 2], [2, 2, 1], [3, 2, 2], [4, 2, 1], [3, 2, 1]]
46	-4.76255	43.32477	52	55	12	businessI	[[1, 1, 4], [1, 2, 4], [1, 3, 4], [2, 1, 4], [2, 2, 4], [2, 3, 4], [3, 1, 1], [3, 1, 2], [3, 1, 3], [3, 1, 4], [3, 2, 1], [3, 2, 2], [3, 2, 3], [3, 2, 4], [3, 3, 1], [3, 3, 2], [3, 3, 3], [3, 3, 4], [4, 1, 1], [4, 1, 2], [4, 1, 3], [4, 1, 4], [4, 2, 1], [4, 2, 2], [4, 2, 3], [4, 2, 4], [4, 3, 1], [4, 3, 2], [4, 3, 3], [4, 3, 4], [5, 1, 4], [5, 2, 4], [5, 3, 4], [6, 1, 4], [6, 2, 4], [6, 3, 4], [2, 3, 3], 0, [2, 3, 2], [5, 3, 3], [2, 3, 1], [1, 3, 3], [5, 3, 2], [1, 3, 2], [5, 3, 1], [1, 3, 1], [6, 3, 3], [6, 3, 2], [6, 3, 1], [2, 2, 3], [2, 2, 2], [5, 2, 3], [2, 2, 1], [1, 2, 3], [5, 2, 2], [1, 2, 2], [5, 2, 1], [1, 2, 1], [2, 1, 3], [2, 1, 2], [5, 1, 3], [2, 1, 1], [1, 1, 3], [5, 1, 2], [1, 1, 2], [5, 1, 1], [1, 1, 1], [6, 2, 3], [6, 2, 2], [6, 2, 1], [6, 1, 3], [6, 1, 2], [6, 1, 1]]
47	-4.75208	43.34223	52	45	12	businessII	[[1, 1, 4], [1, 2, 4], [1, 3, 4], [2, 1, 1], [2, 1, 2], [2, 1, 3], [2, 1, 4], [2, 2, 1], [2, 2, 2], [2, 2, 3], [2, 2, 4], [2, 3, 1], [2, 3, 2], [2, 3, 3], [2, 3, 4], [3, 1, 1], [3, 1, 2], [3, 1, 3], [3, 1, 4], [3, 2, 1], [3, 2, 2], [3, 2, 3], [3, 2, 4], [3, 3, 1], [3, 3, 2], [3, 3, 3], [3, 3, 4], [4, 1, 1], [4, 1, 2], [4, 1, 3], [4, 1, 4], [4, 2, 1], [4, 2, 2], [4, 2, 3], [4, 2, 4], [4, 3, 1], [4, 3, 2], [4, 3, 3], [4, 3, 4], [5, 1, 1], [5, 1, 2], [5, 1, 3], [5, 1, 4], [5, 2, 1], [5, 2, 2], [5, 2, 3], [5, 2, 4], [5, 3, 1], [5, 3, 2], [5, 3, 3], [5, 3, 4], [6, 1, 4], [6, 2, 4], [6, 3, 4], [1, 2, 3], 0, [1, 2, 2], [1, 2, 1], [6, 2, 3], [6, 2, 2], [6, 2, 1], [1, 1, 3], [1, 1, 2], [1, 1, 1], [6, 1, 3], [6, 1, 2], [6, 1, 1], [1, 3, 3], [1, 3, 2], [1, 3, 1], [6, 3, 3], [6, 3, 2], [6, 3, 1]]
48	-4.76101	43.33256	52	59	12	familyII	[[1, 1, 4], [1, 2, 4], [1, 3, 4], [2, 1, 4], [2, 2, 4], [2, 3, 4], [3, 1, 4], [3, 2, 4], [3, 3, 4], [4, 1, 4], [4, 2, 4], [4, 3, 4], [5, 1, 4], [5, 2, 4], [5, 3, 4], [6, 1, 4], [6, 2, 4], [6, 3, 4], [1, 3, 3], 0, [6, 3, 3], [1, 3, 2], [5, 3, 3], [6, 3, 2], [1, 3, 1], [5, 3, 2], [6, 3, 1], [5, 3, 1], [1, 2, 3], [6, 2, 3], [4, 3, 3], [2, 3, 3], [1, 2, 2], [5, 2, 3], [3, 3, 3], [6, 2, 2], [4, 3, 2], [2, 3, 2], [1, 2, 1], [5, 2, 2], [3, 3, 2], [6, 2, 1], [4, 3, 1], [1, 1, 3], [2, 3, 1], [5, 2, 1], [6, 1, 3], [3, 3, 1], [1, 1, 2], [5, 1, 3], [6, 1, 2], [1, 1, 1], [5, 1, 2], [6, 1, 1], [5, 1, 1], [4, 2, 3], [2, 2, 3], [3, 2, 3], [4, 2, 2], [2, 2, 2], [3, 2, 2], [4, 2, 1], [2, 2, 1], [4, 1, 3], [2, 1, 3], [3, 2, 1], [3, 1, 3], [4, 1, 2], [2, 1, 2], [3, 1, 2], [4, 1, 1], [2, 1, 1], [3, 1, 1]]
49	-4.78061	43.35145	52	29	12	pensionerII	[[1, 1, 3], [1, 1, 4], [1, 2, 3], [1, 2, 4], [1, 3, 3], [1, 3, 4], [2, 1, 3], [2, 1, 4], [2, 2, 3], [2, 2, 4], [2, 3, 3], [2, 3, 4], [3, 1, 3], [3, 1, 4], [3, 2, 3], [3, 2, 4], [3, 3, 3], [3, 3, 4], [4, 1, 3], [4, 1, 4], [4, 2, 3], [4, 2, 4], [4, 3, 3], [4, 3, 4], [5, 1, 3], [5, 1, 4], [5, 2, 3], [5, 2, 4], [5, 3, 3], [5, 3, 4], [6, 1, 3], [6, 1, 4], [6, 2, 3], [6, 2, 4], [6, 3, 3], [6, 3, 4], [6, 1, 2], 0, [6, 1, 1], [2, 1, 2], [2, 1, 1], [6, 2, 2], [6, 2, 1], [6, 3, 2], [6, 3, 1], [2, 2, 2], [2, 2, 1], [2, 3, 2], [2, 3, 1], [5, 1, 2], [5, 1, 1], [5, 2, 2], [5, 2, 1], [5, 3, 2], [5, 3, 1], [3, 1, 2], [3, 1, 1], [1, 1, 2], [1, 1, 1], [4, 1, 2], [4, 1, 1], [3, 2, 2], [3, 2, 1], [3, 3, 2], [3, 3, 1], [1, 2, 2], [1, 2, 1], [4, 2, 2], [4, 2, 1], [1, 3, 2], [1, 3, 1], [4, 3, 2], [4, 3, 1]]
50	-4.78073	43.34393	52	75	12	familyII	[[1, 1, 4], [1, 2, 4], [1, 3, 4], [2, 1, 4], [2, 2, 4], [2, 3, 4], [3, 1, 4], [3, 2, 4], [3, 3, 4], [4, 1, 4], [4, 2, 4], [4, 3, 4], [5, 1, 4], [5, 2, 4], [5, 3, 4], [6, 1, 4], [6, 2, 4], [6, 3, 4], [5, 1, 3], 0, [6, 1, 3], [5, 1, 2], [1, 1, 3], [6, 1, 2], [5, 1, 1], [1, 1, 2], [5, 3, 3], [6, 1, 1], [1, 1, 1], [6, 3, 3], [5, 3, 2], [1, 3, 3], [6, 3, 2], [5, 3, 1], [1, 3, 2], [6, 3, 1], [1, 3, 1], [4, 1, 3], [3, 1, 3], [2, 1, 3], [4, 1, 2], [5, 2, 3], [3, 1, 2], [2, 1, 2], [4, 1, 1], [6, 2, 3], [4, 3, 3], [5, 2, 2], [1, 2, 3], [3, 1, 1], [3, 3, 3], [2, 1, 1], [6, 2, 2], [2, 3, 3], [4, 3, 2], [5, 2, 1], [1, 2, 2], [3, 3, 2], [6, 2, 1], [2, 3, 2], [4, 3, 1], [1, 2, 1], [3, 3, 1], [2, 3, 1], [4, 2, 3], [3, 2, 3], [2, 2, 3], [4, 2, 2], [3, 2, 2], [2, 2, 2], [4, 2, 1], [3, 2, 1], [2, 2, 1]]
51	-4.77792	43.34088	52	48	12	familyI	[[1, 1, 2], [1, 1, 3], [1, 1, 4], [1, 2, 2], [1, 2, 3], [1, 2, 4], [1, 3, 2], [1, 3, 3], [1, 3, 4], [2, 1, 2], [2, 1, 3], [2, 1, 4], [2, 2, 2], [2, 2, 3], [2, 2, 4], [2, 3, 2], [2, 3, 3], [2, 3, 4], [3, 1, 2], [3, 1, 3], [3, 1, 4], [3, 2, 2], [3, 2, 3], [3, 2, 4], [3, 3, 2], [3, 3, 3], [3, 3, 4], [4, 1, 2], [4, 1, 3], [4, 1, 4], [4, 2, 2], [4, 2, 3], [4, 2, 4], [4, 3, 2], [4, 3, 3], [4, 3, 4], [5, 1, 2], [5, 1, 3], [5, 1, 4], [5, 2, 2], [5, 2, 3], [5, 2, 4], [5, 3, 2], [5, 3, 3], [5, 3, 4], [6, 1, 2], [6, 1, 3], [6, 1, 4], [6, 2, 2], [6, 2, 3], [6, 2, 4], [6, 3, 2], [6, 3, 3], [6, 3, 4], [1, 1, 1], 0, [3, 1, 1], [5, 1, 1], [1, 2, 1], [6, 1, 1], [3, 2, 1], [5, 2, 1], [6, 2, 1], [1, 3, 1], [3, 3, 1], [5, 3, 1], [2, 1, 1], [6, 3, 1], [2, 2, 1], [4, 1, 1], [4, 2, 1], [2, 3, 1], [4, 3, 1]]
52	-4.77948	43.3637	52	25	12	pensionerII	[[1, 1, 3], [1, 1, 4], [1, 2, 3], [1, 2, 4], [1, 3, 3], [1, 3, 4], [2, 1, 3], [2, 1, 4], [2, 2, 3], [2, 2, 4], [2, 3, 3], [2, 3, 4], [3, 1, 3], [3, 1, 4], [3, 2, 3], [3, 2, 4], [3, 3, 3], [3, 3, 4], [4, 1, 3], [4, 1, 4], [4, 2, 3], [4, 2, 4], [4, 3, 3], [4, 3, 4], [5, 1, 3], [5, 1, 4], [5, 2, 3], [5, 2, 4], [5, 3, 3], [5, 3, 4], [6, 1, 3], [6, 1, 4], [6, 2, 3], [6, 2, 4], [6, 3, 3], [6, 3, 4], [6, 2, 2], 0, [2, 2, 2], [6, 2, 1], [2, 2, 1], [5, 2, 2], [5, 2, 1], [6, 3, 2], [2, 3, 2], [6, 3, 1], [2, 3, 1], [5, 3, 2], [5, 3, 1], [3, 2, 2], [3, 2, 1], [1, 2, 2], [1, 2, 1], [3, 3, 2], [6, 1, 2], [3, 3, 1], [2, 1, 2], [6, 1, 1], [2, 1, 1], [5, 1, 2], [5, 1, 1], [1, 3, 2], [1, 3, 1], [4, 2, 2], [4, 2, 1], [4, 3, 2], [4, 3, 1], [3, 1, 2], [3, 1, 1], [1, 1, 2], [1, 1, 1], [4, 1, 2], [4, 1, 1]]
53	-4.78417	43.31737	52	33	12	pensionerII	[[1, 1, 3], [1, 1, 4], [1, 2, 3], [1, 2, 4], [1, 3, 3], [1, 3, 4], [2, 1, 3], [2, 1, 4], [2, 2, 3], [2, 2, 4], [2, 3, 3], [2, 3, 4], [3, 1, 3], [3, 1, 4], [3, 2, 3], [3, 2, 4], [3, 3, 3], [3, 3, 4], [4, 1, 3], [4, 1, 4], [4, 2, 3], [4, 2, 4], [4, 3, 3], [4, 3, 4], [5, 1, 3], [5, 1, 4], [5, 2, 3], [5, 2, 4], [5, 3, 3], [5, 3, 4], [6, 1, 3], [6, 1, 4], [6, 2, 3], [6, 2, 4], [6, 3, 3], [6, 3, 4], [5, 1, 2], 0, [5, 1, 1], [2, 1, 2], [2, 1, 1], [5, 3, 2], [5, 3, 1], [2, 3, 2], [2, 3, 1], [6, 1, 2], [6, 1, 1], [6, 3, 2], [6, 3, 1], [5, 2, 2], [5, 2, 1], [2, 2, 2], [2, 2, 1], [3, 1, 2], [3, 1, 1], [4, 1, 2], [4, 1, 1], [3, 3, 2], [1, 1, 2], [3, 3, 1], [1, 1, 1], [4, 3, 2], [4, 3, 1], [1, 3, 2], [1, 3, 1], [6, 2, 2], [6, 2, 1], [3, 2, 2], [3, 2, 1], [4, 2, 2], [4, 2, 1], [1, 2, 2], [1, 2, 1]]
54	-4.77002	43.36077	52	37	12	businessI	[[1, 1, 4], [1, 2, 4], [1, 3, 4], [2, 1, 4], [2, 2, 4], [2, 3, 4], [3, 1, 1], [3, 1, 2], [3, 1, 3], [3, 1, 4], [3, 2, 1], [3, 2, 2], [3, 2, 3], [3, 2, 4], [3, 3, 1], [3, 3, 2], [3, 3, 3], [3, 3, 4], [4, 1, 1], [4, 1, 2], [4, 1, 3], [4, 1, 4], [4, 2, 1], [4, 2, 2], [4, 2, 3], [4, 2, 4], [4, 3, 1], [4, 3, 2], [4, 3, 3], [4, 3, 4], [5, 1, 4], [5, 2, 4], [5, 3, 4], [6, 1, 4], [6, 2, 4], [6, 3, 4], [6, 1, 3], 0, [6, 1, 2], [6, 1, 1], [2, 1, 3], [2, 1, 2], [2, 1, 1], [1, 1, 3], [1, 1, 2], [1, 1, 1], [5, 1, 3], [5, 1, 2], [5, 1, 1], [6, 3, 3], [6, 3, 2], [6, 3, 1], [2, 3, 3], [2, 3, 2], [2, 3, 1], [1, 3, 3], [1, 3, 2], [1, 3, 1], [5, 3, 3], [5, 3, 2], [5, 3, 1], [6, 2, 3], [6, 2, 2], [6, 2, 1], [2, 2, 3], [2, 2, 2], [2, 2, 1], [1, 2, 3], [1, 2, 2], [1, 2, 1], [5, 2, 3], [5, 2, 2], [5, 2, 1]]