S3n54d3w6-120p5-4-8c3_1679305988

DAYS
3

WINDOWS
1	480	600
2	600	720
3	720	840
4	840	960
5	960	1080
6	1080	1200

FEES
1	5
2	6
3	7
4	8

CLUSTERS
CLUST NO.	LONCOORD.	LATCOORD.

51	-4.87416	43.3423
52	-4.7807	43.3423
57	-4.82743	43.31532

CUSTOMERS
CUST NO.	LONCOORD.	LATCOORD.	CLUST NO.	BASKET.	SERVICE TIME.	SEGMENT.	PREF LIST.
0	-4.82743	43.31532	0	0	0	0	0
1	-4.83856	43.28935	57	56	12	familyII	[[1, 1, 4], [1, 2, 4], [1, 3, 4], [2, 1, 4], [2, 2, 4], [2, 3, 4], [3, 1, 4], [3, 2, 4], [3, 3, 4], [4, 1, 4], [4, 2, 4], [4, 3, 4], [5, 1, 4], [5, 2, 4], [5, 3, 4], [6, 1, 4], [6, 2, 4], [6, 3, 4], [6, 3, 3], 0, [5, 3, 3], [6, 3, 2], [5, 3, 2], [6, 3, 1], [1, 3, 3], [5, 3, 1], [6, 1, 3], [1, 3, 2], [5, 1, 3], [6, 2, 3], [6, 1, 2], [5, 2, 3], [1, 3, 1], [5, 1, 2], [6, 2, 2], [6, 1, 1], [1, 1, 3], [5, 2, 2], [5, 1, 1], [6, 2, 1], [1, 2, 3], [1, 1, 2], [5, 2, 1], [4, 3, 3], [1, 2, 2], [1, 1, 1], [4, 3, 2], [1, 2, 1], [3, 3, 3], [2, 3, 3], [4, 3, 1], [3, 3, 2], [2, 3, 2], [4, 1, 3], [3, 3, 1], [2, 3, 1], [4, 2, 3], [4, 1, 2], [3, 1, 3], [2, 1, 3], [4, 2, 2], [4, 1, 1], [3, 2, 3], [3, 1, 2], [2, 2, 3], [2, 1, 2], [4, 2, 1], [3, 2, 2], [3, 1, 1], [2, 2, 2], [2, 1, 1], [3, 2, 1], [2, 2, 1]]
2	-4.8295	43.30899	57	43	12	businessI	[[1, 1, 4], [1, 2, 4], [1, 3, 4], [2, 1, 4], [2, 2, 4], [2, 3, 4], [3, 1, 1], [3, 1, 2], [3, 1, 3], [3, 1, 4], [3, 2, 1], [3, 2, 2], [3, 2, 3], [3, 2, 4], [3, 3, 1], [3, 3, 2], [3, 3, 3], [3, 3, 4], [4, 1, 1], [4, 1, 2], [4, 1, 3], [4, 1, 4], [4, 2, 1], [4, 2, 2], [4, 2, 3], [4, 2, 4], [4, 3, 1], [4, 3, 2], [4, 3, 3], [4, 3, 4], [5, 1, 4], [5, 2, 4], [5, 3, 4], [6, 1, 4], [6, 2, 4], [6, 3, 4], [2, 2, 3], 0, [1, 2, 3], [2, 2, 2], [1, 2, 2], [2, 2, 1], [1, 2, 1], [5, 2, 3], [5, 2, 2], [5, 2, 1], [2, 1, 3], [1, 1, 3], [2, 1, 2], [1, 1, 2], [2, 1, 1], [1, 1, 1], [5, 1, 3], [5, 1, 2], [5, 1, 1], [6, 2, 3], [6, 2, 2], [6, 2, 1], [6, 1, 3], [6, 1, 2], [6, 1, 1], [2, 3, 3], [1, 3, 3], [2, 3, 2], [1, 3, 2], [2, 3, 1], [1, 3, 1], [5, 3, 3], [5, 3, 2], [5, 3, 1], [6, 3, 3], [6, 3, 2], [6, 3, 1]]
3	-4.80364	43.32031	57	20	12	pensionerII	[[1, 1, 3], [1, 1, 4], [1, 2, 3], [1, 2, 4], [1, 3, 3], [1, 3, 4], [2, 1, 3], [2, 1, 4], [2, 2, 3], [2, 2, 4], [2, 3, 3], [2, 3, 4], [3, 1, 3], [3, 1, 4], [3, 2, 3], [3, 2, 4], [3, 3, 3], [3, 3, 4], [4, 1, 3], [4, 1, 4], [4, 2, 3], [4, 2, 4], [4, 3, 3], [4, 3, 4], [5, 1, 3], [5, 1, 4], [5, 2, 3], [5, 2, 4], [5, 3, 3], [5, 3, 4], [6, 1, 3], [6, 1, 4], [6, 2, 3], [6, 2, 4], [6, 3, 3], [6, 3, 4], [5, 1, 2], 0, [5, 1, 1], [6, 1, 2], [6, 1, 1], [2, 1, 2], [2, 1, 1], [5, 3, 2], [5, 3, 1], [6, 3, 2], [6, 3, 1], [4, 1, 2], [4, 1, 1], [3, 1, 2], [3, 1, 1], [2, 3, 2], [5, 2, 2], [2, 3, 1], [5, 2, 1], [1, 1, 2], [1, 1, 1], [6, 2, 2], [6, 2, 1], [2, 2, 2], [2, 2, 1], [4, 3, 2], [4, 3, 1], [3, 3, 2], [3, 3, 1], [1, 3, 2], [1, 3, 1], [4, 2, 2], [4, 2, 1], [3, 2, 2], [3, 2, 1], [1, 2, 2], [1, 2, 1]]
4	-4.83421	43.29401	57	37	12	businessI	[[1, 1, 4], [1, 2, 4], [1, 3, 4], [2, 1, 4], [2, 2, 4], [2, 3, 4], [3, 1, 1], [3, 1, 2], [3, 1, 3], [3, 1, 4], [3, 2, 1], [3, 2, 2], [3, 2, 3], [3, 2, 4], [3, 3, 1], [3, 3, 2], [3, 3, 3], [3, 3, 4], [4, 1, 1], [4, 1, 2], [4, 1, 3], [4, 1, 4], [4, 2, 1], [4, 2, 2], [4, 2, 3], [4, 2, 4], [4, 3, 1], [4, 3, 2], [4, 3, 3], [4, 3, 4], [5, 1, 4], [5, 2, 4], [5, 3, 4], [6, 1, 4], [6, 2, 4], [6, 3, 4], [1, 1, 3], 0, [1, 1, 2], [1, 1, 1], [5, 1, 3], [5, 1, 2], [1, 3, 3], [5, 1, 1], [1, 3, 2], [1, 3, 1], [2, 1, 3], [2, 1, 2], [2, 1, 1], [5, 3, 3], [5, 3, 2], [5, 3, 1], [6, 1, 3], [6, 1, 2], [2, 3, 3], [6, 1, 1], [2, 3, 2], [2, 3, 1], [6, 3, 3], [6, 3, 2], [6, 3, 1], [1, 2, 3], [1, 2, 2], [1, 2, 1], [5, 2, 3], [5, 2, 2], [5, 2, 1], [2, 2, 3], [2, 2, 2], [2, 2, 1], [6, 2, 3], [6, 2, 2], [6, 2, 1]]
5	-4.83517	43.29344	57	35	12	businessII	[[1, 1, 4], [1, 2, 4], [1, 3, 4], [2, 1, 1], [2, 1, 2], [2, 1, 3], [2, 1, 4], [2, 2, 1], [2, 2, 2], [2, 2, 3], [2, 2, 4], [2, 3, 1], [2, 3, 2], [2, 3, 3], [2, 3, 4], [3, 1, 1], [3, 1, 2], [3, 1, 3], [3, 1, 4], [3, 2, 1], [3, 2, 2], [3, 2, 3], [3, 2, 4], [3, 3, 1], [3, 3, 2], [3, 3, 3], [3, 3, 4], [4, 1, 1], [4, 1, 2], [4, 1, 3], [4, 1, 4], [4, 2, 1], [4, 2, 2], [4, 2, 3], [4, 2, 4], [4, 3, 1], [4, 3, 2], [4, 3, 3], [4, 3, 4], [5, 1, 1], [5, 1, 2], [5, 1, 3], [5, 1, 4], [5, 2, 1], [5, 2, 2], [5, 2, 3], [5, 2, 4], [5, 3, 1], [5, 3, 2], [5, 3, 3], [5, 3, 4], [6, 1, 4], [6, 2, 4], [6, 3, 4], [1, 2, 3], 0, [1, 2, 2], [1, 2, 1], [6, 2, 3], [6, 2, 2], [6, 2, 1], [1, 3, 3], [1, 3, 2], [1, 3, 1], [6, 3, 3], [6, 3, 2], [6, 3, 1], [1, 1, 3], [1, 1, 2], [1, 1, 1], [6, 1, 3], [6, 1, 2], [6, 1, 1]]
6	-4.84493	43.30869	57	36	12	pensionerII	[[1, 1, 3], [1, 1, 4], [1, 2, 3], [1, 2, 4], [1, 3, 3], [1, 3, 4], [2, 1, 3], [2, 1, 4], [2, 2, 3], [2, 2, 4], [2, 3, 3], [2, 3, 4], [3, 1, 3], [3, 1, 4], [3, 2, 3], [3, 2, 4], [3, 3, 3], [3, 3, 4], [4, 1, 3], [4, 1, 4], [4, 2, 3], [4, 2, 4], [4, 3, 3], [4, 3, 4], [5, 1, 3], [5, 1, 4], [5, 2, 3], [5, 2, 4], [5, 3, 3], [5, 3, 4], [6, 1, 3], [6, 1, 4], [6, 2, 3], [6, 2, 4], [6, 3, 3], [6, 3, 4], [6, 1, 2], 0, [6, 1, 1], [6, 3, 2], [6, 3, 1], [5, 1, 2], [5, 1, 1], [2, 1, 2], [5, 3, 2], [2, 1, 1], [5, 3, 1], [2, 3, 2], [2, 3, 1], [4, 1, 2], [4, 1, 1], [4, 3, 2], [3, 1, 2], [4, 3, 1], [3, 1, 1], [3, 3, 2], [3, 3, 1], [1, 1, 2], [1, 1, 1], [1, 3, 2], [1, 3, 1], [6, 2, 2], [6, 2, 1], [5, 2, 2], [5, 2, 1], [2, 2, 2], [2, 2, 1], [4, 2, 2], [4, 2, 1], [3, 2, 2], [3, 2, 1], [1, 2, 2], [1, 2, 1]]
7	-4.83362	43.31098	57	46	12	businessII	[[1, 1, 4], [1, 2, 4], [1, 3, 4], [2, 1, 1], [2, 1, 2], [2, 1, 3], [2, 1, 4], [2, 2, 1], [2, 2, 2], [2, 2, 3], [2, 2, 4], [2, 3, 1], [2, 3, 2], [2, 3, 3], [2, 3, 4], [3, 1, 1], [3, 1, 2], [3, 1, 3], [3, 1, 4], [3, 2, 1], [3, 2, 2], [3, 2, 3], [3, 2, 4], [3, 3, 1], [3, 3, 2], [3, 3, 3], [3, 3, 4], [4, 1, 1], [4, 1, 2], [4, 1, 3], [4, 1, 4], [4, 2, 1], [4, 2, 2], [4, 2, 3], [4, 2, 4], [4, 3, 1], [4, 3, 2], [4, 3, 3], [4, 3, 4], [5, 1, 1], [5, 1, 2], [5, 1, 3], [5, 1, 4], [5, 2, 1], [5, 2, 2], [5, 2, 3], [5, 2, 4], [5, 3, 1], [5, 3, 2], [5, 3, 3], [5, 3, 4], [6, 1, 4], [6, 2, 4], [6, 3, 4], [1, 3, 3], 0, [1, 3, 2], [1, 3, 1], [1, 1, 3], [1, 1, 2], [1, 1, 1], [1, 2, 3], [1, 2, 2], [1, 2, 1], [6, 3, 3], [6, 3, 2], [6, 3, 1], [6, 1, 3], [6, 1, 2], [6, 1, 1], [6, 2, 3], [6, 2, 2], [6, 2, 1]]
8	-4.84638	43.30241	57	47	12	businessII	[[1, 1, 4], [1, 2, 4], [1, 3, 4], [2, 1, 1], [2, 1, 2], [2, 1, 3], [2, 1, 4], [2, 2, 1], [2, 2, 2], [2, 2, 3], [2, 2, 4], [2, 3, 1], [2, 3, 2], [2, 3, 3], [2, 3, 4], [3, 1, 1], [3, 1, 2], [3, 1, 3], [3, 1, 4], [3, 2, 1], [3, 2, 2], [3, 2, 3], [3, 2, 4], [3, 3, 1], [3, 3, 2], [3, 3, 3], [3, 3, 4], [4, 1, 1], [4, 1, 2], [4, 1, 3], [4, 1, 4], [4, 2, 1], [4, 2, 2], [4, 2, 3], [4, 2, 4], [4, 3, 1], [4, 3, 2], [4, 3, 3], [4, 3, 4], [5, 1, 1], [5, 1, 2], [5, 1, 3], [5, 1, 4], [5, 2, 1], [5, 2, 2], [5, 2, 3], [5, 2, 4], [5, 3, 1], [5, 3, 2], [5, 3, 3], [5, 3, 4], [6, 1, 4], [6, 2, 4], [6, 3, 4], [6, 1, 3], 0, [6, 1, 2], [6, 1, 1], [1, 1, 3], [1, 1, 2], [1, 1, 1], [6, 3, 3], [6, 3, 2], [6, 3, 1], [1, 3, 3], [1, 3, 2], [1, 3, 1], [6, 2, 3], [6, 2, 2], [6, 2, 1], [1, 2, 3], [1, 2, 2], [1, 2, 1]]
9	-4.87184	43.33178	51	26	12	pensionerII	[[1, 1, 3], [1, 1, 4], [1, 2, 3], [1, 2, 4], [1, 3, 3], [1, 3, 4], [2, 1, 3], [2, 1, 4], [2, 2, 3], [2, 2, 4], [2, 3, 3], [2, 3, 4], [3, 1, 3], [3, 1, 4], [3, 2, 3], [3, 2, 4], [3, 3, 3], [3, 3, 4], [4, 1, 3], [4, 1, 4], [4, 2, 3], [4, 2, 4], [4, 3, 3], [4, 3, 4], [5, 1, 3], [5, 1, 4], [5, 2, 3], [5, 2, 4], [5, 3, 3], [5, 3, 4], [6, 1, 3], [6, 1, 4], [6, 2, 3], [6, 2, 4], [6, 3, 3], [6, 3, 4], [2, 2, 2], 0, [2, 2, 1], [2, 1, 2], [6, 2, 2], [2, 1, 1], [5, 2, 2], [6, 2, 1], [5, 2, 1], [6, 1, 2], [5, 1, 2], [6, 1, 1], [5, 1, 1], [2, 3, 2], [2, 3, 1], [1, 2, 2], [1, 2, 1], [6, 3, 2], [5, 3, 2], [6, 3, 1], [1, 1, 2], [5, 3, 1], [1, 1, 1], [3, 2, 2], [3, 2, 1], [4, 2, 2], [4, 2, 1], [3, 1, 2], [3, 1, 1], [4, 1, 2], [4, 1, 1], [1, 3, 2], [1, 3, 1], [3, 3, 2], [3, 3, 1], [4, 3, 2], [4, 3, 1]]
10	-4.86882	43.32962	51	47	12	familyI	[[1, 1, 2], [1, 1, 3], [1, 1, 4], [1, 2, 2], [1, 2, 3], [1, 2, 4], [1, 3, 2], [1, 3, 3], [1, 3, 4], [2, 1, 2], [2, 1, 3], [2, 1, 4], [2, 2, 2], [2, 2, 3], [2, 2, 4], [2, 3, 2], [2, 3, 3], [2, 3, 4], [3, 1, 2], [3, 1, 3], [3, 1, 4], [3, 2, 2], [3, 2, 3], [3, 2, 4], [3, 3, 2], [3, 3, 3], [3, 3, 4], [4, 1, 2], [4, 1, 3], [4, 1, 4], [4, 2, 2], [4, 2, 3], [4, 2, 4], [4, 3, 2], [4, 3, 3], [4, 3, 4], [5, 1, 2], [5, 1, 3], [5, 1, 4], [5, 2, 2], [5, 2, 3], [5, 2, 4], [5, 3, 2], [5, 3, 3], [5, 3, 4], [6, 1, 2], [6, 1, 3], [6, 1, 4], [6, 2, 2], [6, 2, 3], [6, 2, 4], [6, 3, 2], [6, 3, 3], [6, 3, 4], [1, 3, 1], 0, [6, 3, 1], [1, 1, 1], [6, 1, 1], [5, 3, 1], [5, 1, 1], [3, 3, 1], [3, 1, 1], [4, 3, 1], [4, 1, 1], [1, 2, 1], [6, 2, 1], [5, 2, 1], [2, 3, 1], [3, 2, 1], [2, 1, 1], [4, 2, 1], [2, 2, 1]]
11	-4.83318	43.29417	57	33	12	pensionerII	[[1, 1, 3], [1, 1, 4], [1, 2, 3], [1, 2, 4], [1, 3, 3], [1, 3, 4], [2, 1, 3], [2, 1, 4], [2, 2, 3], [2, 2, 4], [2, 3, 3], [2, 3, 4], [3, 1, 3], [3, 1, 4], [3, 2, 3], [3, 2, 4], [3, 3, 3], [3, 3, 4], [4, 1, 3], [4, 1, 4], [4, 2, 3], [4, 2, 4], [4, 3, 3], [4, 3, 4], [5, 1, 3], [5, 1, 4], [5, 2, 3], [5, 2, 4], [5, 3, 3], [5, 3, 4], [6, 1, 3], [6, 1, 4], [6, 2, 3], [6, 2, 4], [6, 3, 3], [6, 3, 4], [5, 2, 2], 0, [5, 2, 1], [5, 3, 2], [5, 3, 1], [6, 2, 2], [6, 2, 1], [2, 2, 2], [2, 2, 1], [6, 3, 2], [6, 3, 1], [2, 3, 2], [2, 3, 1], [4, 2, 2], [4, 2, 1], [1, 2, 2], [1, 2, 1], [4, 3, 2], [4, 3, 1], [3, 2, 2], [3, 2, 1], [1, 3, 2], [1, 3, 1], [3, 3, 2], [3, 3, 1], [5, 1, 2], [5, 1, 1], [6, 1, 2], [6, 1, 1], [2, 1, 2], [2, 1, 1], [4, 1, 2], [4, 1, 1], [1, 1, 2], [1, 1, 1], [3, 1, 2], [3, 1, 1]]
12	-4.79543	43.31556	52	55	12	businessII	[[1, 1, 4], [1, 2, 4], [1, 3, 4], [2, 1, 1], [2, 1, 2], [2, 1, 3], [2, 1, 4], [2, 2, 1], [2, 2, 2], [2, 2, 3], [2, 2, 4], [2, 3, 1], [2, 3, 2], [2, 3, 3], [2, 3, 4], [3, 1, 1], [3, 1, 2], [3, 1, 3], [3, 1, 4], [3, 2, 1], [3, 2, 2], [3, 2, 3], [3, 2, 4], [3, 3, 1], [3, 3, 2], [3, 3, 3], [3, 3, 4], [4, 1, 1], [4, 1, 2], [4, 1, 3], [4, 1, 4], [4, 2, 1], [4, 2, 2], [4, 2, 3], [4, 2, 4], [4, 3, 1], [4, 3, 2], [4, 3, 3], [4, 3, 4], [5, 1, 1], [5, 1, 2], [5, 1, 3], [5, 1, 4], [5, 2, 1], [5, 2, 2], [5, 2, 3], [5, 2, 4], [5, 3, 1], [5, 3, 2], [5, 3, 3], [5, 3, 4], [6, 1, 4], [6, 2, 4], [6, 3, 4], [6, 3, 3], 0, [6, 3, 2], [6, 3, 1], [1, 3, 3], [1, 3, 2], [1, 3, 1], [6, 1, 3], [6, 1, 2], [6, 1, 1], [6, 2, 3], [6, 2, 2], [6, 2, 1], [1, 1, 3], [1, 1, 2], [1, 1, 1], [1, 2, 3], [1, 2, 2], [1, 2, 1]]
13	-4.80248	43.31392	57	33	12	pensionerII	[[1, 1, 3], [1, 1, 4], [1, 2, 3], [1, 2, 4], [1, 3, 3], [1, 3, 4], [2, 1, 3], [2, 1, 4], [2, 2, 3], [2, 2, 4], [2, 3, 3], [2, 3, 4], [3, 1, 3], [3, 1, 4], [3, 2, 3], [3, 2, 4], [3, 3, 3], [3, 3, 4], [4, 1, 3], [4, 1, 4], [4, 2, 3], [4, 2, 4], [4, 3, 3], [4, 3, 4], [5, 1, 3], [5, 1, 4], [5, 2, 3], [5, 2, 4], [5, 3, 3], [5, 3, 4], [6, 1, 3], [6, 1, 4], [6, 2, 3], [6, 2, 4], [6, 3, 3], [6, 3, 4], [5, 3, 2], 0, [5, 3, 1], [6, 3, 2], [6, 3, 1], [5, 1, 2], [5, 1, 1], [6, 1, 2], [2, 3, 2], [6, 1, 1], [2, 3, 1], [2, 1, 2], [2, 1, 1], [5, 2, 2], [5, 2, 1], [6, 2, 2], [6, 2, 1], [4, 3, 2], [4, 3, 1], [2, 2, 2], [2, 2, 1], [1, 3, 2], [1, 3, 1], [3, 3, 2], [4, 1, 2], [3, 3, 1], [4, 1, 1], [1, 1, 2], [1, 1, 1], [3, 1, 2], [3, 1, 1], [4, 2, 2], [4, 2, 1], [1, 2, 2], [1, 2, 1], [3, 2, 2], [3, 2, 1]]
14	-4.80618	43.30485	57	45	12	businessI	[[1, 1, 4], [1, 2, 4], [1, 3, 4], [2, 1, 4], [2, 2, 4], [2, 3, 4], [3, 1, 1], [3, 1, 2], [3, 1, 3], [3, 1, 4], [3, 2, 1], [3, 2, 2], [3, 2, 3], [3, 2, 4], [3, 3, 1], [3, 3, 2], [3, 3, 3], [3, 3, 4], [4, 1, 1], [4, 1, 2], [4, 1, 3], [4, 1, 4], [4, 2, 1], [4, 2, 2], [4, 2, 3], [4, 2, 4], [4, 3, 1], [4, 3, 2], [4, 3, 3], [4, 3, 4], [5, 1, 4], [5, 2, 4], [5, 3, 4], [6, 1, 4], [6, 2, 4], [6, 3, 4], [5, 2, 3], 0, [5, 2, 2], [1, 2, 3], [5, 2, 1], [1, 2, 2], [1, 2, 1], [2, 2, 3], [2, 2, 2], [2, 2, 1], [6, 2, 3], [6, 2, 2], [6, 2, 1], [5, 1, 3], [5, 1, 2], [1, 1, 3], [5, 1, 1], [1, 1, 2], [1, 1, 1], [2, 1, 3], [2, 1, 2], [2, 1, 1], [5, 3, 3], [5, 3, 2], [1, 3, 3], [5, 3, 1], [1, 3, 2], [1, 3, 1], [2, 3, 3], [2, 3, 2], [2, 3, 1], [6, 1, 3], [6, 1, 2], [6, 1, 1], [6, 3, 3], [6, 3, 2], [6, 3, 1]]
15	-4.80743	43.30534	57	71	12	familyII	[[1, 1, 4], [1, 2, 4], [1, 3, 4], [2, 1, 4], [2, 2, 4], [2, 3, 4], [3, 1, 4], [3, 2, 4], [3, 3, 4], [4, 1, 4], [4, 2, 4], [4, 3, 4], [5, 1, 4], [5, 2, 4], [5, 3, 4], [6, 1, 4], [6, 2, 4], [6, 3, 4], [6, 1, 3], 0, [5, 1, 3], [6, 1, 2], [5, 1, 2], [1, 1, 3], [6, 3, 3], [6, 1, 1], [5, 3, 3], [5, 1, 1], [1, 1, 2], [6, 3, 2], [5, 3, 2], [1, 3, 3], [1, 1, 1], [6, 3, 1], [5, 3, 1], [1, 3, 2], [1, 3, 1], [3, 1, 3], [4, 1, 3], [3, 1, 2], [2, 1, 3], [3, 3, 3], [4, 1, 2], [3, 1, 1], [2, 1, 2], [4, 3, 3], [3, 3, 2], [4, 1, 1], [6, 2, 3], [5, 2, 3], [2, 3, 3], [2, 1, 1], [4, 3, 2], [3, 3, 1], [6, 2, 2], [5, 2, 2], [1, 2, 3], [2, 3, 2], [4, 3, 1], [6, 2, 1], [5, 2, 1], [1, 2, 2], [2, 3, 1], [1, 2, 1], [3, 2, 3], [4, 2, 3], [3, 2, 2], [2, 2, 3], [4, 2, 2], [3, 2, 1], [2, 2, 2], [4, 2, 1], [2, 2, 1]]
16	-4.80779	43.30687	57	39	12	pensionerII	[[1, 1, 3], [1, 1, 4], [1, 2, 3], [1, 2, 4], [1, 3, 3], [1, 3, 4], [2, 1, 3], [2, 1, 4], [2, 2, 3], [2, 2, 4], [2, 3, 3], [2, 3, 4], [3, 1, 3], [3, 1, 4], [3, 2, 3], [3, 2, 4], [3, 3, 3], [3, 3, 4], [4, 1, 3], [4, 1, 4], [4, 2, 3], [4, 2, 4], [4, 3, 3], [4, 3, 4], [5, 1, 3], [5, 1, 4], [5, 2, 3], [5, 2, 4], [5, 3, 3], [5, 3, 4], [6, 1, 3], [6, 1, 4], [6, 2, 3], [6, 2, 4], [6, 3, 3], [6, 3, 4], [2, 2, 2], 0, [6, 2, 2], [2, 2, 1], [6, 2, 1], [2, 3, 2], [6, 3, 2], [2, 3, 1], [6, 3, 1], [5, 2, 2], [5, 2, 1], [5, 3, 2], [5, 3, 1], [1, 2, 2], [1, 2, 1], [1, 3, 2], [1, 3, 1], [4, 2, 2], [4, 2, 1], [4, 3, 2], [4, 3, 1], [3, 2, 2], [3, 2, 1], [3, 3, 2], [3, 3, 1], [2, 1, 2], [6, 1, 2], [2, 1, 1], [6, 1, 1], [5, 1, 2], [5, 1, 1], [1, 1, 2], [1, 1, 1], [4, 1, 2], [4, 1, 1], [3, 1, 2], [3, 1, 1]]
17	-4.80854	43.31137	57	53	12	familyII	[[1, 1, 4], [1, 2, 4], [1, 3, 4], [2, 1, 4], [2, 2, 4], [2, 3, 4], [3, 1, 4], [3, 2, 4], [3, 3, 4], [4, 1, 4], [4, 2, 4], [4, 3, 4], [5, 1, 4], [5, 2, 4], [5, 3, 4], [6, 1, 4], [6, 2, 4], [6, 3, 4], [6, 3, 3], 0, [1, 3, 3], [5, 3, 3], [6, 3, 2], [1, 3, 2], [5, 3, 2], [6, 3, 1], [1, 3, 1], [5, 3, 1], [6, 2, 3], [1, 2, 3], [5, 2, 3], [6, 2, 2], [1, 2, 2], [5, 2, 2], [6, 2, 1], [3, 3, 3], [1, 2, 1], [6, 1, 3], [1, 1, 3], [5, 2, 1], [5, 1, 3], [4, 3, 3], [3, 3, 2], [6, 1, 2], [1, 1, 2], [5, 1, 2], [2, 3, 3], [4, 3, 2], [3, 3, 1], [6, 1, 1], [1, 1, 1], [5, 1, 1], [2, 3, 2], [4, 3, 1], [2, 3, 1], [3, 2, 3], [4, 2, 3], [3, 2, 2], [2, 2, 3], [4, 2, 2], [3, 2, 1], [3, 1, 3], [2, 2, 2], [4, 2, 1], [4, 1, 3], [3, 1, 2], [2, 2, 1], [2, 1, 3], [4, 1, 2], [3, 1, 1], [2, 1, 2], [4, 1, 1], [2, 1, 1]]
18	-4.86143	43.31587	51	53	12	businessII	[[1, 1, 4], [1, 2, 4], [1, 3, 4], [2, 1, 1], [2, 1, 2], [2, 1, 3], [2, 1, 4], [2, 2, 1], [2, 2, 2], [2, 2, 3], [2, 2, 4], [2, 3, 1], [2, 3, 2], [2, 3, 3], [2, 3, 4], [3, 1, 1], [3, 1, 2], [3, 1, 3], [3, 1, 4], [3, 2, 1], [3, 2, 2], [3, 2, 3], [3, 2, 4], [3, 3, 1], [3, 3, 2], [3, 3, 3], [3, 3, 4], [4, 1, 1], [4, 1, 2], [4, 1, 3], [4, 1, 4], [4, 2, 1], [4, 2, 2], [4, 2, 3], [4, 2, 4], [4, 3, 1], [4, 3, 2], [4, 3, 3], [4, 3, 4], [5, 1, 1], [5, 1, 2], [5, 1, 3], [5, 1, 4], [5, 2, 1], [5, 2, 2], [5, 2, 3], [5, 2, 4], [5, 3, 1], [5, 3, 2], [5, 3, 3], [5, 3, 4], [6, 1, 4], [6, 2, 4], [6, 3, 4], [1, 2, 3], 0, [1, 2, 2], [1, 2, 1], [6, 2, 3], [6, 2, 2], [6, 2, 1], [1, 1, 3], [1, 1, 2], [1, 1, 1], [6, 1, 3], [6, 1, 2], [6, 1, 1], [1, 3, 3], [1, 3, 2], [1, 3, 1], [6, 3, 3], [6, 3, 2], [6, 3, 1]]
19	-4.84775	43.29886	57	73	12	familyI	[[1, 1, 2], [1, 1, 3], [1, 1, 4], [1, 2, 2], [1, 2, 3], [1, 2, 4], [1, 3, 2], [1, 3, 3], [1, 3, 4], [2, 1, 2], [2, 1, 3], [2, 1, 4], [2, 2, 2], [2, 2, 3], [2, 2, 4], [2, 3, 2], [2, 3, 3], [2, 3, 4], [3, 1, 2], [3, 1, 3], [3, 1, 4], [3, 2, 2], [3, 2, 3], [3, 2, 4], [3, 3, 2], [3, 3, 3], [3, 3, 4], [4, 1, 2], [4, 1, 3], [4, 1, 4], [4, 2, 2], [4, 2, 3], [4, 2, 4], [4, 3, 2], [4, 3, 3], [4, 3, 4], [5, 1, 2], [5, 1, 3], [5, 1, 4], [5, 2, 2], [5, 2, 3], [5, 2, 4], [5, 3, 2], [5, 3, 3], [5, 3, 4], [6, 1, 2], [6, 1, 3], [6, 1, 4], [6, 2, 2], [6, 2, 3], [6, 2, 4], [6, 3, 2], [6, 3, 3], [6, 3, 4], [5, 3, 1], 0, [5, 1, 1], [6, 3, 1], [6, 1, 1], [3, 3, 1], [1, 3, 1], [3, 1, 1], [1, 1, 1], [5, 2, 1], [6, 2, 1], [3, 2, 1], [1, 2, 1], [4, 3, 1], [2, 3, 1], [4, 1, 1], [2, 1, 1], [4, 2, 1], [2, 2, 1]]
20	-4.79308	43.31537	52	64	12	familyII	[[1, 1, 4], [1, 2, 4], [1, 3, 4], [2, 1, 4], [2, 2, 4], [2, 3, 4], [3, 1, 4], [3, 2, 4], [3, 3, 4], [4, 1, 4], [4, 2, 4], [4, 3, 4], [5, 1, 4], [5, 2, 4], [5, 3, 4], [6, 1, 4], [6, 2, 4], [6, 3, 4], [1, 1, 3], 0, [1, 3, 3], [5, 1, 3], [5, 3, 3], [1, 1, 2], [1, 3, 2], [6, 1, 3], [5, 1, 2], [6, 3, 3], [5, 3, 2], [1, 1, 1], [1, 3, 1], [6, 1, 2], [5, 1, 1], [6, 3, 2], [5, 3, 1], [6, 1, 1], [6, 3, 1], [2, 1, 3], [2, 3, 3], [3, 1, 3], [2, 1, 2], [3, 3, 3], [2, 3, 2], [3, 1, 2], [2, 1, 1], [3, 3, 2], [2, 3, 1], [4, 1, 3], [4, 3, 3], [3, 1, 1], [3, 3, 1], [4, 1, 2], [4, 3, 2], [4, 1, 1], [4, 3, 1], [1, 2, 3], [5, 2, 3], [1, 2, 2], [6, 2, 3], [5, 2, 2], [1, 2, 1], [6, 2, 2], [5, 2, 1], [6, 2, 1], [2, 2, 3], [3, 2, 3], [2, 2, 2], [3, 2, 2], [2, 2, 1], [4, 2, 3], [3, 2, 1], [4, 2, 2], [4, 2, 1]]
21	-4.82077	43.3122	57	32	12	pensionerII	[[1, 1, 3], [1, 1, 4], [1, 2, 3], [1, 2, 4], [1, 3, 3], [1, 3, 4], [2, 1, 3], [2, 1, 4], [2, 2, 3], [2, 2, 4], [2, 3, 3], [2, 3, 4], [3, 1, 3], [3, 1, 4], [3, 2, 3], [3, 2, 4], [3, 3, 3], [3, 3, 4], [4, 1, 3], [4, 1, 4], [4, 2, 3], [4, 2, 4], [4, 3, 3], [4, 3, 4], [5, 1, 3], [5, 1, 4], [5, 2, 3], [5, 2, 4], [5, 3, 3], [5, 3, 4], [6, 1, 3], [6, 1, 4], [6, 2, 3], [6, 2, 4], [6, 3, 3], [6, 3, 4], [6, 3, 2], 0, [6, 3, 1], [5, 3, 2], [2, 3, 2], [5, 3, 1], [2, 3, 1], [6, 1, 2], [6, 1, 1], [5, 1, 2], [2, 1, 2], [5, 1, 1], [2, 1, 1], [1, 3, 2], [1, 3, 1], [4, 3, 2], [4, 3, 1], [1, 1, 2], [1, 1, 1], [4, 1, 2], [3, 3, 2], [4, 1, 1], [3, 3, 1], [6, 2, 2], [6, 2, 1], [5, 2, 2], [2, 2, 2], [5, 2, 1], [2, 2, 1], [3, 1, 2], [3, 1, 1], [1, 2, 2], [1, 2, 1], [4, 2, 2], [4, 2, 1], [3, 2, 2], [3, 2, 1]]
22	-4.81403	43.31958	57	42	12	businessI	[[1, 1, 4], [1, 2, 4], [1, 3, 4], [2, 1, 4], [2, 2, 4], [2, 3, 4], [3, 1, 1], [3, 1, 2], [3, 1, 3], [3, 1, 4], [3, 2, 1], [3, 2, 2], [3, 2, 3], [3, 2, 4], [3, 3, 1], [3, 3, 2], [3, 3, 3], [3, 3, 4], [4, 1, 1], [4, 1, 2], [4, 1, 3], [4, 1, 4], [4, 2, 1], [4, 2, 2], [4, 2, 3], [4, 2, 4], [4, 3, 1], [4, 3, 2], [4, 3, 3], [4, 3, 4], [5, 1, 4], [5, 2, 4], [5, 3, 4], [6, 1, 4], [6, 2, 4], [6, 3, 4], [5, 3, 3], 0, [5, 3, 2], [6, 3, 3], [5, 3, 1], [6, 3, 2], [6, 3, 1], [2, 3, 3], [2, 3, 2], [2, 3, 1], [1, 3, 3], [1, 3, 2], [1, 3, 1], [5, 2, 3], [5, 2, 2], [6, 2, 3], [5, 2, 1], [6, 2, 2], [6, 2, 1], [2, 2, 3], [2, 2, 2], [2, 2, 1], [1, 2, 3], [1, 2, 2], [1, 2, 1], [5, 1, 3], [5, 1, 2], [6, 1, 3], [5, 1, 1], [6, 1, 2], [6, 1, 1], [2, 1, 3], [2, 1, 2], [2, 1, 1], [1, 1, 3], [1, 1, 2], [1, 1, 1]]
23	-4.81762	43.31437	57	20	12	pensionerI	[[1, 1, 2], [1, 1, 3], [1, 1, 4], [1, 2, 2], [1, 2, 3], [1, 2, 4], [1, 3, 2], [1, 3, 3], [1, 3, 4], [2, 1, 2], [2, 1, 3], [2, 1, 4], [2, 2, 2], [2, 2, 3], [2, 2, 4], [2, 3, 2], [2, 3, 3], [2, 3, 4], [3, 1, 2], [3, 1, 3], [3, 1, 4], [3, 2, 2], [3, 2, 3], [3, 2, 4], [3, 3, 2], [3, 3, 3], [3, 3, 4], [4, 1, 2], [4, 1, 3], [4, 1, 4], [4, 2, 2], [4, 2, 3], [4, 2, 4], [4, 3, 2], [4, 3, 3], [4, 3, 4], [5, 1, 2], [5, 1, 3], [5, 1, 4], [5, 2, 2], [5, 2, 3], [5, 2, 4], [5, 3, 2], [5, 3, 3], [5, 3, 4], [6, 1, 2], [6, 1, 3], [6, 1, 4], [6, 2, 2], [6, 2, 3], [6, 2, 4], [6, 3, 2], [6, 3, 3], [6, 3, 4], [1, 1, 1], 0, [4, 1, 1], [1, 2, 1], [4, 2, 1], [3, 1, 1], [3, 2, 1], [5, 1, 1], [2, 1, 1], [5, 2, 1], [6, 1, 1], [1, 3, 1], [4, 3, 1], [2, 2, 1], [6, 2, 1], [3, 3, 1], [5, 3, 1], [2, 3, 1], [6, 3, 1]]
24	-4.82579	43.3009	57	52	12	businessII	[[1, 1, 4], [1, 2, 4], [1, 3, 4], [2, 1, 1], [2, 1, 2], [2, 1, 3], [2, 1, 4], [2, 2, 1], [2, 2, 2], [2, 2, 3], [2, 2, 4], [2, 3, 1], [2, 3, 2], [2, 3, 3], [2, 3, 4], [3, 1, 1], [3, 1, 2], [3, 1, 3], [3, 1, 4], [3, 2, 1], [3, 2, 2], [3, 2, 3], [3, 2, 4], [3, 3, 1], [3, 3, 2], [3, 3, 3], [3, 3, 4], [4, 1, 1], [4, 1, 2], [4, 1, 3], [4, 1, 4], [4, 2, 1], [4, 2, 2], [4, 2, 3], [4, 2, 4], [4, 3, 1], [4, 3, 2], [4, 3, 3], [4, 3, 4], [5, 1, 1], [5, 1, 2], [5, 1, 3], [5, 1, 4], [5, 2, 1], [5, 2, 2], [5, 2, 3], [5, 2, 4], [5, 3, 1], [5, 3, 2], [5, 3, 3], [5, 3, 4], [6, 1, 4], [6, 2, 4], [6, 3, 4], [6, 1, 3], 0, [6, 1, 2], [6, 1, 1], [1, 1, 3], [1, 1, 2], [1, 1, 1], [6, 3, 3], [6, 3, 2], [6, 3, 1], [1, 3, 3], [1, 3, 2], [1, 3, 1], [6, 2, 3], [6, 2, 2], [6, 2, 1], [1, 2, 3], [1, 2, 2], [1, 2, 1]]
25	-4.81389	43.32112	57	34	12	pensionerI	[[1, 1, 2], [1, 1, 3], [1, 1, 4], [1, 2, 2], [1, 2, 3], [1, 2, 4], [1, 3, 2], [1, 3, 3], [1, 3, 4], [2, 1, 2], [2, 1, 3], [2, 1, 4], [2, 2, 2], [2, 2, 3], [2, 2, 4], [2, 3, 2], [2, 3, 3], [2, 3, 4], [3, 1, 2], [3, 1, 3], [3, 1, 4], [3, 2, 2], [3, 2, 3], [3, 2, 4], [3, 3, 2], [3, 3, 3], [3, 3, 4], [4, 1, 2], [4, 1, 3], [4, 1, 4], [4, 2, 2], [4, 2, 3], [4, 2, 4], [4, 3, 2], [4, 3, 3], [4, 3, 4], [5, 1, 2], [5, 1, 3], [5, 1, 4], [5, 2, 2], [5, 2, 3], [5, 2, 4], [5, 3, 2], [5, 3, 3], [5, 3, 4], [6, 1, 2], [6, 1, 3], [6, 1, 4], [6, 2, 2], [6, 2, 3], [6, 2, 4], [6, 3, 2], [6, 3, 3], [6, 3, 4], [6, 2, 1], 0, [6, 3, 1], [1, 2, 1], [1, 3, 1], [6, 1, 1], [1, 1, 1], [3, 2, 1], [3, 3, 1], [3, 1, 1], [5, 2, 1], [5, 3, 1], [5, 1, 1], [4, 2, 1], [4, 3, 1], [4, 1, 1], [2, 2, 1], [2, 3, 1], [2, 1, 1]]
26	-4.81224	43.2958	57	45	12	businessI	[[1, 1, 4], [1, 2, 4], [1, 3, 4], [2, 1, 4], [2, 2, 4], [2, 3, 4], [3, 1, 1], [3, 1, 2], [3, 1, 3], [3, 1, 4], [3, 2, 1], [3, 2, 2], [3, 2, 3], [3, 2, 4], [3, 3, 1], [3, 3, 2], [3, 3, 3], [3, 3, 4], [4, 1, 1], [4, 1, 2], [4, 1, 3], [4, 1, 4], [4, 2, 1], [4, 2, 2], [4, 2, 3], [4, 2, 4], [4, 3, 1], [4, 3, 2], [4, 3, 3], [4, 3, 4], [5, 1, 4], [5, 2, 4], [5, 3, 4], [6, 1, 4], [6, 2, 4], [6, 3, 4], [6, 1, 3], 0, [1, 1, 3], [6, 1, 2], [5, 1, 3], [1, 1, 2], [6, 1, 1], [5, 1, 2], [1, 1, 1], [5, 1, 1], [6, 3, 3], [1, 3, 3], [6, 3, 2], [5, 3, 3], [1, 3, 2], [6, 3, 1], [5, 3, 2], [1, 3, 1], [5, 3, 1], [2, 1, 3], [2, 1, 2], [2, 1, 1], [2, 3, 3], [2, 3, 2], [2, 3, 1], [6, 2, 3], [1, 2, 3], [6, 2, 2], [5, 2, 3], [1, 2, 2], [6, 2, 1], [5, 2, 2], [1, 2, 1], [5, 2, 1], [2, 2, 3], [2, 2, 2], [2, 2, 1]]
27	-4.83025	43.29638	57	24	12	pensionerII	[[1, 1, 3], [1, 1, 4], [1, 2, 3], [1, 2, 4], [1, 3, 3], [1, 3, 4], [2, 1, 3], [2, 1, 4], [2, 2, 3], [2, 2, 4], [2, 3, 3], [2, 3, 4], [3, 1, 3], [3, 1, 4], [3, 2, 3], [3, 2, 4], [3, 3, 3], [3, 3, 4], [4, 1, 3], [4, 1, 4], [4, 2, 3], [4, 2, 4], [4, 3, 3], [4, 3, 4], [5, 1, 3], [5, 1, 4], [5, 2, 3], [5, 2, 4], [5, 3, 3], [5, 3, 4], [6, 1, 3], [6, 1, 4], [6, 2, 3], [6, 2, 4], [6, 3, 3], [6, 3, 4], [6, 2, 2], 0, [6, 2, 1], [2, 2, 2], [2, 2, 1], [5, 2, 2], [5, 2, 1], [6, 3, 2], [6, 3, 1], [2, 3, 2], [2, 3, 1], [6, 1, 2], [6, 1, 1], [2, 1, 2], [5, 3, 2], [2, 1, 1], [5, 3, 1], [1, 2, 2], [1, 2, 1], [5, 1, 2], [4, 2, 2], [5, 1, 1], [4, 2, 1], [3, 2, 2], [3, 2, 1], [1, 3, 2], [1, 3, 1], [4, 3, 2], [4, 3, 1], [3, 3, 2], [3, 3, 1], [1, 1, 2], [1, 1, 1], [4, 1, 2], [4, 1, 1], [3, 1, 2], [3, 1, 1]]
28	-4.83059	43.29737	57	31	12	pensionerII	[[1, 1, 3], [1, 1, 4], [1, 2, 3], [1, 2, 4], [1, 3, 3], [1, 3, 4], [2, 1, 3], [2, 1, 4], [2, 2, 3], [2, 2, 4], [2, 3, 3], [2, 3, 4], [3, 1, 3], [3, 1, 4], [3, 2, 3], [3, 2, 4], [3, 3, 3], [3, 3, 4], [4, 1, 3], [4, 1, 4], [4, 2, 3], [4, 2, 4], [4, 3, 3], [4, 3, 4], [5, 1, 3], [5, 1, 4], [5, 2, 3], [5, 2, 4], [5, 3, 3], [5, 3, 4], [6, 1, 3], [6, 1, 4], [6, 2, 3], [6, 2, 4], [6, 3, 3], [6, 3, 4], [6, 3, 2], 0, [6, 3, 1], [5, 3, 2], [5, 3, 1], [6, 1, 2], [6, 1, 1], [5, 1, 2], [5, 1, 1], [2, 3, 2], [2, 3, 1], [2, 1, 2], [2, 1, 1], [6, 2, 2], [6, 2, 1], [5, 2, 2], [5, 2, 1], [3, 3, 2], [3, 3, 1], [4, 3, 2], [4, 3, 1], [3, 1, 2], [3, 1, 1], [1, 3, 2], [1, 3, 1], [4, 1, 2], [4, 1, 1], [1, 1, 2], [1, 1, 1], [2, 2, 2], [2, 2, 1], [3, 2, 2], [3, 2, 1], [4, 2, 2], [4, 2, 1], [1, 2, 2], [1, 2, 1]]
29	-4.82894	43.29453	57	72	12	familyII	[[1, 1, 4], [1, 2, 4], [1, 3, 4], [2, 1, 4], [2, 2, 4], [2, 3, 4], [3, 1, 4], [3, 2, 4], [3, 3, 4], [4, 1, 4], [4, 2, 4], [4, 3, 4], [5, 1, 4], [5, 2, 4], [5, 3, 4], [6, 1, 4], [6, 2, 4], [6, 3, 4], [5, 3, 3], 0, [5, 3, 2], [1, 3, 3], [6, 3, 3], [5, 3, 1], [1, 3, 2], [6, 3, 2], [1, 3, 1], [6, 3, 1], [5, 2, 3], [5, 2, 2], [1, 2, 3], [2, 3, 3], [6, 2, 3], [5, 1, 3], [5, 2, 1], [3, 3, 3], [1, 2, 2], [2, 3, 2], [6, 2, 2], [4, 3, 3], [5, 1, 2], [1, 1, 3], [6, 1, 3], [3, 3, 2], [1, 2, 1], [2, 3, 1], [6, 2, 1], [4, 3, 2], [5, 1, 1], [1, 1, 2], [6, 1, 2], [3, 3, 1], [4, 3, 1], [1, 1, 1], [6, 1, 1], [2, 2, 3], [3, 2, 3], [2, 2, 2], [4, 2, 3], [2, 1, 3], [3, 2, 2], [2, 2, 1], [4, 2, 2], [3, 1, 3], [2, 1, 2], [3, 2, 1], [4, 1, 3], [4, 2, 1], [3, 1, 2], [2, 1, 1], [4, 1, 2], [3, 1, 1], [4, 1, 1]]
30	-4.82914	43.29494	57	47	12	businessI	[[1, 1, 4], [1, 2, 4], [1, 3, 4], [2, 1, 4], [2, 2, 4], [2, 3, 4], [3, 1, 1], [3, 1, 2], [3, 1, 3], [3, 1, 4], [3, 2, 1], [3, 2, 2], [3, 2, 3], [3, 2, 4], [3, 3, 1], [3, 3, 2], [3, 3, 3], [3, 3, 4], [4, 1, 1], [4, 1, 2], [4, 1, 3], [4, 1, 4], [4, 2, 1], [4, 2, 2], [4, 2, 3], [4, 2, 4], [4, 3, 1], [4, 3, 2], [4, 3, 3], [4, 3, 4], [5, 1, 4], [5, 2, 4], [5, 3, 4], [6, 1, 4], [6, 2, 4], [6, 3, 4], [5, 2, 3], 0, [5, 2, 2], [5, 2, 1], [2, 2, 3], [5, 1, 3], [2, 2, 2], [5, 1, 2], [2, 2, 1], [5, 1, 1], [2, 1, 3], [2, 1, 2], [2, 1, 1], [6, 2, 3], [6, 2, 2], [6, 2, 1], [6, 1, 3], [6, 1, 2], [6, 1, 1], [1, 2, 3], [1, 2, 2], [1, 2, 1], [1, 1, 3], [1, 1, 2], [1, 1, 1], [5, 3, 3], [5, 3, 2], [5, 3, 1], [2, 3, 3], [2, 3, 2], [2, 3, 1], [6, 3, 3], [6, 3, 2], [6, 3, 1], [1, 3, 3], [1, 3, 2], [1, 3, 1]]
31	-4.81413	43.31192	57	73	12	familyI	[[1, 1, 2], [1, 1, 3], [1, 1, 4], [1, 2, 2], [1, 2, 3], [1, 2, 4], [1, 3, 2], [1, 3, 3], [1, 3, 4], [2, 1, 2], [2, 1, 3], [2, 1, 4], [2, 2, 2], [2, 2, 3], [2, 2, 4], [2, 3, 2], [2, 3, 3], [2, 3, 4], [3, 1, 2], [3, 1, 3], [3, 1, 4], [3, 2, 2], [3, 2, 3], [3, 2, 4], [3, 3, 2], [3, 3, 3], [3, 3, 4], [4, 1, 2], [4, 1, 3], [4, 1, 4], [4, 2, 2], [4, 2, 3], [4, 2, 4], [4, 3, 2], [4, 3, 3], [4, 3, 4], [5, 1, 2], [5, 1, 3], [5, 1, 4], [5, 2, 2], [5, 2, 3], [5, 2, 4], [5, 3, 2], [5, 3, 3], [5, 3, 4], [6, 1, 2], [6, 1, 3], [6, 1, 4], [6, 2, 2], [6, 2, 3], [6, 2, 4], [6, 3, 2], [6, 3, 3], [6, 3, 4], [5, 2, 1], 0, [6, 2, 1], [3, 2, 1], [1, 2, 1], [5, 1, 1], [6, 1, 1], [5, 3, 1], [6, 3, 1], [3, 1, 1], [3, 3, 1], [4, 2, 1], [2, 2, 1], [1, 1, 1], [1, 3, 1], [4, 1, 1], [2, 1, 1], [4, 3, 1], [2, 3, 1]]
32	-4.76501	43.32132	52	38	12	pensionerI	[[1, 1, 2], [1, 1, 3], [1, 1, 4], [1, 2, 2], [1, 2, 3], [1, 2, 4], [1, 3, 2], [1, 3, 3], [1, 3, 4], [2, 1, 2], [2, 1, 3], [2, 1, 4], [2, 2, 2], [2, 2, 3], [2, 2, 4], [2, 3, 2], [2, 3, 3], [2, 3, 4], [3, 1, 2], [3, 1, 3], [3, 1, 4], [3, 2, 2], [3, 2, 3], [3, 2, 4], [3, 3, 2], [3, 3, 3], [3, 3, 4], [4, 1, 2], [4, 1, 3], [4, 1, 4], [4, 2, 2], [4, 2, 3], [4, 2, 4], [4, 3, 2], [4, 3, 3], [4, 3, 4], [5, 1, 2], [5, 1, 3], [5, 1, 4], [5, 2, 2], [5, 2, 3], [5, 2, 4], [5, 3, 2], [5, 3, 3], [5, 3, 4], [6, 1, 2], [6, 1, 3], [6, 1, 4], [6, 2, 2], [6, 2, 3], [6, 2, 4], [6, 3, 2], [6, 3, 3], [6, 3, 4], [5, 2, 1], 0, [5, 3, 1], [6, 2, 1], [6, 3, 1], [2, 2, 1], [3, 2, 1], [2, 3, 1], [3, 3, 1], [1, 2, 1], [1, 3, 1], [5, 1, 1], [6, 1, 1], [2, 1, 1], [3, 1, 1], [4, 2, 1], [4, 3, 1], [1, 1, 1], [4, 1, 1]]
33	-4.8082	43.31202	57	37	12	pensionerII	[[1, 1, 3], [1, 1, 4], [1, 2, 3], [1, 2, 4], [1, 3, 3], [1, 3, 4], [2, 1, 3], [2, 1, 4], [2, 2, 3], [2, 2, 4], [2, 3, 3], [2, 3, 4], [3, 1, 3], [3, 1, 4], [3, 2, 3], [3, 2, 4], [3, 3, 3], [3, 3, 4], [4, 1, 3], [4, 1, 4], [4, 2, 3], [4, 2, 4], [4, 3, 3], [4, 3, 4], [5, 1, 3], [5, 1, 4], [5, 2, 3], [5, 2, 4], [5, 3, 3], [5, 3, 4], [6, 1, 3], [6, 1, 4], [6, 2, 3], [6, 2, 4], [6, 3, 3], [6, 3, 4], [2, 3, 2], 0, [5, 3, 2], [2, 3, 1], [5, 3, 1], [6, 3, 2], [6, 3, 1], [2, 1, 2], [5, 1, 2], [2, 1, 1], [5, 1, 1], [2, 2, 2], [6, 1, 2], [5, 2, 2], [2, 2, 1], [6, 1, 1], [5, 2, 1], [6, 2, 2], [6, 2, 1], [3, 3, 2], [4, 3, 2], [3, 3, 1], [4, 3, 1], [1, 3, 2], [1, 3, 1], [3, 1, 2], [4, 1, 2], [3, 1, 1], [4, 1, 1], [3, 2, 2], [4, 2, 2], [3, 2, 1], [4, 2, 1], [1, 1, 2], [1, 1, 1], [1, 2, 2], [1, 2, 1]]
34	-4.76674	43.3653	52	46	12	familyII	[[1, 1, 4], [1, 2, 4], [1, 3, 4], [2, 1, 4], [2, 2, 4], [2, 3, 4], [3, 1, 4], [3, 2, 4], [3, 3, 4], [4, 1, 4], [4, 2, 4], [4, 3, 4], [5, 1, 4], [5, 2, 4], [5, 3, 4], [6, 1, 4], [6, 2, 4], [6, 3, 4], [1, 1, 3], 0, [6, 1, 3], [1, 1, 2], [1, 3, 3], [6, 1, 2], [1, 1, 1], [5, 1, 3], [6, 3, 3], [1, 3, 2], [6, 1, 1], [5, 1, 2], [6, 3, 2], [1, 3, 1], [5, 3, 3], [5, 1, 1], [6, 3, 1], [5, 3, 2], [5, 3, 1], [2, 1, 3], [3, 1, 3], [4, 1, 3], [2, 1, 2], [3, 1, 2], [4, 1, 2], [2, 3, 3], [1, 2, 3], [2, 1, 1], [3, 3, 3], [4, 3, 3], [3, 1, 1], [4, 1, 1], [6, 2, 3], [2, 3, 2], [1, 2, 2], [3, 3, 2], [4, 3, 2], [6, 2, 2], [2, 3, 1], [1, 2, 1], [5, 2, 3], [3, 3, 1], [4, 3, 1], [6, 2, 1], [5, 2, 2], [5, 2, 1], [2, 2, 3], [3, 2, 3], [4, 2, 3], [2, 2, 2], [3, 2, 2], [4, 2, 2], [2, 2, 1], [3, 2, 1], [4, 2, 1]]
35	-4.77495	43.36269	52	48	12	familyI	[[1, 1, 2], [1, 1, 3], [1, 1, 4], [1, 2, 2], [1, 2, 3], [1, 2, 4], [1, 3, 2], [1, 3, 3], [1, 3, 4], [2, 1, 2], [2, 1, 3], [2, 1, 4], [2, 2, 2], [2, 2, 3], [2, 2, 4], [2, 3, 2], [2, 3, 3], [2, 3, 4], [3, 1, 2], [3, 1, 3], [3, 1, 4], [3, 2, 2], [3, 2, 3], [3, 2, 4], [3, 3, 2], [3, 3, 3], [3, 3, 4], [4, 1, 2], [4, 1, 3], [4, 1, 4], [4, 2, 2], [4, 2, 3], [4, 2, 4], [4, 3, 2], [4, 3, 3], [4, 3, 4], [5, 1, 2], [5, 1, 3], [5, 1, 4], [5, 2, 2], [5, 2, 3], [5, 2, 4], [5, 3, 2], [5, 3, 3], [5, 3, 4], [6, 1, 2], [6, 1, 3], [6, 1, 4], [6, 2, 2], [6, 2, 3], [6, 2, 4], [6, 3, 2], [6, 3, 3], [6, 3, 4], [1, 2, 1], 0, [6, 2, 1], [5, 2, 1], [1, 3, 1], [6, 3, 1], [5, 3, 1], [3, 2, 1], [1, 1, 1], [6, 1, 1], [5, 1, 1], [2, 2, 1], [4, 2, 1], [3, 3, 1], [2, 3, 1], [4, 3, 1], [3, 1, 1], [2, 1, 1], [4, 1, 1]]
36	-4.77378	43.36924	52	76	12	familyI	[[1, 1, 2], [1, 1, 3], [1, 1, 4], [1, 2, 2], [1, 2, 3], [1, 2, 4], [1, 3, 2], [1, 3, 3], [1, 3, 4], [2, 1, 2], [2, 1, 3], [2, 1, 4], [2, 2, 2], [2, 2, 3], [2, 2, 4], [2, 3, 2], [2, 3, 3], [2, 3, 4], [3, 1, 2], [3, 1, 3], [3, 1, 4], [3, 2, 2], [3, 2, 3], [3, 2, 4], [3, 3, 2], [3, 3, 3], [3, 3, 4], [4, 1, 2], [4, 1, 3], [4, 1, 4], [4, 2, 2], [4, 2, 3], [4, 2, 4], [4, 3, 2], [4, 3, 3], [4, 3, 4], [5, 1, 2], [5, 1, 3], [5, 1, 4], [5, 2, 2], [5, 2, 3], [5, 2, 4], [5, 3, 2], [5, 3, 3], [5, 3, 4], [6, 1, 2], [6, 1, 3], [6, 1, 4], [6, 2, 2], [6, 2, 3], [6, 2, 4], [6, 3, 2], [6, 3, 3], [6, 3, 4], [3, 3, 1], 0, [1, 3, 1], [3, 2, 1], [1, 2, 1], [6, 3, 1], [6, 2, 1], [3, 1, 1], [1, 1, 1], [6, 1, 1], [5, 3, 1], [5, 2, 1], [5, 1, 1], [4, 3, 1], [4, 2, 1], [4, 1, 1], [2, 3, 1], [2, 2, 1], [2, 1, 1]]
37	-4.76366	43.36654	52	54	12	businessI	[[1, 1, 4], [1, 2, 4], [1, 3, 4], [2, 1, 4], [2, 2, 4], [2, 3, 4], [3, 1, 1], [3, 1, 2], [3, 1, 3], [3, 1, 4], [3, 2, 1], [3, 2, 2], [3, 2, 3], [3, 2, 4], [3, 3, 1], [3, 3, 2], [3, 3, 3], [3, 3, 4], [4, 1, 1], [4, 1, 2], [4, 1, 3], [4, 1, 4], [4, 2, 1], [4, 2, 2], [4, 2, 3], [4, 2, 4], [4, 3, 1], [4, 3, 2], [4, 3, 3], [4, 3, 4], [5, 1, 4], [5, 2, 4], [5, 3, 4], [6, 1, 4], [6, 2, 4], [6, 3, 4], [2, 1, 3], 0, [2, 1, 2], [2, 1, 1], [5, 1, 3], [5, 1, 2], [1, 1, 3], [5, 1, 1], [1, 1, 2], [1, 1, 1], [6, 1, 3], [6, 1, 2], [6, 1, 1], [2, 2, 3], [2, 2, 2], [2, 2, 1], [5, 2, 3], [5, 2, 2], [1, 2, 3], [5, 2, 1], [1, 2, 2], [1, 2, 1], [6, 2, 3], [6, 2, 2], [6, 2, 1], [2, 3, 3], [2, 3, 2], [2, 3, 1], [5, 3, 3], [5, 3, 2], [1, 3, 3], [5, 3, 1], [1, 3, 2], [1, 3, 1], [6, 3, 3], [6, 3, 2], [6, 3, 1]]
38	-4.7693	43.3668	52	68	12	familyII	[[1, 1, 4], [1, 2, 4], [1, 3, 4], [2, 1, 4], [2, 2, 4], [2, 3, 4], [3, 1, 4], [3, 2, 4], [3, 3, 4], [4, 1, 4], [4, 2, 4], [4, 3, 4], [5, 1, 4], [5, 2, 4], [5, 3, 4], [6, 1, 4], [6, 2, 4], [6, 3, 4], [1, 3, 3], 0, [6, 3, 3], [1, 3, 2], [5, 3, 3], [6, 3, 2], [1, 3, 1], [5, 3, 2], [6, 3, 1], [5, 3, 1], [1, 1, 3], [6, 1, 3], [1, 1, 2], [2, 3, 3], [1, 2, 3], [5, 1, 3], [6, 1, 2], [3, 3, 3], [6, 2, 3], [1, 1, 1], [2, 3, 2], [1, 2, 2], [5, 1, 2], [4, 3, 3], [6, 1, 1], [3, 3, 2], [5, 2, 3], [6, 2, 2], [2, 3, 1], [1, 2, 1], [5, 1, 1], [4, 3, 2], [3, 3, 1], [5, 2, 2], [6, 2, 1], [4, 3, 1], [5, 2, 1], [2, 1, 3], [3, 1, 3], [2, 1, 2], [4, 1, 3], [2, 2, 3], [3, 1, 2], [3, 2, 3], [2, 1, 1], [4, 1, 2], [2, 2, 2], [3, 1, 1], [4, 2, 3], [3, 2, 2], [4, 1, 1], [2, 2, 1], [4, 2, 2], [3, 2, 1], [4, 2, 1]]
39	-4.76665	43.36451	52	65	12	familyII	[[1, 1, 4], [1, 2, 4], [1, 3, 4], [2, 1, 4], [2, 2, 4], [2, 3, 4], [3, 1, 4], [3, 2, 4], [3, 3, 4], [4, 1, 4], [4, 2, 4], [4, 3, 4], [5, 1, 4], [5, 2, 4], [5, 3, 4], [6, 1, 4], [6, 2, 4], [6, 3, 4], [1, 2, 3], 0, [5, 2, 3], [1, 3, 3], [5, 3, 3], [6, 2, 3], [1, 2, 2], [5, 2, 2], [6, 3, 3], [1, 3, 2], [5, 3, 2], [6, 2, 2], [1, 2, 1], [5, 2, 1], [6, 3, 2], [1, 3, 1], [5, 3, 1], [1, 1, 3], [5, 1, 3], [6, 2, 1], [6, 3, 1], [6, 1, 3], [1, 1, 2], [5, 1, 2], [6, 1, 2], [1, 1, 1], [5, 1, 1], [6, 1, 1], [3, 2, 3], [3, 3, 3], [4, 2, 3], [2, 2, 3], [4, 3, 3], [2, 3, 3], [3, 2, 2], [3, 3, 2], [4, 2, 2], [2, 2, 2], [4, 3, 2], [2, 3, 2], [3, 2, 1], [3, 3, 1], [4, 2, 1], [2, 2, 1], [3, 1, 3], [4, 3, 1], [2, 3, 1], [4, 1, 3], [2, 1, 3], [3, 1, 2], [4, 1, 2], [2, 1, 2], [3, 1, 1], [4, 1, 1], [2, 1, 1]]
40	-4.76902	43.3667	52	42	12	businessI	[[1, 1, 4], [1, 2, 4], [1, 3, 4], [2, 1, 4], [2, 2, 4], [2, 3, 4], [3, 1, 1], [3, 1, 2], [3, 1, 3], [3, 1, 4], [3, 2, 1], [3, 2, 2], [3, 2, 3], [3, 2, 4], [3, 3, 1], [3, 3, 2], [3, 3, 3], [3, 3, 4], [4, 1, 1], [4, 1, 2], [4, 1, 3], [4, 1, 4], [4, 2, 1], [4, 2, 2], [4, 2, 3], [4, 2, 4], [4, 3, 1], [4, 3, 2], [4, 3, 3], [4, 3, 4], [5, 1, 4], [5, 2, 4], [5, 3, 4], [6, 1, 4], [6, 2, 4], [6, 3, 4], [2, 3, 3], 0, [1, 3, 3], [2, 3, 2], [1, 3, 2], [2, 3, 1], [5, 3, 3], [1, 3, 1], [5, 3, 2], [5, 3, 1], [6, 3, 3], [6, 3, 2], [6, 3, 1], [2, 2, 3], [1, 2, 3], [2, 2, 2], [1, 2, 2], [2, 2, 1], [5, 2, 3], [1, 2, 1], [5, 2, 2], [5, 2, 1], [6, 2, 3], [6, 2, 2], [6, 2, 1], [2, 1, 3], [1, 1, 3], [2, 1, 2], [1, 1, 2], [2, 1, 1], [5, 1, 3], [1, 1, 1], [5, 1, 2], [5, 1, 1], [6, 1, 3], [6, 1, 2], [6, 1, 1]]
41	-4.76948	43.36589	52	62	12	familyI	[[1, 1, 2], [1, 1, 3], [1, 1, 4], [1, 2, 2], [1, 2, 3], [1, 2, 4], [1, 3, 2], [1, 3, 3], [1, 3, 4], [2, 1, 2], [2, 1, 3], [2, 1, 4], [2, 2, 2], [2, 2, 3], [2, 2, 4], [2, 3, 2], [2, 3, 3], [2, 3, 4], [3, 1, 2], [3, 1, 3], [3, 1, 4], [3, 2, 2], [3, 2, 3], [3, 2, 4], [3, 3, 2], [3, 3, 3], [3, 3, 4], [4, 1, 2], [4, 1, 3], [4, 1, 4], [4, 2, 2], [4, 2, 3], [4, 2, 4], [4, 3, 2], [4, 3, 3], [4, 3, 4], [5, 1, 2], [5, 1, 3], [5, 1, 4], [5, 2, 2], [5, 2, 3], [5, 2, 4], [5, 3, 2], [5, 3, 3], [5, 3, 4], [6, 1, 2], [6, 1, 3], [6, 1, 4], [6, 2, 2], [6, 2, 3], [6, 2, 4], [6, 3, 2], [6, 3, 3], [6, 3, 4], [3, 3, 1], 0, [5, 3, 1], [6, 3, 1], [1, 3, 1], [3, 2, 1], [5, 2, 1], [6, 2, 1], [1, 2, 1], [3, 1, 1], [5, 1, 1], [6, 1, 1], [1, 1, 1], [4, 3, 1], [2, 3, 1], [4, 2, 1], [2, 2, 1], [4, 1, 1], [2, 1, 1]]
42	-4.76838	43.36749	52	38	12	businessI	[[1, 1, 4], [1, 2, 4], [1, 3, 4], [2, 1, 4], [2, 2, 4], [2, 3, 4], [3, 1, 1], [3, 1, 2], [3, 1, 3], [3, 1, 4], [3, 2, 1], [3, 2, 2], [3, 2, 3], [3, 2, 4], [3, 3, 1], [3, 3, 2], [3, 3, 3], [3, 3, 4], [4, 1, 1], [4, 1, 2], [4, 1, 3], [4, 1, 4], [4, 2, 1], [4, 2, 2], [4, 2, 3], [4, 2, 4], [4, 3, 1], [4, 3, 2], [4, 3, 3], [4, 3, 4], [5, 1, 4], [5, 2, 4], [5, 3, 4], [6, 1, 4], [6, 2, 4], [6, 3, 4], [2, 1, 3], 0, [6, 1, 3], [2, 1, 2], [6, 1, 2], [2, 1, 1], [6, 1, 1], [1, 1, 3], [1, 1, 2], [5, 1, 3], [1, 1, 1], [5, 1, 2], [5, 1, 1], [2, 2, 3], [6, 2, 3], [2, 2, 2], [6, 2, 2], [2, 2, 1], [6, 2, 1], [1, 2, 3], [1, 2, 2], [5, 2, 3], [1, 2, 1], [5, 2, 2], [5, 2, 1], [2, 3, 3], [6, 3, 3], [2, 3, 2], [6, 3, 2], [2, 3, 1], [6, 3, 1], [1, 3, 3], [1, 3, 2], [5, 3, 3], [1, 3, 1], [5, 3, 2], [5, 3, 1]]
43	-4.77735	43.3376	52	79	12	familyI	[[1, 1, 2], [1, 1, 3], [1, 1, 4], [1, 2, 2], [1, 2, 3], [1, 2, 4], [1, 3, 2], [1, 3, 3], [1, 3, 4], [2, 1, 2], [2, 1, 3], [2, 1, 4], [2, 2, 2], [2, 2, 3], [2, 2, 4], [2, 3, 2], [2, 3, 3], [2, 3, 4], [3, 1, 2], [3, 1, 3], [3, 1, 4], [3, 2, 2], [3, 2, 3], [3, 2, 4], [3, 3, 2], [3, 3, 3], [3, 3, 4], [4, 1, 2], [4, 1, 3], [4, 1, 4], [4, 2, 2], [4, 2, 3], [4, 2, 4], [4, 3, 2], [4, 3, 3], [4, 3, 4], [5, 1, 2], [5, 1, 3], [5, 1, 4], [5, 2, 2], [5, 2, 3], [5, 2, 4], [5, 3, 2], [5, 3, 3], [5, 3, 4], [6, 1, 2], [6, 1, 3], [6, 1, 4], [6, 2, 2], [6, 2, 3], [6, 2, 4], [6, 3, 2], [6, 3, 3], [6, 3, 4], [1, 3, 1], 0, [1, 2, 1], [3, 3, 1], [3, 2, 1], [5, 3, 1], [5, 2, 1], [6, 3, 1], [6, 2, 1], [2, 3, 1], [1, 1, 1], [2, 2, 1], [3, 1, 1], [4, 3, 1], [4, 2, 1], [5, 1, 1], [6, 1, 1], [2, 1, 1], [4, 1, 1]]
44	-4.77406	43.3303	52	38	12	pensionerII	[[1, 1, 3], [1, 1, 4], [1, 2, 3], [1, 2, 4], [1, 3, 3], [1, 3, 4], [2, 1, 3], [2, 1, 4], [2, 2, 3], [2, 2, 4], [2, 3, 3], [2, 3, 4], [3, 1, 3], [3, 1, 4], [3, 2, 3], [3, 2, 4], [3, 3, 3], [3, 3, 4], [4, 1, 3], [4, 1, 4], [4, 2, 3], [4, 2, 4], [4, 3, 3], [4, 3, 4], [5, 1, 3], [5, 1, 4], [5, 2, 3], [5, 2, 4], [5, 3, 3], [5, 3, 4], [6, 1, 3], [6, 1, 4], [6, 2, 3], [6, 2, 4], [6, 3, 3], [6, 3, 4], [6, 2, 2], 0, [6, 2, 1], [2, 2, 2], [2, 2, 1], [5, 2, 2], [5, 2, 1], [6, 3, 2], [6, 3, 1], [2, 3, 2], [2, 3, 1], [6, 1, 2], [6, 1, 1], [2, 1, 2], [2, 1, 1], [5, 3, 2], [5, 3, 1], [3, 2, 2], [3, 2, 1], [1, 2, 2], [1, 2, 1], [4, 2, 2], [4, 2, 1], [5, 1, 2], [5, 1, 1], [3, 3, 2], [3, 3, 1], [1, 3, 2], [1, 3, 1], [4, 3, 2], [4, 3, 1], [3, 1, 2], [3, 1, 1], [1, 1, 2], [1, 1, 1], [4, 1, 2], [4, 1, 1]]
45	-4.78109	43.33341	52	36	12	pensionerII	[[1, 1, 3], [1, 1, 4], [1, 2, 3], [1, 2, 4], [1, 3, 3], [1, 3, 4], [2, 1, 3], [2, 1, 4], [2, 2, 3], [2, 2, 4], [2, 3, 3], [2, 3, 4], [3, 1, 3], [3, 1, 4], [3, 2, 3], [3, 2, 4], [3, 3, 3], [3, 3, 4], [4, 1, 3], [4, 1, 4], [4, 2, 3], [4, 2, 4], [4, 3, 3], [4, 3, 4], [5, 1, 3], [5, 1, 4], [5, 2, 3], [5, 2, 4], [5, 3, 3], [5, 3, 4], [6, 1, 3], [6, 1, 4], [6, 2, 3], [6, 2, 4], [6, 3, 3], [6, 3, 4], [6, 2, 2], 0, [6, 2, 1], [5, 2, 2], [5, 2, 1], [2, 2, 2], [2, 2, 1], [6, 3, 2], [6, 3, 1], [5, 3, 2], [5, 3, 1], [2, 3, 2], [2, 3, 1], [1, 2, 2], [1, 2, 1], [3, 2, 2], [4, 2, 2], [3, 2, 1], [4, 2, 1], [1, 3, 2], [1, 3, 1], [3, 3, 2], [4, 3, 2], [3, 3, 1], [4, 3, 1], [6, 1, 2], [6, 1, 1], [5, 1, 2], [5, 1, 1], [2, 1, 2], [2, 1, 1], [1, 1, 2], [1, 1, 1], [3, 1, 2], [4, 1, 2], [3, 1, 1], [4, 1, 1]]
46	-4.76439	43.32523	52	27	12	pensionerI	[[1, 1, 2], [1, 1, 3], [1, 1, 4], [1, 2, 2], [1, 2, 3], [1, 2, 4], [1, 3, 2], [1, 3, 3], [1, 3, 4], [2, 1, 2], [2, 1, 3], [2, 1, 4], [2, 2, 2], [2, 2, 3], [2, 2, 4], [2, 3, 2], [2, 3, 3], [2, 3, 4], [3, 1, 2], [3, 1, 3], [3, 1, 4], [3, 2, 2], [3, 2, 3], [3, 2, 4], [3, 3, 2], [3, 3, 3], [3, 3, 4], [4, 1, 2], [4, 1, 3], [4, 1, 4], [4, 2, 2], [4, 2, 3], [4, 2, 4], [4, 3, 2], [4, 3, 3], [4, 3, 4], [5, 1, 2], [5, 1, 3], [5, 1, 4], [5, 2, 2], [5, 2, 3], [5, 2, 4], [5, 3, 2], [5, 3, 3], [5, 3, 4], [6, 1, 2], [6, 1, 3], [6, 1, 4], [6, 2, 2], [6, 2, 3], [6, 2, 4], [6, 3, 2], [6, 3, 3], [6, 3, 4], [3, 3, 1], 0, [3, 2, 1], [1, 3, 1], [1, 2, 1], [4, 3, 1], [5, 3, 1], [4, 2, 1], [5, 2, 1], [2, 3, 1], [6, 3, 1], [2, 2, 1], [6, 2, 1], [3, 1, 1], [1, 1, 1], [4, 1, 1], [5, 1, 1], [2, 1, 1], [6, 1, 1]]
47	-4.7629	43.32643	52	23	12	pensionerI	[[1, 1, 2], [1, 1, 3], [1, 1, 4], [1, 2, 2], [1, 2, 3], [1, 2, 4], [1, 3, 2], [1, 3, 3], [1, 3, 4], [2, 1, 2], [2, 1, 3], [2, 1, 4], [2, 2, 2], [2, 2, 3], [2, 2, 4], [2, 3, 2], [2, 3, 3], [2, 3, 4], [3, 1, 2], [3, 1, 3], [3, 1, 4], [3, 2, 2], [3, 2, 3], [3, 2, 4], [3, 3, 2], [3, 3, 3], [3, 3, 4], [4, 1, 2], [4, 1, 3], [4, 1, 4], [4, 2, 2], [4, 2, 3], [4, 2, 4], [4, 3, 2], [4, 3, 3], [4, 3, 4], [5, 1, 2], [5, 1, 3], [5, 1, 4], [5, 2, 2], [5, 2, 3], [5, 2, 4], [5, 3, 2], [5, 3, 3], [5, 3, 4], [6, 1, 2], [6, 1, 3], [6, 1, 4], [6, 2, 2], [6, 2, 3], [6, 2, 4], [6, 3, 2], [6, 3, 3], [6, 3, 4], [4, 1, 1], 0, [1, 1, 1], [4, 3, 1], [5, 1, 1], [1, 3, 1], [5, 3, 1], [2, 1, 1], [2, 3, 1], [3, 1, 1], [3, 3, 1], [4, 2, 1], [1, 2, 1], [5, 2, 1], [2, 2, 1], [6, 1, 1], [6, 3, 1], [3, 2, 1], [6, 2, 1]]
48	-4.80599	43.34001	52	39	12	pensionerI	[[1, 1, 2], [1, 1, 3], [1, 1, 4], [1, 2, 2], [1, 2, 3], [1, 2, 4], [1, 3, 2], [1, 3, 3], [1, 3, 4], [2, 1, 2], [2, 1, 3], [2, 1, 4], [2, 2, 2], [2, 2, 3], [2, 2, 4], [2, 3, 2], [2, 3, 3], [2, 3, 4], [3, 1, 2], [3, 1, 3], [3, 1, 4], [3, 2, 2], [3, 2, 3], [3, 2, 4], [3, 3, 2], [3, 3, 3], [3, 3, 4], [4, 1, 2], [4, 1, 3], [4, 1, 4], [4, 2, 2], [4, 2, 3], [4, 2, 4], [4, 3, 2], [4, 3, 3], [4, 3, 4], [5, 1, 2], [5, 1, 3], [5, 1, 4], [5, 2, 2], [5, 2, 3], [5, 2, 4], [5, 3, 2], [5, 3, 3], [5, 3, 4], [6, 1, 2], [6, 1, 3], [6, 1, 4], [6, 2, 2], [6, 2, 3], [6, 2, 4], [6, 3, 2], [6, 3, 3], [6, 3, 4], [1, 1, 1], 0, [3, 1, 1], [2, 1, 1], [4, 1, 1], [1, 2, 1], [6, 1, 1], [3, 2, 1], [2, 2, 1], [4, 2, 1], [1, 3, 1], [6, 2, 1], [3, 3, 1], [2, 3, 1], [4, 3, 1], [6, 3, 1], [5, 1, 1], [5, 2, 1], [5, 3, 1]]
49	-4.80702	43.3439	52	20	12	pensionerI	[[1, 1, 2], [1, 1, 3], [1, 1, 4], [1, 2, 2], [1, 2, 3], [1, 2, 4], [1, 3, 2], [1, 3, 3], [1, 3, 4], [2, 1, 2], [2, 1, 3], [2, 1, 4], [2, 2, 2], [2, 2, 3], [2, 2, 4], [2, 3, 2], [2, 3, 3], [2, 3, 4], [3, 1, 2], [3, 1, 3], [3, 1, 4], [3, 2, 2], [3, 2, 3], [3, 2, 4], [3, 3, 2], [3, 3, 3], [3, 3, 4], [4, 1, 2], [4, 1, 3], [4, 1, 4], [4, 2, 2], [4, 2, 3], [4, 2, 4], [4, 3, 2], [4, 3, 3], [4, 3, 4], [5, 1, 2], [5, 1, 3], [5, 1, 4], [5, 2, 2], [5, 2, 3], [5, 2, 4], [5, 3, 2], [5, 3, 3], [5, 3, 4], [6, 1, 2], [6, 1, 3], [6, 1, 4], [6, 2, 2], [6, 2, 3], [6, 2, 4], [6, 3, 2], [6, 3, 3], [6, 3, 4], [5, 3, 1], 0, [5, 2, 1], [3, 3, 1], [3, 2, 1], [2, 3, 1], [4, 3, 1], [2, 2, 1], [4, 2, 1], [1, 3, 1], [1, 2, 1], [6, 3, 1], [6, 2, 1], [5, 1, 1], [3, 1, 1], [2, 1, 1], [4, 1, 1], [1, 1, 1], [6, 1, 1]]
50	-4.80872	43.34378	52	25	12	pensionerI	[[1, 1, 2], [1, 1, 3], [1, 1, 4], [1, 2, 2], [1, 2, 3], [1, 2, 4], [1, 3, 2], [1, 3, 3], [1, 3, 4], [2, 1, 2], [2, 1, 3], [2, 1, 4], [2, 2, 2], [2, 2, 3], [2, 2, 4], [2, 3, 2], [2, 3, 3], [2, 3, 4], [3, 1, 2], [3, 1, 3], [3, 1, 4], [3, 2, 2], [3, 2, 3], [3, 2, 4], [3, 3, 2], [3, 3, 3], [3, 3, 4], [4, 1, 2], [4, 1, 3], [4, 1, 4], [4, 2, 2], [4, 2, 3], [4, 2, 4], [4, 3, 2], [4, 3, 3], [4, 3, 4], [5, 1, 2], [5, 1, 3], [5, 1, 4], [5, 2, 2], [5, 2, 3], [5, 2, 4], [5, 3, 2], [5, 3, 3], [5, 3, 4], [6, 1, 2], [6, 1, 3], [6, 1, 4], [6, 2, 2], [6, 2, 3], [6, 2, 4], [6, 3, 2], [6, 3, 3], [6, 3, 4], [3, 1, 1], 0, [1, 1, 1], [4, 1, 1], [5, 1, 1], [2, 1, 1], [6, 1, 1], [3, 3, 1], [1, 3, 1], [4, 3, 1], [3, 2, 1], [1, 2, 1], [4, 2, 1], [5, 3, 1], [5, 2, 1], [2, 3, 1], [6, 3, 1], [2, 2, 1], [6, 2, 1]]
51	-4.80666	43.34658	52	75	12	familyII	[[1, 1, 4], [1, 2, 4], [1, 3, 4], [2, 1, 4], [2, 2, 4], [2, 3, 4], [3, 1, 4], [3, 2, 4], [3, 3, 4], [4, 1, 4], [4, 2, 4], [4, 3, 4], [5, 1, 4], [5, 2, 4], [5, 3, 4], [6, 1, 4], [6, 2, 4], [6, 3, 4], [6, 3, 3], 0, [6, 3, 2], [6, 1, 3], [6, 3, 1], [6, 1, 2], [5, 3, 3], [1, 3, 3], [6, 1, 1], [5, 3, 2], [1, 3, 2], [5, 1, 3], [1, 1, 3], [5, 3, 1], [1, 3, 1], [5, 1, 2], [1, 1, 2], [5, 1, 1], [1, 1, 1], [4, 3, 3], [2, 3, 3], [3, 3, 3], [4, 3, 2], [2, 3, 2], [4, 1, 3], [2, 1, 3], [6, 2, 3], [3, 3, 2], [3, 1, 3], [4, 3, 1], [2, 3, 1], [4, 1, 2], [2, 1, 2], [6, 2, 2], [3, 3, 1], [3, 1, 2], [4, 1, 1], [2, 1, 1], [6, 2, 1], [3, 1, 1], [5, 2, 3], [1, 2, 3], [5, 2, 2], [1, 2, 2], [5, 2, 1], [1, 2, 1], [4, 2, 3], [2, 2, 3], [3, 2, 3], [4, 2, 2], [2, 2, 2], [3, 2, 2], [4, 2, 1], [2, 2, 1], [3, 2, 1]]
52	-4.78725	43.32912	52	49	12	familyII	[[1, 1, 4], [1, 2, 4], [1, 3, 4], [2, 1, 4], [2, 2, 4], [2, 3, 4], [3, 1, 4], [3, 2, 4], [3, 3, 4], [4, 1, 4], [4, 2, 4], [4, 3, 4], [5, 1, 4], [5, 2, 4], [5, 3, 4], [6, 1, 4], [6, 2, 4], [6, 3, 4], [6, 1, 3], 0, [5, 1, 3], [6, 2, 3], [5, 2, 3], [6, 1, 2], [5, 1, 2], [6, 2, 2], [5, 2, 2], [6, 3, 3], [5, 3, 3], [6, 1, 1], [5, 1, 1], [6, 2, 1], [5, 2, 1], [6, 3, 2], [5, 3, 2], [1, 1, 3], [6, 3, 1], [5, 3, 1], [1, 2, 3], [1, 1, 2], [1, 2, 2], [1, 3, 3], [1, 1, 1], [1, 2, 1], [1, 3, 2], [4, 1, 3], [1, 3, 1], [4, 2, 3], [2, 1, 3], [4, 1, 2], [2, 2, 3], [4, 2, 2], [4, 3, 3], [3, 1, 3], [2, 1, 2], [3, 2, 3], [4, 1, 1], [2, 2, 2], [4, 2, 1], [2, 3, 3], [4, 3, 2], [3, 1, 2], [2, 1, 1], [3, 2, 2], [2, 2, 1], [3, 3, 3], [2, 3, 2], [4, 3, 1], [3, 1, 1], [3, 2, 1], [3, 3, 2], [2, 3, 1], [3, 3, 1]]
53	-4.77822	43.36321	52	50	12	familyI	[[1, 1, 2], [1, 1, 3], [1, 1, 4], [1, 2, 2], [1, 2, 3], [1, 2, 4], [1, 3, 2], [1, 3, 3], [1, 3, 4], [2, 1, 2], [2, 1, 3], [2, 1, 4], [2, 2, 2], [2, 2, 3], [2, 2, 4], [2, 3, 2], [2, 3, 3], [2, 3, 4], [3, 1, 2], [3, 1, 3], [3, 1, 4], [3, 2, 2], [3, 2, 3], [3, 2, 4], [3, 3, 2], [3, 3, 3], [3, 3, 4], [4, 1, 2], [4, 1, 3], [4, 1, 4], [4, 2, 2], [4, 2, 3], [4, 2, 4], [4, 3, 2], [4, 3, 3], [4, 3, 4], [5, 1, 2], [5, 1, 3], [5, 1, 4], [5, 2, 2], [5, 2, 3], [5, 2, 4], [5, 3, 2], [5, 3, 3], [5, 3, 4], [6, 1, 2], [6, 1, 3], [6, 1, 4], [6, 2, 2], [6, 2, 3], [6, 2, 4], [6, 3, 2], [6, 3, 3], [6, 3, 4], [3, 3, 1], 0, [1, 3, 1], [3, 1, 1], [3, 2, 1], [6, 3, 1], [1, 1, 1], [1, 2, 1], [5, 3, 1], [6, 1, 1], [6, 2, 1], [5, 1, 1], [5, 2, 1], [4, 3, 1], [2, 3, 1], [4, 1, 1], [4, 2, 1], [2, 1, 1], [2, 2, 1]]
54	-4.78304	43.33556	52	36	12	businessII	[[1, 1, 4], [1, 2, 4], [1, 3, 4], [2, 1, 1], [2, 1, 2], [2, 1, 3], [2, 1, 4], [2, 2, 1], [2, 2, 2], [2, 2, 3], [2, 2, 4], [2, 3, 1], [2, 3, 2], [2, 3, 3], [2, 3, 4], [3, 1, 1], [3, 1, 2], [3, 1, 3], [3, 1, 4], [3, 2, 1], [3, 2, 2], [3, 2, 3], [3, 2, 4], [3, 3, 1], [3, 3, 2], [3, 3, 3], [3, 3, 4], [4, 1, 1], [4, 1, 2], [4, 1, 3], [4, 1, 4], [4, 2, 1], [4, 2, 2], [4, 2, 3], [4, 2, 4], [4, 3, 1], [4, 3, 2], [4, 3, 3], [4, 3, 4], [5, 1, 1], [5, 1, 2], [5, 1, 3], [5, 1, 4], [5, 2, 1], [5, 2, 2], [5, 2, 3], [5, 2, 4], [5, 3, 1], [5, 3, 2], [5, 3, 3], [5, 3, 4], [6, 1, 4], [6, 2, 4], [6, 3, 4], [6, 2, 3], 0, [1, 2, 3], [6, 2, 2], [1, 2, 2], [6, 2, 1], [1, 2, 1], [6, 1, 3], [1, 1, 3], [6, 1, 2], [1, 1, 2], [6, 1, 1], [1, 1, 1], [6, 3, 3], [1, 3, 3], [6, 3, 2], [1, 3, 2], [6, 3, 1], [1, 3, 1]]