S3n54d3w6-120p5-4-8c3_1679305945

DAYS
3

WINDOWS
1	480	600
2	600	720
3	720	840
4	840	960
5	960	1080
6	1080	1200

FEES
1	5
2	6
3	7
4	8

CLUSTERS
CLUST NO.	LONCOORD.	LATCOORD.

51	-4.87416	43.3423
52	-4.7807	43.3423
57	-4.82743	43.31532

CUSTOMERS
CUST NO.	LONCOORD.	LATCOORD.	CLUST NO.	BASKET.	SERVICE TIME.	SEGMENT.	PREF LIST.
0	-4.82743	43.31532	0	0	0	0	0
1	-4.83551	43.30956	57	27	12	pensionerII	[[1, 1, 3], [1, 1, 4], [1, 2, 3], [1, 2, 4], [1, 3, 3], [1, 3, 4], [2, 1, 3], [2, 1, 4], [2, 2, 3], [2, 2, 4], [2, 3, 3], [2, 3, 4], [3, 1, 3], [3, 1, 4], [3, 2, 3], [3, 2, 4], [3, 3, 3], [3, 3, 4], [4, 1, 3], [4, 1, 4], [4, 2, 3], [4, 2, 4], [4, 3, 3], [4, 3, 4], [5, 1, 3], [5, 1, 4], [5, 2, 3], [5, 2, 4], [5, 3, 3], [5, 3, 4], [6, 1, 3], [6, 1, 4], [6, 2, 3], [6, 2, 4], [6, 3, 3], [6, 3, 4], [2, 3, 2], 0, [2, 3, 1], [5, 3, 2], [5, 3, 1], [6, 3, 2], [6, 3, 1], [2, 1, 2], [2, 1, 1], [2, 2, 2], [2, 2, 1], [3, 3, 2], [3, 3, 1], [5, 1, 2], [5, 1, 1], [4, 3, 2], [5, 2, 2], [1, 3, 2], [4, 3, 1], [5, 2, 1], [1, 3, 1], [6, 1, 2], [6, 1, 1], [6, 2, 2], [6, 2, 1], [3, 1, 2], [3, 1, 1], [3, 2, 2], [3, 2, 1], [4, 1, 2], [1, 1, 2], [4, 1, 1], [1, 1, 1], [4, 2, 2], [1, 2, 2], [4, 2, 1], [1, 2, 1]]
2	-4.80752	43.29918	57	32	12	pensionerII	[[1, 1, 3], [1, 1, 4], [1, 2, 3], [1, 2, 4], [1, 3, 3], [1, 3, 4], [2, 1, 3], [2, 1, 4], [2, 2, 3], [2, 2, 4], [2, 3, 3], [2, 3, 4], [3, 1, 3], [3, 1, 4], [3, 2, 3], [3, 2, 4], [3, 3, 3], [3, 3, 4], [4, 1, 3], [4, 1, 4], [4, 2, 3], [4, 2, 4], [4, 3, 3], [4, 3, 4], [5, 1, 3], [5, 1, 4], [5, 2, 3], [5, 2, 4], [5, 3, 3], [5, 3, 4], [6, 1, 3], [6, 1, 4], [6, 2, 3], [6, 2, 4], [6, 3, 3], [6, 3, 4], [2, 2, 2], 0, [2, 2, 1], [6, 2, 2], [6, 2, 1], [2, 3, 2], [2, 3, 1], [6, 3, 2], [6, 3, 1], [5, 2, 2], [5, 2, 1], [5, 3, 2], [5, 3, 1], [2, 1, 2], [3, 2, 2], [2, 1, 1], [3, 2, 1], [1, 2, 2], [1, 2, 1], [6, 1, 2], [6, 1, 1], [3, 3, 2], [3, 3, 1], [1, 3, 2], [1, 3, 1], [5, 1, 2], [5, 1, 1], [4, 2, 2], [4, 2, 1], [4, 3, 2], [4, 3, 1], [3, 1, 2], [3, 1, 1], [1, 1, 2], [1, 1, 1], [4, 1, 2], [4, 1, 1]]
3	-4.83157	43.31239	57	29	12	pensionerI	[[1, 1, 2], [1, 1, 3], [1, 1, 4], [1, 2, 2], [1, 2, 3], [1, 2, 4], [1, 3, 2], [1, 3, 3], [1, 3, 4], [2, 1, 2], [2, 1, 3], [2, 1, 4], [2, 2, 2], [2, 2, 3], [2, 2, 4], [2, 3, 2], [2, 3, 3], [2, 3, 4], [3, 1, 2], [3, 1, 3], [3, 1, 4], [3, 2, 2], [3, 2, 3], [3, 2, 4], [3, 3, 2], [3, 3, 3], [3, 3, 4], [4, 1, 2], [4, 1, 3], [4, 1, 4], [4, 2, 2], [4, 2, 3], [4, 2, 4], [4, 3, 2], [4, 3, 3], [4, 3, 4], [5, 1, 2], [5, 1, 3], [5, 1, 4], [5, 2, 2], [5, 2, 3], [5, 2, 4], [5, 3, 2], [5, 3, 3], [5, 3, 4], [6, 1, 2], [6, 1, 3], [6, 1, 4], [6, 2, 2], [6, 2, 3], [6, 2, 4], [6, 3, 2], [6, 3, 3], [6, 3, 4], [3, 3, 1], 0, [4, 3, 1], [3, 1, 1], [2, 3, 1], [4, 1, 1], [6, 3, 1], [3, 2, 1], [2, 1, 1], [4, 2, 1], [6, 1, 1], [5, 3, 1], [2, 2, 1], [6, 2, 1], [5, 1, 1], [5, 2, 1], [1, 3, 1], [1, 1, 1], [1, 2, 1]]
4	-4.81303	43.31061	57	26	12	pensionerII	[[1, 1, 3], [1, 1, 4], [1, 2, 3], [1, 2, 4], [1, 3, 3], [1, 3, 4], [2, 1, 3], [2, 1, 4], [2, 2, 3], [2, 2, 4], [2, 3, 3], [2, 3, 4], [3, 1, 3], [3, 1, 4], [3, 2, 3], [3, 2, 4], [3, 3, 3], [3, 3, 4], [4, 1, 3], [4, 1, 4], [4, 2, 3], [4, 2, 4], [4, 3, 3], [4, 3, 4], [5, 1, 3], [5, 1, 4], [5, 2, 3], [5, 2, 4], [5, 3, 3], [5, 3, 4], [6, 1, 3], [6, 1, 4], [6, 2, 3], [6, 2, 4], [6, 3, 3], [6, 3, 4], [2, 3, 2], 0, [2, 3, 1], [5, 3, 2], [5, 3, 1], [6, 3, 2], [6, 3, 1], [2, 1, 2], [2, 1, 1], [5, 1, 2], [2, 2, 2], [5, 1, 1], [2, 2, 1], [5, 2, 2], [6, 1, 2], [5, 2, 1], [6, 1, 1], [6, 2, 2], [6, 2, 1], [3, 3, 2], [3, 3, 1], [1, 3, 2], [1, 3, 1], [3, 1, 2], [3, 1, 1], [3, 2, 2], [3, 2, 1], [1, 1, 2], [1, 1, 1], [1, 2, 2], [1, 2, 1], [4, 3, 2], [4, 3, 1], [4, 1, 2], [4, 1, 1], [4, 2, 2], [4, 2, 1]]
5	-4.83261	43.2939	57	40	12	pensionerII	[[1, 1, 3], [1, 1, 4], [1, 2, 3], [1, 2, 4], [1, 3, 3], [1, 3, 4], [2, 1, 3], [2, 1, 4], [2, 2, 3], [2, 2, 4], [2, 3, 3], [2, 3, 4], [3, 1, 3], [3, 1, 4], [3, 2, 3], [3, 2, 4], [3, 3, 3], [3, 3, 4], [4, 1, 3], [4, 1, 4], [4, 2, 3], [4, 2, 4], [4, 3, 3], [4, 3, 4], [5, 1, 3], [5, 1, 4], [5, 2, 3], [5, 2, 4], [5, 3, 3], [5, 3, 4], [6, 1, 3], [6, 1, 4], [6, 2, 3], [6, 2, 4], [6, 3, 3], [6, 3, 4], [2, 3, 2], 0, [2, 3, 1], [5, 3, 2], [5, 3, 1], [6, 3, 2], [6, 3, 1], [2, 1, 2], [2, 1, 1], [5, 1, 2], [5, 1, 1], [6, 1, 2], [6, 1, 1], [2, 2, 2], [2, 2, 1], [1, 3, 2], [1, 3, 1], [4, 3, 2], [5, 2, 2], [4, 3, 1], [3, 3, 2], [5, 2, 1], [3, 3, 1], [6, 2, 2], [6, 2, 1], [1, 1, 2], [1, 1, 1], [4, 1, 2], [4, 1, 1], [3, 1, 2], [3, 1, 1], [1, 2, 2], [1, 2, 1], [4, 2, 2], [4, 2, 1], [3, 2, 2], [3, 2, 1]]
6	-4.83169	43.29096	57	29	12	pensionerI	[[1, 1, 2], [1, 1, 3], [1, 1, 4], [1, 2, 2], [1, 2, 3], [1, 2, 4], [1, 3, 2], [1, 3, 3], [1, 3, 4], [2, 1, 2], [2, 1, 3], [2, 1, 4], [2, 2, 2], [2, 2, 3], [2, 2, 4], [2, 3, 2], [2, 3, 3], [2, 3, 4], [3, 1, 2], [3, 1, 3], [3, 1, 4], [3, 2, 2], [3, 2, 3], [3, 2, 4], [3, 3, 2], [3, 3, 3], [3, 3, 4], [4, 1, 2], [4, 1, 3], [4, 1, 4], [4, 2, 2], [4, 2, 3], [4, 2, 4], [4, 3, 2], [4, 3, 3], [4, 3, 4], [5, 1, 2], [5, 1, 3], [5, 1, 4], [5, 2, 2], [5, 2, 3], [5, 2, 4], [5, 3, 2], [5, 3, 3], [5, 3, 4], [6, 1, 2], [6, 1, 3], [6, 1, 4], [6, 2, 2], [6, 2, 3], [6, 2, 4], [6, 3, 2], [6, 3, 3], [6, 3, 4], [6, 1, 1], 0, [1, 1, 1], [6, 3, 1], [5, 1, 1], [2, 1, 1], [3, 1, 1], [1, 3, 1], [6, 2, 1], [5, 3, 1], [4, 1, 1], [2, 3, 1], [3, 3, 1], [1, 2, 1], [4, 3, 1], [5, 2, 1], [2, 2, 1], [3, 2, 1], [4, 2, 1]]
7	-4.83261	43.29126	57	80	12	familyII	[[1, 1, 4], [1, 2, 4], [1, 3, 4], [2, 1, 4], [2, 2, 4], [2, 3, 4], [3, 1, 4], [3, 2, 4], [3, 3, 4], [4, 1, 4], [4, 2, 4], [4, 3, 4], [5, 1, 4], [5, 2, 4], [5, 3, 4], [6, 1, 4], [6, 2, 4], [6, 3, 4], [5, 1, 3], 0, [6, 1, 3], [5, 1, 2], [1, 1, 3], [6, 1, 2], [5, 1, 1], [1, 1, 2], [6, 1, 1], [1, 1, 1], [5, 3, 3], [6, 3, 3], [5, 3, 2], [1, 3, 3], [6, 3, 2], [5, 3, 1], [1, 3, 2], [6, 3, 1], [3, 1, 3], [1, 3, 1], [3, 1, 2], [4, 1, 3], [2, 1, 3], [3, 1, 1], [4, 1, 2], [2, 1, 2], [5, 2, 3], [6, 2, 3], [4, 1, 1], [2, 1, 1], [3, 3, 3], [5, 2, 2], [1, 2, 3], [6, 2, 2], [3, 3, 2], [4, 3, 3], [5, 2, 1], [2, 3, 3], [1, 2, 2], [6, 2, 1], [3, 3, 1], [4, 3, 2], [2, 3, 2], [1, 2, 1], [4, 3, 1], [2, 3, 1], [3, 2, 3], [3, 2, 2], [4, 2, 3], [2, 2, 3], [3, 2, 1], [4, 2, 2], [2, 2, 2], [4, 2, 1], [2, 2, 1]]
8	-4.83468	43.30595	57	37	12	businessI	[[1, 1, 4], [1, 2, 4], [1, 3, 4], [2, 1, 4], [2, 2, 4], [2, 3, 4], [3, 1, 1], [3, 1, 2], [3, 1, 3], [3, 1, 4], [3, 2, 1], [3, 2, 2], [3, 2, 3], [3, 2, 4], [3, 3, 1], [3, 3, 2], [3, 3, 3], [3, 3, 4], [4, 1, 1], [4, 1, 2], [4, 1, 3], [4, 1, 4], [4, 2, 1], [4, 2, 2], [4, 2, 3], [4, 2, 4], [4, 3, 1], [4, 3, 2], [4, 3, 3], [4, 3, 4], [5, 1, 4], [5, 2, 4], [5, 3, 4], [6, 1, 4], [6, 2, 4], [6, 3, 4], [5, 2, 3], 0, [5, 2, 2], [5, 2, 1], [2, 2, 3], [2, 2, 2], [2, 2, 1], [6, 2, 3], [1, 2, 3], [6, 2, 2], [1, 2, 2], [6, 2, 1], [1, 2, 1], [5, 1, 3], [5, 1, 2], [5, 1, 1], [2, 1, 3], [2, 1, 2], [2, 1, 1], [6, 1, 3], [1, 1, 3], [6, 1, 2], [1, 1, 2], [6, 1, 1], [1, 1, 1], [5, 3, 3], [5, 3, 2], [5, 3, 1], [2, 3, 3], [2, 3, 2], [2, 3, 1], [6, 3, 3], [1, 3, 3], [6, 3, 2], [1, 3, 2], [6, 3, 1], [1, 3, 1]]
9	-4.83203	43.29403	57	61	12	familyII	[[1, 1, 4], [1, 2, 4], [1, 3, 4], [2, 1, 4], [2, 2, 4], [2, 3, 4], [3, 1, 4], [3, 2, 4], [3, 3, 4], [4, 1, 4], [4, 2, 4], [4, 3, 4], [5, 1, 4], [5, 2, 4], [5, 3, 4], [6, 1, 4], [6, 2, 4], [6, 3, 4], [6, 1, 3], 0, [5, 1, 3], [6, 3, 3], [5, 3, 3], [6, 1, 2], [5, 1, 2], [6, 3, 2], [5, 3, 2], [6, 1, 1], [1, 1, 3], [5, 1, 1], [6, 3, 1], [1, 3, 3], [5, 3, 1], [1, 1, 2], [1, 3, 2], [1, 1, 1], [1, 3, 1], [3, 1, 3], [3, 3, 3], [3, 1, 2], [2, 1, 3], [3, 3, 2], [2, 3, 3], [4, 1, 3], [3, 1, 1], [2, 1, 2], [4, 3, 3], [3, 3, 1], [2, 3, 2], [4, 1, 2], [2, 1, 1], [4, 3, 2], [2, 3, 1], [4, 1, 1], [4, 3, 1], [6, 2, 3], [5, 2, 3], [6, 2, 2], [5, 2, 2], [6, 2, 1], [1, 2, 3], [5, 2, 1], [1, 2, 2], [1, 2, 1], [3, 2, 3], [3, 2, 2], [2, 2, 3], [4, 2, 3], [3, 2, 1], [2, 2, 2], [4, 2, 2], [2, 2, 1], [4, 2, 1]]
10	-4.83735	43.3087	57	54	12	businessI	[[1, 1, 4], [1, 2, 4], [1, 3, 4], [2, 1, 4], [2, 2, 4], [2, 3, 4], [3, 1, 1], [3, 1, 2], [3, 1, 3], [3, 1, 4], [3, 2, 1], [3, 2, 2], [3, 2, 3], [3, 2, 4], [3, 3, 1], [3, 3, 2], [3, 3, 3], [3, 3, 4], [4, 1, 1], [4, 1, 2], [4, 1, 3], [4, 1, 4], [4, 2, 1], [4, 2, 2], [4, 2, 3], [4, 2, 4], [4, 3, 1], [4, 3, 2], [4, 3, 3], [4, 3, 4], [5, 1, 4], [5, 2, 4], [5, 3, 4], [6, 1, 4], [6, 2, 4], [6, 3, 4], [1, 3, 3], 0, [1, 3, 2], [1, 3, 1], [6, 3, 3], [5, 3, 3], [2, 3, 3], [6, 3, 2], [5, 3, 2], [2, 3, 2], [6, 3, 1], [5, 3, 1], [2, 3, 1], [1, 1, 3], [1, 1, 2], [1, 1, 1], [6, 1, 3], [5, 1, 3], [2, 1, 3], [6, 1, 2], [5, 1, 2], [2, 1, 2], [6, 1, 1], [5, 1, 1], [2, 1, 1], [1, 2, 3], [1, 2, 2], [1, 2, 1], [6, 2, 3], [5, 2, 3], [2, 2, 3], [6, 2, 2], [5, 2, 2], [2, 2, 2], [6, 2, 1], [5, 2, 1], [2, 2, 1]]
11	-4.80857	43.30465	57	35	12	pensionerII	[[1, 1, 3], [1, 1, 4], [1, 2, 3], [1, 2, 4], [1, 3, 3], [1, 3, 4], [2, 1, 3], [2, 1, 4], [2, 2, 3], [2, 2, 4], [2, 3, 3], [2, 3, 4], [3, 1, 3], [3, 1, 4], [3, 2, 3], [3, 2, 4], [3, 3, 3], [3, 3, 4], [4, 1, 3], [4, 1, 4], [4, 2, 3], [4, 2, 4], [4, 3, 3], [4, 3, 4], [5, 1, 3], [5, 1, 4], [5, 2, 3], [5, 2, 4], [5, 3, 3], [5, 3, 4], [6, 1, 3], [6, 1, 4], [6, 2, 3], [6, 2, 4], [6, 3, 3], [6, 3, 4], [6, 3, 2], 0, [2, 3, 2], [6, 3, 1], [2, 3, 1], [5, 3, 2], [5, 3, 1], [6, 1, 2], [2, 1, 2], [6, 1, 1], [2, 1, 1], [5, 1, 2], [5, 1, 1], [4, 3, 2], [4, 3, 1], [4, 1, 2], [1, 3, 2], [4, 1, 1], [1, 3, 1], [3, 3, 2], [3, 3, 1], [1, 1, 2], [1, 1, 1], [6, 2, 2], [3, 1, 2], [2, 2, 2], [6, 2, 1], [3, 1, 1], [2, 2, 1], [5, 2, 2], [5, 2, 1], [4, 2, 2], [4, 2, 1], [1, 2, 2], [1, 2, 1], [3, 2, 2], [3, 2, 1]]
12	-4.80586	43.30359	57	52	12	businessII	[[1, 1, 4], [1, 2, 4], [1, 3, 4], [2, 1, 1], [2, 1, 2], [2, 1, 3], [2, 1, 4], [2, 2, 1], [2, 2, 2], [2, 2, 3], [2, 2, 4], [2, 3, 1], [2, 3, 2], [2, 3, 3], [2, 3, 4], [3, 1, 1], [3, 1, 2], [3, 1, 3], [3, 1, 4], [3, 2, 1], [3, 2, 2], [3, 2, 3], [3, 2, 4], [3, 3, 1], [3, 3, 2], [3, 3, 3], [3, 3, 4], [4, 1, 1], [4, 1, 2], [4, 1, 3], [4, 1, 4], [4, 2, 1], [4, 2, 2], [4, 2, 3], [4, 2, 4], [4, 3, 1], [4, 3, 2], [4, 3, 3], [4, 3, 4], [5, 1, 1], [5, 1, 2], [5, 1, 3], [5, 1, 4], [5, 2, 1], [5, 2, 2], [5, 2, 3], [5, 2, 4], [5, 3, 1], [5, 3, 2], [5, 3, 3], [5, 3, 4], [6, 1, 4], [6, 2, 4], [6, 3, 4], [1, 3, 3], 0, [1, 3, 2], [1, 3, 1], [6, 3, 3], [6, 3, 2], [1, 2, 3], [6, 3, 1], [1, 2, 2], [1, 2, 1], [6, 2, 3], [6, 2, 2], [6, 2, 1], [1, 1, 3], [1, 1, 2], [1, 1, 1], [6, 1, 3], [6, 1, 2], [6, 1, 1]]
13	-4.84613	43.29879	57	50	12	businessII	[[1, 1, 4], [1, 2, 4], [1, 3, 4], [2, 1, 1], [2, 1, 2], [2, 1, 3], [2, 1, 4], [2, 2, 1], [2, 2, 2], [2, 2, 3], [2, 2, 4], [2, 3, 1], [2, 3, 2], [2, 3, 3], [2, 3, 4], [3, 1, 1], [3, 1, 2], [3, 1, 3], [3, 1, 4], [3, 2, 1], [3, 2, 2], [3, 2, 3], [3, 2, 4], [3, 3, 1], [3, 3, 2], [3, 3, 3], [3, 3, 4], [4, 1, 1], [4, 1, 2], [4, 1, 3], [4, 1, 4], [4, 2, 1], [4, 2, 2], [4, 2, 3], [4, 2, 4], [4, 3, 1], [4, 3, 2], [4, 3, 3], [4, 3, 4], [5, 1, 1], [5, 1, 2], [5, 1, 3], [5, 1, 4], [5, 2, 1], [5, 2, 2], [5, 2, 3], [5, 2, 4], [5, 3, 1], [5, 3, 2], [5, 3, 3], [5, 3, 4], [6, 1, 4], [6, 2, 4], [6, 3, 4], [6, 3, 3], 0, [6, 3, 2], [6, 3, 1], [1, 3, 3], [1, 3, 2], [1, 3, 1], [6, 1, 3], [6, 1, 2], [6, 1, 1], [1, 1, 3], [1, 1, 2], [1, 1, 1], [6, 2, 3], [6, 2, 2], [6, 2, 1], [1, 2, 3], [1, 2, 2], [1, 2, 1]]
14	-4.8644	43.32611	51	73	12	familyI	[[1, 1, 2], [1, 1, 3], [1, 1, 4], [1, 2, 2], [1, 2, 3], [1, 2, 4], [1, 3, 2], [1, 3, 3], [1, 3, 4], [2, 1, 2], [2, 1, 3], [2, 1, 4], [2, 2, 2], [2, 2, 3], [2, 2, 4], [2, 3, 2], [2, 3, 3], [2, 3, 4], [3, 1, 2], [3, 1, 3], [3, 1, 4], [3, 2, 2], [3, 2, 3], [3, 2, 4], [3, 3, 2], [3, 3, 3], [3, 3, 4], [4, 1, 2], [4, 1, 3], [4, 1, 4], [4, 2, 2], [4, 2, 3], [4, 2, 4], [4, 3, 2], [4, 3, 3], [4, 3, 4], [5, 1, 2], [5, 1, 3], [5, 1, 4], [5, 2, 2], [5, 2, 3], [5, 2, 4], [5, 3, 2], [5, 3, 3], [5, 3, 4], [6, 1, 2], [6, 1, 3], [6, 1, 4], [6, 2, 2], [6, 2, 3], [6, 2, 4], [6, 3, 2], [6, 3, 3], [6, 3, 4], [3, 3, 1], 0, [5, 3, 1], [1, 3, 1], [6, 3, 1], [3, 1, 1], [3, 2, 1], [5, 1, 1], [1, 1, 1], [5, 2, 1], [1, 2, 1], [6, 1, 1], [6, 2, 1], [2, 3, 1], [4, 3, 1], [2, 1, 1], [2, 2, 1], [4, 1, 1], [4, 2, 1]]
15	-4.89181	43.33511	51	39	12	businessI	[[1, 1, 4], [1, 2, 4], [1, 3, 4], [2, 1, 4], [2, 2, 4], [2, 3, 4], [3, 1, 1], [3, 1, 2], [3, 1, 3], [3, 1, 4], [3, 2, 1], [3, 2, 2], [3, 2, 3], [3, 2, 4], [3, 3, 1], [3, 3, 2], [3, 3, 3], [3, 3, 4], [4, 1, 1], [4, 1, 2], [4, 1, 3], [4, 1, 4], [4, 2, 1], [4, 2, 2], [4, 2, 3], [4, 2, 4], [4, 3, 1], [4, 3, 2], [4, 3, 3], [4, 3, 4], [5, 1, 4], [5, 2, 4], [5, 3, 4], [6, 1, 4], [6, 2, 4], [6, 3, 4], [2, 3, 3], 0, [1, 3, 3], [2, 3, 2], [1, 3, 2], [6, 3, 3], [2, 3, 1], [1, 3, 1], [6, 3, 2], [6, 3, 1], [2, 2, 3], [1, 2, 3], [2, 2, 2], [1, 2, 2], [6, 2, 3], [2, 2, 1], [1, 2, 1], [6, 2, 2], [5, 3, 3], [6, 2, 1], [5, 3, 2], [5, 3, 1], [5, 2, 3], [5, 2, 2], [5, 2, 1], [2, 1, 3], [1, 1, 3], [2, 1, 2], [1, 1, 2], [6, 1, 3], [2, 1, 1], [1, 1, 1], [6, 1, 2], [6, 1, 1], [5, 1, 3], [5, 1, 2], [5, 1, 1]]
16	-4.86988	43.33349	51	68	12	familyI	[[1, 1, 2], [1, 1, 3], [1, 1, 4], [1, 2, 2], [1, 2, 3], [1, 2, 4], [1, 3, 2], [1, 3, 3], [1, 3, 4], [2, 1, 2], [2, 1, 3], [2, 1, 4], [2, 2, 2], [2, 2, 3], [2, 2, 4], [2, 3, 2], [2, 3, 3], [2, 3, 4], [3, 1, 2], [3, 1, 3], [3, 1, 4], [3, 2, 2], [3, 2, 3], [3, 2, 4], [3, 3, 2], [3, 3, 3], [3, 3, 4], [4, 1, 2], [4, 1, 3], [4, 1, 4], [4, 2, 2], [4, 2, 3], [4, 2, 4], [4, 3, 2], [4, 3, 3], [4, 3, 4], [5, 1, 2], [5, 1, 3], [5, 1, 4], [5, 2, 2], [5, 2, 3], [5, 2, 4], [5, 3, 2], [5, 3, 3], [5, 3, 4], [6, 1, 2], [6, 1, 3], [6, 1, 4], [6, 2, 2], [6, 2, 3], [6, 2, 4], [6, 3, 2], [6, 3, 3], [6, 3, 4], [1, 1, 1], 0, [3, 1, 1], [5, 1, 1], [6, 1, 1], [1, 2, 1], [3, 2, 1], [5, 2, 1], [6, 2, 1], [1, 3, 1], [3, 3, 1], [5, 3, 1], [6, 3, 1], [4, 1, 1], [4, 2, 1], [2, 1, 1], [2, 2, 1], [4, 3, 1], [2, 3, 1]]
17	-4.87098	43.33853	51	45	12	familyI	[[1, 1, 2], [1, 1, 3], [1, 1, 4], [1, 2, 2], [1, 2, 3], [1, 2, 4], [1, 3, 2], [1, 3, 3], [1, 3, 4], [2, 1, 2], [2, 1, 3], [2, 1, 4], [2, 2, 2], [2, 2, 3], [2, 2, 4], [2, 3, 2], [2, 3, 3], [2, 3, 4], [3, 1, 2], [3, 1, 3], [3, 1, 4], [3, 2, 2], [3, 2, 3], [3, 2, 4], [3, 3, 2], [3, 3, 3], [3, 3, 4], [4, 1, 2], [4, 1, 3], [4, 1, 4], [4, 2, 2], [4, 2, 3], [4, 2, 4], [4, 3, 2], [4, 3, 3], [4, 3, 4], [5, 1, 2], [5, 1, 3], [5, 1, 4], [5, 2, 2], [5, 2, 3], [5, 2, 4], [5, 3, 2], [5, 3, 3], [5, 3, 4], [6, 1, 2], [6, 1, 3], [6, 1, 4], [6, 2, 2], [6, 2, 3], [6, 2, 4], [6, 3, 2], [6, 3, 3], [6, 3, 4], [5, 3, 1], 0, [3, 3, 1], [6, 3, 1], [1, 3, 1], [5, 1, 1], [3, 1, 1], [6, 1, 1], [5, 2, 1], [3, 2, 1], [1, 1, 1], [6, 2, 1], [1, 2, 1], [2, 3, 1], [2, 1, 1], [4, 3, 1], [2, 2, 1], [4, 1, 1], [4, 2, 1]]
18	-4.80124	43.30841	57	40	12	pensionerII	[[1, 1, 3], [1, 1, 4], [1, 2, 3], [1, 2, 4], [1, 3, 3], [1, 3, 4], [2, 1, 3], [2, 1, 4], [2, 2, 3], [2, 2, 4], [2, 3, 3], [2, 3, 4], [3, 1, 3], [3, 1, 4], [3, 2, 3], [3, 2, 4], [3, 3, 3], [3, 3, 4], [4, 1, 3], [4, 1, 4], [4, 2, 3], [4, 2, 4], [4, 3, 3], [4, 3, 4], [5, 1, 3], [5, 1, 4], [5, 2, 3], [5, 2, 4], [5, 3, 3], [5, 3, 4], [6, 1, 3], [6, 1, 4], [6, 2, 3], [6, 2, 4], [6, 3, 3], [6, 3, 4], [6, 1, 2], 0, [2, 1, 2], [6, 1, 1], [2, 1, 1], [6, 2, 2], [2, 2, 2], [6, 2, 1], [2, 2, 1], [5, 1, 2], [5, 1, 1], [5, 2, 2], [5, 2, 1], [3, 1, 2], [3, 1, 1], [3, 2, 2], [3, 2, 1], [4, 1, 2], [4, 1, 1], [1, 1, 2], [1, 1, 1], [4, 2, 2], [4, 2, 1], [1, 2, 2], [1, 2, 1], [6, 3, 2], [2, 3, 2], [6, 3, 1], [2, 3, 1], [5, 3, 2], [5, 3, 1], [3, 3, 2], [3, 3, 1], [4, 3, 2], [4, 3, 1], [1, 3, 2], [1, 3, 1]]
19	-4.84311	43.2952	57	50	12	familyI	[[1, 1, 2], [1, 1, 3], [1, 1, 4], [1, 2, 2], [1, 2, 3], [1, 2, 4], [1, 3, 2], [1, 3, 3], [1, 3, 4], [2, 1, 2], [2, 1, 3], [2, 1, 4], [2, 2, 2], [2, 2, 3], [2, 2, 4], [2, 3, 2], [2, 3, 3], [2, 3, 4], [3, 1, 2], [3, 1, 3], [3, 1, 4], [3, 2, 2], [3, 2, 3], [3, 2, 4], [3, 3, 2], [3, 3, 3], [3, 3, 4], [4, 1, 2], [4, 1, 3], [4, 1, 4], [4, 2, 2], [4, 2, 3], [4, 2, 4], [4, 3, 2], [4, 3, 3], [4, 3, 4], [5, 1, 2], [5, 1, 3], [5, 1, 4], [5, 2, 2], [5, 2, 3], [5, 2, 4], [5, 3, 2], [5, 3, 3], [5, 3, 4], [6, 1, 2], [6, 1, 3], [6, 1, 4], [6, 2, 2], [6, 2, 3], [6, 2, 4], [6, 3, 2], [6, 3, 3], [6, 3, 4], [1, 2, 1], 0, [3, 2, 1], [5, 2, 1], [1, 1, 1], [3, 1, 1], [5, 1, 1], [1, 3, 1], [3, 3, 1], [5, 3, 1], [6, 2, 1], [6, 1, 1], [6, 3, 1], [2, 2, 1], [4, 2, 1], [2, 1, 1], [2, 3, 1], [4, 1, 1], [4, 3, 1]]
20	-4.84661	43.30082	57	68	12	familyII	[[1, 1, 4], [1, 2, 4], [1, 3, 4], [2, 1, 4], [2, 2, 4], [2, 3, 4], [3, 1, 4], [3, 2, 4], [3, 3, 4], [4, 1, 4], [4, 2, 4], [4, 3, 4], [5, 1, 4], [5, 2, 4], [5, 3, 4], [6, 1, 4], [6, 2, 4], [6, 3, 4], [5, 1, 3], 0, [6, 1, 3], [5, 3, 3], [5, 1, 2], [6, 3, 3], [6, 1, 2], [5, 3, 2], [5, 1, 1], [6, 3, 2], [6, 1, 1], [5, 3, 1], [1, 1, 3], [6, 3, 1], [1, 3, 3], [1, 1, 2], [1, 3, 2], [1, 1, 1], [1, 3, 1], [2, 1, 3], [4, 1, 3], [3, 1, 3], [2, 3, 3], [2, 1, 2], [4, 3, 3], [4, 1, 2], [3, 3, 3], [3, 1, 2], [2, 3, 2], [2, 1, 1], [4, 3, 2], [4, 1, 1], [3, 3, 2], [3, 1, 1], [2, 3, 1], [5, 2, 3], [4, 3, 1], [3, 3, 1], [6, 2, 3], [5, 2, 2], [6, 2, 2], [5, 2, 1], [6, 2, 1], [1, 2, 3], [1, 2, 2], [1, 2, 1], [2, 2, 3], [4, 2, 3], [3, 2, 3], [2, 2, 2], [4, 2, 2], [3, 2, 2], [2, 2, 1], [4, 2, 1], [3, 2, 1]]
21	-4.83046	43.31143	57	26	12	pensionerI	[[1, 1, 2], [1, 1, 3], [1, 1, 4], [1, 2, 2], [1, 2, 3], [1, 2, 4], [1, 3, 2], [1, 3, 3], [1, 3, 4], [2, 1, 2], [2, 1, 3], [2, 1, 4], [2, 2, 2], [2, 2, 3], [2, 2, 4], [2, 3, 2], [2, 3, 3], [2, 3, 4], [3, 1, 2], [3, 1, 3], [3, 1, 4], [3, 2, 2], [3, 2, 3], [3, 2, 4], [3, 3, 2], [3, 3, 3], [3, 3, 4], [4, 1, 2], [4, 1, 3], [4, 1, 4], [4, 2, 2], [4, 2, 3], [4, 2, 4], [4, 3, 2], [4, 3, 3], [4, 3, 4], [5, 1, 2], [5, 1, 3], [5, 1, 4], [5, 2, 2], [5, 2, 3], [5, 2, 4], [5, 3, 2], [5, 3, 3], [5, 3, 4], [6, 1, 2], [6, 1, 3], [6, 1, 4], [6, 2, 2], [6, 2, 3], [6, 2, 4], [6, 3, 2], [6, 3, 3], [6, 3, 4], [2, 3, 1], 0, [6, 3, 1], [3, 3, 1], [2, 2, 1], [6, 2, 1], [3, 2, 1], [1, 3, 1], [1, 2, 1], [4, 3, 1], [4, 2, 1], [2, 1, 1], [6, 1, 1], [3, 1, 1], [1, 1, 1], [4, 1, 1], [5, 3, 1], [5, 2, 1], [5, 1, 1]]
22	-4.83305	43.30627	57	46	12	businessII	[[1, 1, 4], [1, 2, 4], [1, 3, 4], [2, 1, 1], [2, 1, 2], [2, 1, 3], [2, 1, 4], [2, 2, 1], [2, 2, 2], [2, 2, 3], [2, 2, 4], [2, 3, 1], [2, 3, 2], [2, 3, 3], [2, 3, 4], [3, 1, 1], [3, 1, 2], [3, 1, 3], [3, 1, 4], [3, 2, 1], [3, 2, 2], [3, 2, 3], [3, 2, 4], [3, 3, 1], [3, 3, 2], [3, 3, 3], [3, 3, 4], [4, 1, 1], [4, 1, 2], [4, 1, 3], [4, 1, 4], [4, 2, 1], [4, 2, 2], [4, 2, 3], [4, 2, 4], [4, 3, 1], [4, 3, 2], [4, 3, 3], [4, 3, 4], [5, 1, 1], [5, 1, 2], [5, 1, 3], [5, 1, 4], [5, 2, 1], [5, 2, 2], [5, 2, 3], [5, 2, 4], [5, 3, 1], [5, 3, 2], [5, 3, 3], [5, 3, 4], [6, 1, 4], [6, 2, 4], [6, 3, 4], [1, 3, 3], 0, [1, 3, 2], [1, 3, 1], [6, 3, 3], [6, 3, 2], [6, 3, 1], [1, 1, 3], [1, 1, 2], [1, 1, 1], [6, 1, 3], [6, 1, 2], [6, 1, 1], [1, 2, 3], [1, 2, 2], [1, 2, 1], [6, 2, 3], [6, 2, 2], [6, 2, 1]]
23	-4.81317	43.32114	57	45	12	familyII	[[1, 1, 4], [1, 2, 4], [1, 3, 4], [2, 1, 4], [2, 2, 4], [2, 3, 4], [3, 1, 4], [3, 2, 4], [3, 3, 4], [4, 1, 4], [4, 2, 4], [4, 3, 4], [5, 1, 4], [5, 2, 4], [5, 3, 4], [6, 1, 4], [6, 2, 4], [6, 3, 4], [1, 1, 3], 0, [5, 1, 3], [6, 1, 3], [1, 1, 2], [1, 3, 3], [5, 1, 2], [5, 3, 3], [6, 1, 2], [6, 3, 3], [1, 2, 3], [1, 1, 1], [1, 3, 2], [5, 2, 3], [5, 1, 1], [5, 3, 2], [6, 2, 3], [6, 1, 1], [6, 3, 2], [1, 2, 2], [1, 3, 1], [5, 2, 2], [5, 3, 1], [6, 2, 2], [6, 3, 1], [1, 2, 1], [5, 2, 1], [6, 2, 1], [3, 1, 3], [3, 1, 2], [3, 3, 3], [2, 1, 3], [4, 1, 3], [3, 2, 3], [3, 1, 1], [3, 3, 2], [2, 1, 2], [2, 3, 3], [4, 1, 2], [4, 3, 3], [3, 2, 2], [3, 3, 1], [2, 2, 3], [2, 1, 1], [2, 3, 2], [4, 2, 3], [4, 1, 1], [4, 3, 2], [3, 2, 1], [2, 2, 2], [2, 3, 1], [4, 2, 2], [4, 3, 1], [2, 2, 1], [4, 2, 1]]
24	-4.81444	43.31547	57	20	12	pensionerI	[[1, 1, 2], [1, 1, 3], [1, 1, 4], [1, 2, 2], [1, 2, 3], [1, 2, 4], [1, 3, 2], [1, 3, 3], [1, 3, 4], [2, 1, 2], [2, 1, 3], [2, 1, 4], [2, 2, 2], [2, 2, 3], [2, 2, 4], [2, 3, 2], [2, 3, 3], [2, 3, 4], [3, 1, 2], [3, 1, 3], [3, 1, 4], [3, 2, 2], [3, 2, 3], [3, 2, 4], [3, 3, 2], [3, 3, 3], [3, 3, 4], [4, 1, 2], [4, 1, 3], [4, 1, 4], [4, 2, 2], [4, 2, 3], [4, 2, 4], [4, 3, 2], [4, 3, 3], [4, 3, 4], [5, 1, 2], [5, 1, 3], [5, 1, 4], [5, 2, 2], [5, 2, 3], [5, 2, 4], [5, 3, 2], [5, 3, 3], [5, 3, 4], [6, 1, 2], [6, 1, 3], [6, 1, 4], [6, 2, 2], [6, 2, 3], [6, 2, 4], [6, 3, 2], [6, 3, 3], [6, 3, 4], [3, 3, 1], 0, [2, 3, 1], [1, 3, 1], [3, 1, 1], [2, 1, 1], [1, 1, 1], [4, 3, 1], [6, 3, 1], [3, 2, 1], [4, 1, 1], [2, 2, 1], [5, 3, 1], [6, 1, 1], [1, 2, 1], [5, 1, 1], [4, 2, 1], [6, 2, 1], [5, 2, 1]]
25	-4.81833	43.31217	57	49	12	businessII	[[1, 1, 4], [1, 2, 4], [1, 3, 4], [2, 1, 1], [2, 1, 2], [2, 1, 3], [2, 1, 4], [2, 2, 1], [2, 2, 2], [2, 2, 3], [2, 2, 4], [2, 3, 1], [2, 3, 2], [2, 3, 3], [2, 3, 4], [3, 1, 1], [3, 1, 2], [3, 1, 3], [3, 1, 4], [3, 2, 1], [3, 2, 2], [3, 2, 3], [3, 2, 4], [3, 3, 1], [3, 3, 2], [3, 3, 3], [3, 3, 4], [4, 1, 1], [4, 1, 2], [4, 1, 3], [4, 1, 4], [4, 2, 1], [4, 2, 2], [4, 2, 3], [4, 2, 4], [4, 3, 1], [4, 3, 2], [4, 3, 3], [4, 3, 4], [5, 1, 1], [5, 1, 2], [5, 1, 3], [5, 1, 4], [5, 2, 1], [5, 2, 2], [5, 2, 3], [5, 2, 4], [5, 3, 1], [5, 3, 2], [5, 3, 3], [5, 3, 4], [6, 1, 4], [6, 2, 4], [6, 3, 4], [1, 2, 3], 0, [1, 2, 2], [6, 2, 3], [1, 2, 1], [6, 2, 2], [6, 2, 1], [1, 1, 3], [1, 1, 2], [6, 1, 3], [1, 1, 1], [6, 1, 2], [6, 1, 1], [1, 3, 3], [1, 3, 2], [6, 3, 3], [1, 3, 1], [6, 3, 2], [6, 3, 1]]
26	-4.8631	43.32289	51	55	12	businessII	[[1, 1, 4], [1, 2, 4], [1, 3, 4], [2, 1, 1], [2, 1, 2], [2, 1, 3], [2, 1, 4], [2, 2, 1], [2, 2, 2], [2, 2, 3], [2, 2, 4], [2, 3, 1], [2, 3, 2], [2, 3, 3], [2, 3, 4], [3, 1, 1], [3, 1, 2], [3, 1, 3], [3, 1, 4], [3, 2, 1], [3, 2, 2], [3, 2, 3], [3, 2, 4], [3, 3, 1], [3, 3, 2], [3, 3, 3], [3, 3, 4], [4, 1, 1], [4, 1, 2], [4, 1, 3], [4, 1, 4], [4, 2, 1], [4, 2, 2], [4, 2, 3], [4, 2, 4], [4, 3, 1], [4, 3, 2], [4, 3, 3], [4, 3, 4], [5, 1, 1], [5, 1, 2], [5, 1, 3], [5, 1, 4], [5, 2, 1], [5, 2, 2], [5, 2, 3], [5, 2, 4], [5, 3, 1], [5, 3, 2], [5, 3, 3], [5, 3, 4], [6, 1, 4], [6, 2, 4], [6, 3, 4], [1, 1, 3], 0, [1, 1, 2], [1, 1, 1], [6, 1, 3], [6, 1, 2], [6, 1, 1], [1, 2, 3], [1, 2, 2], [1, 2, 1], [6, 2, 3], [6, 2, 2], [6, 2, 1], [1, 3, 3], [1, 3, 2], [1, 3, 1], [6, 3, 3], [6, 3, 2], [6, 3, 1]]
27	-4.86255	43.32829	51	21	12	pensionerI	[[1, 1, 2], [1, 1, 3], [1, 1, 4], [1, 2, 2], [1, 2, 3], [1, 2, 4], [1, 3, 2], [1, 3, 3], [1, 3, 4], [2, 1, 2], [2, 1, 3], [2, 1, 4], [2, 2, 2], [2, 2, 3], [2, 2, 4], [2, 3, 2], [2, 3, 3], [2, 3, 4], [3, 1, 2], [3, 1, 3], [3, 1, 4], [3, 2, 2], [3, 2, 3], [3, 2, 4], [3, 3, 2], [3, 3, 3], [3, 3, 4], [4, 1, 2], [4, 1, 3], [4, 1, 4], [4, 2, 2], [4, 2, 3], [4, 2, 4], [4, 3, 2], [4, 3, 3], [4, 3, 4], [5, 1, 2], [5, 1, 3], [5, 1, 4], [5, 2, 2], [5, 2, 3], [5, 2, 4], [5, 3, 2], [5, 3, 3], [5, 3, 4], [6, 1, 2], [6, 1, 3], [6, 1, 4], [6, 2, 2], [6, 2, 3], [6, 2, 4], [6, 3, 2], [6, 3, 3], [6, 3, 4], [3, 2, 1], 0, [5, 2, 1], [3, 1, 1], [5, 1, 1], [6, 2, 1], [4, 2, 1], [6, 1, 1], [4, 1, 1], [2, 2, 1], [1, 2, 1], [2, 1, 1], [3, 3, 1], [5, 3, 1], [1, 1, 1], [6, 3, 1], [4, 3, 1], [2, 3, 1], [1, 3, 1]]
28	-4.83033	43.29566	57	28	12	pensionerII	[[1, 1, 3], [1, 1, 4], [1, 2, 3], [1, 2, 4], [1, 3, 3], [1, 3, 4], [2, 1, 3], [2, 1, 4], [2, 2, 3], [2, 2, 4], [2, 3, 3], [2, 3, 4], [3, 1, 3], [3, 1, 4], [3, 2, 3], [3, 2, 4], [3, 3, 3], [3, 3, 4], [4, 1, 3], [4, 1, 4], [4, 2, 3], [4, 2, 4], [4, 3, 3], [4, 3, 4], [5, 1, 3], [5, 1, 4], [5, 2, 3], [5, 2, 4], [5, 3, 3], [5, 3, 4], [6, 1, 3], [6, 1, 4], [6, 2, 3], [6, 2, 4], [6, 3, 3], [6, 3, 4], [2, 1, 2], 0, [2, 1, 1], [5, 1, 2], [5, 1, 1], [6, 1, 2], [6, 1, 1], [2, 2, 2], [2, 2, 1], [5, 2, 2], [5, 2, 1], [6, 2, 2], [6, 2, 1], [2, 3, 2], [2, 3, 1], [1, 1, 2], [1, 1, 1], [3, 1, 2], [3, 1, 1], [5, 3, 2], [5, 3, 1], [6, 3, 2], [6, 3, 1], [4, 1, 2], [4, 1, 1], [1, 2, 2], [1, 2, 1], [3, 2, 2], [3, 2, 1], [4, 2, 2], [4, 2, 1], [1, 3, 2], [1, 3, 1], [3, 3, 2], [3, 3, 1], [4, 3, 2], [4, 3, 1]]
29	-4.82761	43.2971	57	77	12	familyII	[[1, 1, 4], [1, 2, 4], [1, 3, 4], [2, 1, 4], [2, 2, 4], [2, 3, 4], [3, 1, 4], [3, 2, 4], [3, 3, 4], [4, 1, 4], [4, 2, 4], [4, 3, 4], [5, 1, 4], [5, 2, 4], [5, 3, 4], [6, 1, 4], [6, 2, 4], [6, 3, 4], [6, 3, 3], 0, [6, 2, 3], [1, 3, 3], [1, 2, 3], [6, 3, 2], [5, 3, 3], [6, 2, 2], [5, 2, 3], [1, 3, 2], [1, 2, 2], [6, 3, 1], [5, 3, 2], [6, 2, 1], [5, 2, 2], [1, 3, 1], [1, 2, 1], [5, 3, 1], [5, 2, 1], [2, 3, 3], [2, 2, 3], [2, 3, 2], [2, 2, 2], [3, 3, 3], [3, 2, 3], [4, 3, 3], [2, 3, 1], [4, 2, 3], [2, 2, 1], [3, 3, 2], [3, 2, 2], [6, 1, 3], [4, 3, 2], [1, 1, 3], [4, 2, 2], [3, 3, 1], [3, 2, 1], [6, 1, 2], [5, 1, 3], [4, 3, 1], [1, 1, 2], [4, 2, 1], [6, 1, 1], [5, 1, 2], [1, 1, 1], [5, 1, 1], [2, 1, 3], [2, 1, 2], [3, 1, 3], [4, 1, 3], [2, 1, 1], [3, 1, 2], [4, 1, 2], [3, 1, 1], [4, 1, 1]]
30	-4.82242	43.28966	57	46	12	familyII	[[1, 1, 4], [1, 2, 4], [1, 3, 4], [2, 1, 4], [2, 2, 4], [2, 3, 4], [3, 1, 4], [3, 2, 4], [3, 3, 4], [4, 1, 4], [4, 2, 4], [4, 3, 4], [5, 1, 4], [5, 2, 4], [5, 3, 4], [6, 1, 4], [6, 2, 4], [6, 3, 4], [6, 1, 3], 0, [5, 1, 3], [6, 2, 3], [5, 2, 3], [6, 1, 2], [5, 1, 2], [6, 2, 2], [5, 2, 2], [6, 1, 1], [5, 1, 1], [6, 2, 1], [5, 2, 1], [1, 1, 3], [1, 2, 3], [1, 1, 2], [1, 2, 2], [1, 1, 1], [1, 2, 1], [6, 3, 3], [5, 3, 3], [6, 3, 2], [5, 3, 2], [3, 1, 3], [2, 1, 3], [6, 3, 1], [3, 2, 3], [5, 3, 1], [3, 1, 2], [2, 2, 3], [4, 1, 3], [2, 1, 2], [1, 3, 3], [3, 2, 2], [3, 1, 1], [4, 2, 3], [2, 2, 2], [4, 1, 2], [2, 1, 1], [1, 3, 2], [3, 2, 1], [4, 2, 2], [2, 2, 1], [4, 1, 1], [1, 3, 1], [4, 2, 1], [3, 3, 3], [2, 3, 3], [3, 3, 2], [4, 3, 3], [2, 3, 2], [3, 3, 1], [4, 3, 2], [2, 3, 1], [4, 3, 1]]
31	-4.81413	43.31192	57	40	12	businessII	[[1, 1, 4], [1, 2, 4], [1, 3, 4], [2, 1, 1], [2, 1, 2], [2, 1, 3], [2, 1, 4], [2, 2, 1], [2, 2, 2], [2, 2, 3], [2, 2, 4], [2, 3, 1], [2, 3, 2], [2, 3, 3], [2, 3, 4], [3, 1, 1], [3, 1, 2], [3, 1, 3], [3, 1, 4], [3, 2, 1], [3, 2, 2], [3, 2, 3], [3, 2, 4], [3, 3, 1], [3, 3, 2], [3, 3, 3], [3, 3, 4], [4, 1, 1], [4, 1, 2], [4, 1, 3], [4, 1, 4], [4, 2, 1], [4, 2, 2], [4, 2, 3], [4, 2, 4], [4, 3, 1], [4, 3, 2], [4, 3, 3], [4, 3, 4], [5, 1, 1], [5, 1, 2], [5, 1, 3], [5, 1, 4], [5, 2, 1], [5, 2, 2], [5, 2, 3], [5, 2, 4], [5, 3, 1], [5, 3, 2], [5, 3, 3], [5, 3, 4], [6, 1, 4], [6, 2, 4], [6, 3, 4], [6, 1, 3], 0, [6, 1, 2], [6, 1, 1], [6, 3, 3], [6, 3, 2], [6, 3, 1], [1, 1, 3], [1, 1, 2], [1, 1, 1], [1, 3, 3], [1, 3, 2], [1, 3, 1], [6, 2, 3], [6, 2, 2], [6, 2, 1], [1, 2, 3], [1, 2, 2], [1, 2, 1]]
32	-4.76856	43.3622	52	52	12	businessI	[[1, 1, 4], [1, 2, 4], [1, 3, 4], [2, 1, 4], [2, 2, 4], [2, 3, 4], [3, 1, 1], [3, 1, 2], [3, 1, 3], [3, 1, 4], [3, 2, 1], [3, 2, 2], [3, 2, 3], [3, 2, 4], [3, 3, 1], [3, 3, 2], [3, 3, 3], [3, 3, 4], [4, 1, 1], [4, 1, 2], [4, 1, 3], [4, 1, 4], [4, 2, 1], [4, 2, 2], [4, 2, 3], [4, 2, 4], [4, 3, 1], [4, 3, 2], [4, 3, 3], [4, 3, 4], [5, 1, 4], [5, 2, 4], [5, 3, 4], [6, 1, 4], [6, 2, 4], [6, 3, 4], [5, 1, 3], 0, [5, 1, 2], [5, 1, 1], [1, 1, 3], [1, 1, 2], [6, 1, 3], [1, 1, 1], [6, 1, 2], [6, 1, 1], [2, 1, 3], [2, 1, 2], [2, 1, 1], [5, 2, 3], [5, 2, 2], [5, 2, 1], [1, 2, 3], [5, 3, 3], [1, 2, 2], [5, 3, 2], [6, 2, 3], [1, 2, 1], [5, 3, 1], [6, 2, 2], [1, 3, 3], [6, 2, 1], [1, 3, 2], [6, 3, 3], [2, 2, 3], [1, 3, 1], [6, 3, 2], [2, 2, 2], [6, 3, 1], [2, 2, 1], [2, 3, 3], [2, 3, 2], [2, 3, 1]]
33	-4.76366	43.36654	52	63	12	familyI	[[1, 1, 2], [1, 1, 3], [1, 1, 4], [1, 2, 2], [1, 2, 3], [1, 2, 4], [1, 3, 2], [1, 3, 3], [1, 3, 4], [2, 1, 2], [2, 1, 3], [2, 1, 4], [2, 2, 2], [2, 2, 3], [2, 2, 4], [2, 3, 2], [2, 3, 3], [2, 3, 4], [3, 1, 2], [3, 1, 3], [3, 1, 4], [3, 2, 2], [3, 2, 3], [3, 2, 4], [3, 3, 2], [3, 3, 3], [3, 3, 4], [4, 1, 2], [4, 1, 3], [4, 1, 4], [4, 2, 2], [4, 2, 3], [4, 2, 4], [4, 3, 2], [4, 3, 3], [4, 3, 4], [5, 1, 2], [5, 1, 3], [5, 1, 4], [5, 2, 2], [5, 2, 3], [5, 2, 4], [5, 3, 2], [5, 3, 3], [5, 3, 4], [6, 1, 2], [6, 1, 3], [6, 1, 4], [6, 2, 2], [6, 2, 3], [6, 2, 4], [6, 3, 2], [6, 3, 3], [6, 3, 4], [1, 1, 1], 0, [3, 1, 1], [5, 1, 1], [6, 1, 1], [1, 3, 1], [3, 3, 1], [1, 2, 1], [3, 2, 1], [5, 3, 1], [6, 3, 1], [5, 2, 1], [6, 2, 1], [2, 1, 1], [4, 1, 1], [2, 3, 1], [2, 2, 1], [4, 3, 1], [4, 2, 1]]
34	-4.77134	43.36647	52	43	12	businessII	[[1, 1, 4], [1, 2, 4], [1, 3, 4], [2, 1, 1], [2, 1, 2], [2, 1, 3], [2, 1, 4], [2, 2, 1], [2, 2, 2], [2, 2, 3], [2, 2, 4], [2, 3, 1], [2, 3, 2], [2, 3, 3], [2, 3, 4], [3, 1, 1], [3, 1, 2], [3, 1, 3], [3, 1, 4], [3, 2, 1], [3, 2, 2], [3, 2, 3], [3, 2, 4], [3, 3, 1], [3, 3, 2], [3, 3, 3], [3, 3, 4], [4, 1, 1], [4, 1, 2], [4, 1, 3], [4, 1, 4], [4, 2, 1], [4, 2, 2], [4, 2, 3], [4, 2, 4], [4, 3, 1], [4, 3, 2], [4, 3, 3], [4, 3, 4], [5, 1, 1], [5, 1, 2], [5, 1, 3], [5, 1, 4], [5, 2, 1], [5, 2, 2], [5, 2, 3], [5, 2, 4], [5, 3, 1], [5, 3, 2], [5, 3, 3], [5, 3, 4], [6, 1, 4], [6, 2, 4], [6, 3, 4], [6, 1, 3], 0, [6, 1, 2], [6, 1, 1], [6, 3, 3], [6, 3, 2], [6, 3, 1], [1, 1, 3], [1, 1, 2], [1, 1, 1], [1, 3, 3], [1, 3, 2], [1, 3, 1], [6, 2, 3], [6, 2, 2], [6, 2, 1], [1, 2, 3], [1, 2, 2], [1, 2, 1]]
35	-4.77228	43.3667	52	45	12	businessI	[[1, 1, 4], [1, 2, 4], [1, 3, 4], [2, 1, 4], [2, 2, 4], [2, 3, 4], [3, 1, 1], [3, 1, 2], [3, 1, 3], [3, 1, 4], [3, 2, 1], [3, 2, 2], [3, 2, 3], [3, 2, 4], [3, 3, 1], [3, 3, 2], [3, 3, 3], [3, 3, 4], [4, 1, 1], [4, 1, 2], [4, 1, 3], [4, 1, 4], [4, 2, 1], [4, 2, 2], [4, 2, 3], [4, 2, 4], [4, 3, 1], [4, 3, 2], [4, 3, 3], [4, 3, 4], [5, 1, 4], [5, 2, 4], [5, 3, 4], [6, 1, 4], [6, 2, 4], [6, 3, 4], [1, 1, 3], 0, [1, 1, 2], [1, 1, 1], [2, 1, 3], [2, 1, 2], [6, 1, 3], [2, 1, 1], [6, 1, 2], [1, 2, 3], [6, 1, 1], [1, 2, 2], [1, 2, 1], [5, 1, 3], [5, 1, 2], [5, 1, 1], [2, 2, 3], [2, 2, 2], [6, 2, 3], [2, 2, 1], [6, 2, 2], [6, 2, 1], [5, 2, 3], [5, 2, 2], [5, 2, 1], [1, 3, 3], [1, 3, 2], [1, 3, 1], [2, 3, 3], [2, 3, 2], [6, 3, 3], [2, 3, 1], [6, 3, 2], [6, 3, 1], [5, 3, 3], [5, 3, 2], [5, 3, 1]]
36	-4.76948	43.36589	52	36	12	pensionerI	[[1, 1, 2], [1, 1, 3], [1, 1, 4], [1, 2, 2], [1, 2, 3], [1, 2, 4], [1, 3, 2], [1, 3, 3], [1, 3, 4], [2, 1, 2], [2, 1, 3], [2, 1, 4], [2, 2, 2], [2, 2, 3], [2, 2, 4], [2, 3, 2], [2, 3, 3], [2, 3, 4], [3, 1, 2], [3, 1, 3], [3, 1, 4], [3, 2, 2], [3, 2, 3], [3, 2, 4], [3, 3, 2], [3, 3, 3], [3, 3, 4], [4, 1, 2], [4, 1, 3], [4, 1, 4], [4, 2, 2], [4, 2, 3], [4, 2, 4], [4, 3, 2], [4, 3, 3], [4, 3, 4], [5, 1, 2], [5, 1, 3], [5, 1, 4], [5, 2, 2], [5, 2, 3], [5, 2, 4], [5, 3, 2], [5, 3, 3], [5, 3, 4], [6, 1, 2], [6, 1, 3], [6, 1, 4], [6, 2, 2], [6, 2, 3], [6, 2, 4], [6, 3, 2], [6, 3, 3], [6, 3, 4], [3, 2, 1], 0, [2, 2, 1], [3, 1, 1], [2, 1, 1], [5, 2, 1], [4, 2, 1], [5, 1, 1], [4, 1, 1], [1, 2, 1], [3, 3, 1], [1, 1, 1], [2, 3, 1], [6, 2, 1], [5, 3, 1], [6, 1, 1], [4, 3, 1], [1, 3, 1], [6, 3, 1]]
37	-4.76949	43.36541	52	52	12	businessI	[[1, 1, 4], [1, 2, 4], [1, 3, 4], [2, 1, 4], [2, 2, 4], [2, 3, 4], [3, 1, 1], [3, 1, 2], [3, 1, 3], [3, 1, 4], [3, 2, 1], [3, 2, 2], [3, 2, 3], [3, 2, 4], [3, 3, 1], [3, 3, 2], [3, 3, 3], [3, 3, 4], [4, 1, 1], [4, 1, 2], [4, 1, 3], [4, 1, 4], [4, 2, 1], [4, 2, 2], [4, 2, 3], [4, 2, 4], [4, 3, 1], [4, 3, 2], [4, 3, 3], [4, 3, 4], [5, 1, 4], [5, 2, 4], [5, 3, 4], [6, 1, 4], [6, 2, 4], [6, 3, 4], [6, 1, 3], 0, [6, 1, 2], [6, 1, 1], [5, 1, 3], [5, 1, 2], [5, 1, 1], [1, 1, 3], [1, 1, 2], [1, 1, 1], [2, 1, 3], [2, 1, 2], [2, 1, 1], [6, 3, 3], [6, 3, 2], [6, 3, 1], [5, 3, 3], [5, 3, 2], [5, 3, 1], [1, 3, 3], [1, 3, 2], [1, 3, 1], [2, 3, 3], [2, 3, 2], [2, 3, 1], [6, 2, 3], [6, 2, 2], [6, 2, 1], [5, 2, 3], [5, 2, 2], [5, 2, 1], [1, 2, 3], [1, 2, 2], [1, 2, 1], [2, 2, 3], [2, 2, 2], [2, 2, 1]]
38	-4.76439	43.32523	52	29	12	pensionerII	[[1, 1, 3], [1, 1, 4], [1, 2, 3], [1, 2, 4], [1, 3, 3], [1, 3, 4], [2, 1, 3], [2, 1, 4], [2, 2, 3], [2, 2, 4], [2, 3, 3], [2, 3, 4], [3, 1, 3], [3, 1, 4], [3, 2, 3], [3, 2, 4], [3, 3, 3], [3, 3, 4], [4, 1, 3], [4, 1, 4], [4, 2, 3], [4, 2, 4], [4, 3, 3], [4, 3, 4], [5, 1, 3], [5, 1, 4], [5, 2, 3], [5, 2, 4], [5, 3, 3], [5, 3, 4], [6, 1, 3], [6, 1, 4], [6, 2, 3], [6, 2, 4], [6, 3, 3], [6, 3, 4], [2, 3, 2], 0, [2, 3, 1], [6, 3, 2], [6, 3, 1], [5, 3, 2], [5, 3, 1], [2, 2, 2], [2, 2, 1], [6, 2, 2], [6, 2, 1], [1, 3, 2], [1, 3, 1], [2, 1, 2], [2, 1, 1], [3, 3, 2], [3, 3, 1], [4, 3, 2], [4, 3, 1], [6, 1, 2], [6, 1, 1], [5, 2, 2], [5, 2, 1], [5, 1, 2], [5, 1, 1], [1, 2, 2], [1, 2, 1], [3, 2, 2], [3, 2, 1], [4, 2, 2], [4, 2, 1], [1, 1, 2], [1, 1, 1], [3, 1, 2], [3, 1, 1], [4, 1, 2], [4, 1, 1]]
39	-4.76118	43.32673	52	58	12	familyI	[[1, 1, 2], [1, 1, 3], [1, 1, 4], [1, 2, 2], [1, 2, 3], [1, 2, 4], [1, 3, 2], [1, 3, 3], [1, 3, 4], [2, 1, 2], [2, 1, 3], [2, 1, 4], [2, 2, 2], [2, 2, 3], [2, 2, 4], [2, 3, 2], [2, 3, 3], [2, 3, 4], [3, 1, 2], [3, 1, 3], [3, 1, 4], [3, 2, 2], [3, 2, 3], [3, 2, 4], [3, 3, 2], [3, 3, 3], [3, 3, 4], [4, 1, 2], [4, 1, 3], [4, 1, 4], [4, 2, 2], [4, 2, 3], [4, 2, 4], [4, 3, 2], [4, 3, 3], [4, 3, 4], [5, 1, 2], [5, 1, 3], [5, 1, 4], [5, 2, 2], [5, 2, 3], [5, 2, 4], [5, 3, 2], [5, 3, 3], [5, 3, 4], [6, 1, 2], [6, 1, 3], [6, 1, 4], [6, 2, 2], [6, 2, 3], [6, 2, 4], [6, 3, 2], [6, 3, 3], [6, 3, 4], [6, 3, 1], 0, [1, 3, 1], [5, 3, 1], [6, 2, 1], [1, 2, 1], [6, 1, 1], [1, 1, 1], [5, 2, 1], [5, 1, 1], [3, 3, 1], [3, 2, 1], [3, 1, 1], [2, 3, 1], [4, 3, 1], [2, 2, 1], [4, 2, 1], [2, 1, 1], [4, 1, 1]]
40	-4.75382	43.34733	52	33	12	pensionerII	[[1, 1, 3], [1, 1, 4], [1, 2, 3], [1, 2, 4], [1, 3, 3], [1, 3, 4], [2, 1, 3], [2, 1, 4], [2, 2, 3], [2, 2, 4], [2, 3, 3], [2, 3, 4], [3, 1, 3], [3, 1, 4], [3, 2, 3], [3, 2, 4], [3, 3, 3], [3, 3, 4], [4, 1, 3], [4, 1, 4], [4, 2, 3], [4, 2, 4], [4, 3, 3], [4, 3, 4], [5, 1, 3], [5, 1, 4], [5, 2, 3], [5, 2, 4], [5, 3, 3], [5, 3, 4], [6, 1, 3], [6, 1, 4], [6, 2, 3], [6, 2, 4], [6, 3, 3], [6, 3, 4], [5, 3, 2], 0, [5, 3, 1], [2, 3, 2], [2, 3, 1], [6, 3, 2], [6, 3, 1], [5, 2, 2], [5, 2, 1], [2, 2, 2], [2, 2, 1], [6, 2, 2], [6, 2, 1], [3, 3, 2], [5, 1, 2], [3, 3, 1], [5, 1, 1], [1, 3, 2], [1, 3, 1], [4, 3, 2], [4, 3, 1], [2, 1, 2], [2, 1, 1], [6, 1, 2], [6, 1, 1], [3, 2, 2], [3, 2, 1], [1, 2, 2], [1, 2, 1], [4, 2, 2], [4, 2, 1], [3, 1, 2], [3, 1, 1], [1, 1, 2], [1, 1, 1], [4, 1, 2], [4, 1, 1]]
41	-4.755	43.33827	52	49	12	familyII	[[1, 1, 4], [1, 2, 4], [1, 3, 4], [2, 1, 4], [2, 2, 4], [2, 3, 4], [3, 1, 4], [3, 2, 4], [3, 3, 4], [4, 1, 4], [4, 2, 4], [4, 3, 4], [5, 1, 4], [5, 2, 4], [5, 3, 4], [6, 1, 4], [6, 2, 4], [6, 3, 4], [6, 3, 3], 0, [6, 3, 2], [5, 3, 3], [1, 3, 3], [6, 3, 1], [5, 3, 2], [1, 3, 2], [5, 3, 1], [1, 3, 1], [6, 1, 3], [6, 1, 2], [5, 1, 3], [1, 1, 3], [6, 1, 1], [4, 3, 3], [6, 2, 3], [5, 1, 2], [1, 1, 2], [2, 3, 3], [3, 3, 3], [4, 3, 2], [6, 2, 2], [5, 1, 1], [1, 1, 1], [2, 3, 2], [3, 3, 2], [5, 2, 3], [4, 3, 1], [1, 2, 3], [6, 2, 1], [2, 3, 1], [3, 3, 1], [5, 2, 2], [1, 2, 2], [5, 2, 1], [4, 1, 3], [1, 2, 1], [2, 1, 3], [3, 1, 3], [4, 1, 2], [2, 1, 2], [3, 1, 2], [4, 1, 1], [2, 1, 1], [4, 2, 3], [3, 1, 1], [2, 2, 3], [3, 2, 3], [4, 2, 2], [2, 2, 2], [3, 2, 2], [4, 2, 1], [2, 2, 1], [3, 2, 1]]
42	-4.76061	43.33398	52	23	12	pensionerI	[[1, 1, 2], [1, 1, 3], [1, 1, 4], [1, 2, 2], [1, 2, 3], [1, 2, 4], [1, 3, 2], [1, 3, 3], [1, 3, 4], [2, 1, 2], [2, 1, 3], [2, 1, 4], [2, 2, 2], [2, 2, 3], [2, 2, 4], [2, 3, 2], [2, 3, 3], [2, 3, 4], [3, 1, 2], [3, 1, 3], [3, 1, 4], [3, 2, 2], [3, 2, 3], [3, 2, 4], [3, 3, 2], [3, 3, 3], [3, 3, 4], [4, 1, 2], [4, 1, 3], [4, 1, 4], [4, 2, 2], [4, 2, 3], [4, 2, 4], [4, 3, 2], [4, 3, 3], [4, 3, 4], [5, 1, 2], [5, 1, 3], [5, 1, 4], [5, 2, 2], [5, 2, 3], [5, 2, 4], [5, 3, 2], [5, 3, 3], [5, 3, 4], [6, 1, 2], [6, 1, 3], [6, 1, 4], [6, 2, 2], [6, 2, 3], [6, 2, 4], [6, 3, 2], [6, 3, 3], [6, 3, 4], [4, 1, 1], 0, [4, 2, 1], [1, 1, 1], [1, 2, 1], [2, 1, 1], [2, 2, 1], [3, 1, 1], [6, 1, 1], [3, 2, 1], [6, 2, 1], [4, 3, 1], [1, 3, 1], [5, 1, 1], [5, 2, 1], [2, 3, 1], [3, 3, 1], [6, 3, 1], [5, 3, 1]]
43	-4.77509	43.34077	52	69	12	familyI	[[1, 1, 2], [1, 1, 3], [1, 1, 4], [1, 2, 2], [1, 2, 3], [1, 2, 4], [1, 3, 2], [1, 3, 3], [1, 3, 4], [2, 1, 2], [2, 1, 3], [2, 1, 4], [2, 2, 2], [2, 2, 3], [2, 2, 4], [2, 3, 2], [2, 3, 3], [2, 3, 4], [3, 1, 2], [3, 1, 3], [3, 1, 4], [3, 2, 2], [3, 2, 3], [3, 2, 4], [3, 3, 2], [3, 3, 3], [3, 3, 4], [4, 1, 2], [4, 1, 3], [4, 1, 4], [4, 2, 2], [4, 2, 3], [4, 2, 4], [4, 3, 2], [4, 3, 3], [4, 3, 4], [5, 1, 2], [5, 1, 3], [5, 1, 4], [5, 2, 2], [5, 2, 3], [5, 2, 4], [5, 3, 2], [5, 3, 3], [5, 3, 4], [6, 1, 2], [6, 1, 3], [6, 1, 4], [6, 2, 2], [6, 2, 3], [6, 2, 4], [6, 3, 2], [6, 3, 3], [6, 3, 4], [5, 2, 1], 0, [1, 2, 1], [3, 2, 1], [5, 1, 1], [1, 1, 1], [3, 1, 1], [6, 2, 1], [5, 3, 1], [1, 3, 1], [3, 3, 1], [6, 1, 1], [6, 3, 1], [4, 2, 1], [2, 2, 1], [4, 1, 1], [2, 1, 1], [4, 3, 1], [2, 3, 1]]
44	-4.77977	43.34356	52	29	12	pensionerI	[[1, 1, 2], [1, 1, 3], [1, 1, 4], [1, 2, 2], [1, 2, 3], [1, 2, 4], [1, 3, 2], [1, 3, 3], [1, 3, 4], [2, 1, 2], [2, 1, 3], [2, 1, 4], [2, 2, 2], [2, 2, 3], [2, 2, 4], [2, 3, 2], [2, 3, 3], [2, 3, 4], [3, 1, 2], [3, 1, 3], [3, 1, 4], [3, 2, 2], [3, 2, 3], [3, 2, 4], [3, 3, 2], [3, 3, 3], [3, 3, 4], [4, 1, 2], [4, 1, 3], [4, 1, 4], [4, 2, 2], [4, 2, 3], [4, 2, 4], [4, 3, 2], [4, 3, 3], [4, 3, 4], [5, 1, 2], [5, 1, 3], [5, 1, 4], [5, 2, 2], [5, 2, 3], [5, 2, 4], [5, 3, 2], [5, 3, 3], [5, 3, 4], [6, 1, 2], [6, 1, 3], [6, 1, 4], [6, 2, 2], [6, 2, 3], [6, 2, 4], [6, 3, 2], [6, 3, 3], [6, 3, 4], [4, 1, 1], 0, [3, 1, 1], [4, 3, 1], [5, 1, 1], [3, 3, 1], [1, 1, 1], [4, 2, 1], [3, 2, 1], [6, 1, 1], [5, 3, 1], [1, 3, 1], [5, 2, 1], [1, 2, 1], [6, 3, 1], [6, 2, 1], [2, 1, 1], [2, 3, 1], [2, 2, 1]]
45	-4.78195	43.34016	52	31	12	pensionerII	[[1, 1, 3], [1, 1, 4], [1, 2, 3], [1, 2, 4], [1, 3, 3], [1, 3, 4], [2, 1, 3], [2, 1, 4], [2, 2, 3], [2, 2, 4], [2, 3, 3], [2, 3, 4], [3, 1, 3], [3, 1, 4], [3, 2, 3], [3, 2, 4], [3, 3, 3], [3, 3, 4], [4, 1, 3], [4, 1, 4], [4, 2, 3], [4, 2, 4], [4, 3, 3], [4, 3, 4], [5, 1, 3], [5, 1, 4], [5, 2, 3], [5, 2, 4], [5, 3, 3], [5, 3, 4], [6, 1, 3], [6, 1, 4], [6, 2, 3], [6, 2, 4], [6, 3, 3], [6, 3, 4], [5, 3, 2], 0, [5, 3, 1], [2, 3, 2], [2, 3, 1], [6, 3, 2], [6, 3, 1], [5, 2, 2], [5, 2, 1], [4, 3, 2], [1, 3, 2], [4, 3, 1], [1, 3, 1], [2, 2, 2], [2, 2, 1], [5, 1, 2], [5, 1, 1], [2, 1, 2], [2, 1, 1], [6, 2, 2], [6, 2, 1], [3, 3, 2], [3, 3, 1], [6, 1, 2], [6, 1, 1], [4, 2, 2], [1, 2, 2], [4, 2, 1], [1, 2, 1], [4, 1, 2], [1, 1, 2], [4, 1, 1], [1, 1, 1], [3, 2, 2], [3, 2, 1], [3, 1, 2], [3, 1, 1]]
46	-4.77787	43.34086	52	51	12	businessII	[[1, 1, 4], [1, 2, 4], [1, 3, 4], [2, 1, 1], [2, 1, 2], [2, 1, 3], [2, 1, 4], [2, 2, 1], [2, 2, 2], [2, 2, 3], [2, 2, 4], [2, 3, 1], [2, 3, 2], [2, 3, 3], [2, 3, 4], [3, 1, 1], [3, 1, 2], [3, 1, 3], [3, 1, 4], [3, 2, 1], [3, 2, 2], [3, 2, 3], [3, 2, 4], [3, 3, 1], [3, 3, 2], [3, 3, 3], [3, 3, 4], [4, 1, 1], [4, 1, 2], [4, 1, 3], [4, 1, 4], [4, 2, 1], [4, 2, 2], [4, 2, 3], [4, 2, 4], [4, 3, 1], [4, 3, 2], [4, 3, 3], [4, 3, 4], [5, 1, 1], [5, 1, 2], [5, 1, 3], [5, 1, 4], [5, 2, 1], [5, 2, 2], [5, 2, 3], [5, 2, 4], [5, 3, 1], [5, 3, 2], [5, 3, 3], [5, 3, 4], [6, 1, 4], [6, 2, 4], [6, 3, 4], [1, 2, 3], 0, [1, 2, 2], [1, 2, 1], [6, 2, 3], [6, 2, 2], [6, 2, 1], [1, 1, 3], [1, 1, 2], [1, 1, 1], [1, 3, 3], [1, 3, 2], [1, 3, 1], [6, 1, 3], [6, 1, 2], [6, 1, 1], [6, 3, 3], [6, 3, 2], [6, 3, 1]]
47	-4.78183	43.35762	52	20	12	pensionerII	[[1, 1, 3], [1, 1, 4], [1, 2, 3], [1, 2, 4], [1, 3, 3], [1, 3, 4], [2, 1, 3], [2, 1, 4], [2, 2, 3], [2, 2, 4], [2, 3, 3], [2, 3, 4], [3, 1, 3], [3, 1, 4], [3, 2, 3], [3, 2, 4], [3, 3, 3], [3, 3, 4], [4, 1, 3], [4, 1, 4], [4, 2, 3], [4, 2, 4], [4, 3, 3], [4, 3, 4], [5, 1, 3], [5, 1, 4], [5, 2, 3], [5, 2, 4], [5, 3, 3], [5, 3, 4], [6, 1, 3], [6, 1, 4], [6, 2, 3], [6, 2, 4], [6, 3, 3], [6, 3, 4], [2, 2, 2], 0, [2, 2, 1], [5, 2, 2], [5, 2, 1], [2, 1, 2], [2, 1, 1], [5, 1, 2], [5, 1, 1], [6, 2, 2], [6, 2, 1], [6, 1, 2], [6, 1, 1], [3, 2, 2], [3, 2, 1], [4, 2, 2], [4, 2, 1], [1, 2, 2], [1, 2, 1], [3, 1, 2], [3, 1, 1], [4, 1, 2], [4, 1, 1], [1, 1, 2], [1, 1, 1], [2, 3, 2], [2, 3, 1], [5, 3, 2], [5, 3, 1], [6, 3, 2], [6, 3, 1], [3, 3, 2], [3, 3, 1], [4, 3, 2], [4, 3, 1], [1, 3, 2], [1, 3, 1]]
48	-4.80591	43.33738	52	38	12	pensionerI	[[1, 1, 2], [1, 1, 3], [1, 1, 4], [1, 2, 2], [1, 2, 3], [1, 2, 4], [1, 3, 2], [1, 3, 3], [1, 3, 4], [2, 1, 2], [2, 1, 3], [2, 1, 4], [2, 2, 2], [2, 2, 3], [2, 2, 4], [2, 3, 2], [2, 3, 3], [2, 3, 4], [3, 1, 2], [3, 1, 3], [3, 1, 4], [3, 2, 2], [3, 2, 3], [3, 2, 4], [3, 3, 2], [3, 3, 3], [3, 3, 4], [4, 1, 2], [4, 1, 3], [4, 1, 4], [4, 2, 2], [4, 2, 3], [4, 2, 4], [4, 3, 2], [4, 3, 3], [4, 3, 4], [5, 1, 2], [5, 1, 3], [5, 1, 4], [5, 2, 2], [5, 2, 3], [5, 2, 4], [5, 3, 2], [5, 3, 3], [5, 3, 4], [6, 1, 2], [6, 1, 3], [6, 1, 4], [6, 2, 2], [6, 2, 3], [6, 2, 4], [6, 3, 2], [6, 3, 3], [6, 3, 4], [5, 1, 1], 0, [6, 1, 1], [3, 1, 1], [1, 1, 1], [5, 2, 1], [2, 1, 1], [6, 2, 1], [3, 2, 1], [1, 2, 1], [2, 2, 1], [5, 3, 1], [6, 3, 1], [3, 3, 1], [1, 3, 1], [2, 3, 1], [4, 1, 1], [4, 2, 1], [4, 3, 1]]
49	-4.80492	43.34455	52	46	12	familyI	[[1, 1, 2], [1, 1, 3], [1, 1, 4], [1, 2, 2], [1, 2, 3], [1, 2, 4], [1, 3, 2], [1, 3, 3], [1, 3, 4], [2, 1, 2], [2, 1, 3], [2, 1, 4], [2, 2, 2], [2, 2, 3], [2, 2, 4], [2, 3, 2], [2, 3, 3], [2, 3, 4], [3, 1, 2], [3, 1, 3], [3, 1, 4], [3, 2, 2], [3, 2, 3], [3, 2, 4], [3, 3, 2], [3, 3, 3], [3, 3, 4], [4, 1, 2], [4, 1, 3], [4, 1, 4], [4, 2, 2], [4, 2, 3], [4, 2, 4], [4, 3, 2], [4, 3, 3], [4, 3, 4], [5, 1, 2], [5, 1, 3], [5, 1, 4], [5, 2, 2], [5, 2, 3], [5, 2, 4], [5, 3, 2], [5, 3, 3], [5, 3, 4], [6, 1, 2], [6, 1, 3], [6, 1, 4], [6, 2, 2], [6, 2, 3], [6, 2, 4], [6, 3, 2], [6, 3, 3], [6, 3, 4], [6, 1, 1], 0, [1, 1, 1], [5, 1, 1], [3, 1, 1], [6, 3, 1], [1, 3, 1], [5, 3, 1], [3, 3, 1], [6, 2, 1], [1, 2, 1], [2, 1, 1], [5, 2, 1], [4, 1, 1], [3, 2, 1], [2, 3, 1], [4, 3, 1], [2, 2, 1], [4, 2, 1]]
50	-4.80524	43.34477	52	37	12	businessII	[[1, 1, 4], [1, 2, 4], [1, 3, 4], [2, 1, 1], [2, 1, 2], [2, 1, 3], [2, 1, 4], [2, 2, 1], [2, 2, 2], [2, 2, 3], [2, 2, 4], [2, 3, 1], [2, 3, 2], [2, 3, 3], [2, 3, 4], [3, 1, 1], [3, 1, 2], [3, 1, 3], [3, 1, 4], [3, 2, 1], [3, 2, 2], [3, 2, 3], [3, 2, 4], [3, 3, 1], [3, 3, 2], [3, 3, 3], [3, 3, 4], [4, 1, 1], [4, 1, 2], [4, 1, 3], [4, 1, 4], [4, 2, 1], [4, 2, 2], [4, 2, 3], [4, 2, 4], [4, 3, 1], [4, 3, 2], [4, 3, 3], [4, 3, 4], [5, 1, 1], [5, 1, 2], [5, 1, 3], [5, 1, 4], [5, 2, 1], [5, 2, 2], [5, 2, 3], [5, 2, 4], [5, 3, 1], [5, 3, 2], [5, 3, 3], [5, 3, 4], [6, 1, 4], [6, 2, 4], [6, 3, 4], [6, 3, 3], 0, [1, 3, 3], [6, 3, 2], [1, 3, 2], [6, 3, 1], [1, 3, 1], [6, 2, 3], [1, 2, 3], [6, 2, 2], [1, 2, 2], [6, 2, 1], [1, 2, 1], [6, 1, 3], [1, 1, 3], [6, 1, 2], [1, 1, 2], [6, 1, 1], [1, 1, 1]]
51	-4.79743	43.34416	52	24	12	pensionerI	[[1, 1, 2], [1, 1, 3], [1, 1, 4], [1, 2, 2], [1, 2, 3], [1, 2, 4], [1, 3, 2], [1, 3, 3], [1, 3, 4], [2, 1, 2], [2, 1, 3], [2, 1, 4], [2, 2, 2], [2, 2, 3], [2, 2, 4], [2, 3, 2], [2, 3, 3], [2, 3, 4], [3, 1, 2], [3, 1, 3], [3, 1, 4], [3, 2, 2], [3, 2, 3], [3, 2, 4], [3, 3, 2], [3, 3, 3], [3, 3, 4], [4, 1, 2], [4, 1, 3], [4, 1, 4], [4, 2, 2], [4, 2, 3], [4, 2, 4], [4, 3, 2], [4, 3, 3], [4, 3, 4], [5, 1, 2], [5, 1, 3], [5, 1, 4], [5, 2, 2], [5, 2, 3], [5, 2, 4], [5, 3, 2], [5, 3, 3], [5, 3, 4], [6, 1, 2], [6, 1, 3], [6, 1, 4], [6, 2, 2], [6, 2, 3], [6, 2, 4], [6, 3, 2], [6, 3, 3], [6, 3, 4], [4, 3, 1], 0, [1, 3, 1], [5, 3, 1], [4, 1, 1], [6, 3, 1], [1, 1, 1], [5, 1, 1], [6, 1, 1], [2, 3, 1], [4, 2, 1], [2, 1, 1], [1, 2, 1], [5, 2, 1], [6, 2, 1], [2, 2, 1], [3, 3, 1], [3, 1, 1], [3, 2, 1]]
52	-4.78492	43.33286	52	47	12	businessI	[[1, 1, 4], [1, 2, 4], [1, 3, 4], [2, 1, 4], [2, 2, 4], [2, 3, 4], [3, 1, 1], [3, 1, 2], [3, 1, 3], [3, 1, 4], [3, 2, 1], [3, 2, 2], [3, 2, 3], [3, 2, 4], [3, 3, 1], [3, 3, 2], [3, 3, 3], [3, 3, 4], [4, 1, 1], [4, 1, 2], [4, 1, 3], [4, 1, 4], [4, 2, 1], [4, 2, 2], [4, 2, 3], [4, 2, 4], [4, 3, 1], [4, 3, 2], [4, 3, 3], [4, 3, 4], [5, 1, 4], [5, 2, 4], [5, 3, 4], [6, 1, 4], [6, 2, 4], [6, 3, 4], [5, 1, 3], 0, [5, 1, 2], [2, 1, 3], [5, 1, 1], [2, 1, 2], [2, 1, 1], [1, 1, 3], [1, 1, 2], [1, 1, 1], [6, 1, 3], [6, 1, 2], [6, 1, 1], [5, 2, 3], [5, 2, 2], [2, 2, 3], [5, 2, 1], [2, 2, 2], [2, 2, 1], [1, 2, 3], [5, 3, 3], [1, 2, 2], [5, 3, 2], [1, 2, 1], [2, 3, 3], [5, 3, 1], [6, 2, 3], [2, 3, 2], [6, 2, 2], [2, 3, 1], [6, 2, 1], [1, 3, 3], [1, 3, 2], [1, 3, 1], [6, 3, 3], [6, 3, 2], [6, 3, 1]]
53	-4.78275	43.34866	52	55	12	businessI	[[1, 1, 4], [1, 2, 4], [1, 3, 4], [2, 1, 4], [2, 2, 4], [2, 3, 4], [3, 1, 1], [3, 1, 2], [3, 1, 3], [3, 1, 4], [3, 2, 1], [3, 2, 2], [3, 2, 3], [3, 2, 4], [3, 3, 1], [3, 3, 2], [3, 3, 3], [3, 3, 4], [4, 1, 1], [4, 1, 2], [4, 1, 3], [4, 1, 4], [4, 2, 1], [4, 2, 2], [4, 2, 3], [4, 2, 4], [4, 3, 1], [4, 3, 2], [4, 3, 3], [4, 3, 4], [5, 1, 4], [5, 2, 4], [5, 3, 4], [6, 1, 4], [6, 2, 4], [6, 3, 4], [5, 1, 3], 0, [1, 1, 3], [5, 1, 2], [1, 1, 2], [5, 1, 1], [1, 1, 1], [2, 1, 3], [2, 1, 2], [2, 1, 1], [6, 1, 3], [6, 1, 2], [6, 1, 1], [5, 2, 3], [5, 3, 3], [1, 2, 3], [5, 2, 2], [1, 3, 3], [5, 3, 2], [1, 2, 2], [5, 2, 1], [1, 3, 2], [5, 3, 1], [1, 2, 1], [2, 2, 3], [1, 3, 1], [2, 3, 3], [2, 2, 2], [2, 3, 2], [2, 2, 1], [2, 3, 1], [6, 2, 3], [6, 3, 3], [6, 2, 2], [6, 3, 2], [6, 2, 1], [6, 3, 1]]
54	-4.76717	43.36848	52	70	12	familyII	[[1, 1, 4], [1, 2, 4], [1, 3, 4], [2, 1, 4], [2, 2, 4], [2, 3, 4], [3, 1, 4], [3, 2, 4], [3, 3, 4], [4, 1, 4], [4, 2, 4], [4, 3, 4], [5, 1, 4], [5, 2, 4], [5, 3, 4], [6, 1, 4], [6, 2, 4], [6, 3, 4], [5, 2, 3], 0, [6, 2, 3], [5, 2, 2], [5, 3, 3], [6, 2, 2], [5, 2, 1], [1, 2, 3], [6, 3, 3], [5, 3, 2], [6, 2, 1], [1, 2, 2], [6, 3, 2], [5, 3, 1], [1, 3, 3], [1, 2, 1], [6, 3, 1], [1, 3, 2], [1, 3, 1], [2, 2, 3], [5, 1, 3], [4, 2, 3], [6, 1, 3], [2, 2, 2], [5, 1, 2], [3, 2, 3], [4, 2, 2], [2, 3, 3], [6, 1, 2], [2, 2, 1], [5, 1, 1], [3, 2, 2], [1, 1, 3], [4, 3, 3], [4, 2, 1], [2, 3, 2], [6, 1, 1], [3, 3, 3], [3, 2, 1], [1, 1, 2], [4, 3, 2], [2, 3, 1], [3, 3, 2], [1, 1, 1], [4, 3, 1], [3, 3, 1], [2, 1, 3], [4, 1, 3], [2, 1, 2], [3, 1, 3], [4, 1, 2], [2, 1, 1], [3, 1, 2], [4, 1, 1], [3, 1, 1]]