S3n54d3w6-120p5-4-8c3_1679305963

DAYS
3

WINDOWS
1	480	600
2	600	720
3	720	840
4	840	960
5	960	1080
6	1080	1200

FEES
1	5
2	6
3	7
4	8

CLUSTERS
CLUST NO.	LONCOORD.	LATCOORD.

51	-4.87416	43.3423
52	-4.7807	43.3423
57	-4.82743	43.31532

CUSTOMERS
CUST NO.	LONCOORD.	LATCOORD.	CLUST NO.	BASKET.	SERVICE TIME.	SEGMENT.	PREF LIST.
0	-4.82743	43.31532	0	0	0	0	0
1	-4.80303	43.32009	57	42	12	businessII	[[1, 1, 4], [1, 2, 4], [1, 3, 4], [2, 1, 1], [2, 1, 2], [2, 1, 3], [2, 1, 4], [2, 2, 1], [2, 2, 2], [2, 2, 3], [2, 2, 4], [2, 3, 1], [2, 3, 2], [2, 3, 3], [2, 3, 4], [3, 1, 1], [3, 1, 2], [3, 1, 3], [3, 1, 4], [3, 2, 1], [3, 2, 2], [3, 2, 3], [3, 2, 4], [3, 3, 1], [3, 3, 2], [3, 3, 3], [3, 3, 4], [4, 1, 1], [4, 1, 2], [4, 1, 3], [4, 1, 4], [4, 2, 1], [4, 2, 2], [4, 2, 3], [4, 2, 4], [4, 3, 1], [4, 3, 2], [4, 3, 3], [4, 3, 4], [5, 1, 1], [5, 1, 2], [5, 1, 3], [5, 1, 4], [5, 2, 1], [5, 2, 2], [5, 2, 3], [5, 2, 4], [5, 3, 1], [5, 3, 2], [5, 3, 3], [5, 3, 4], [6, 1, 4], [6, 2, 4], [6, 3, 4], [6, 2, 3], 0, [6, 2, 2], [6, 2, 1], [6, 1, 3], [6, 1, 2], [6, 1, 1], [1, 2, 3], [1, 2, 2], [1, 2, 1], [1, 1, 3], [1, 1, 2], [6, 3, 3], [1, 1, 1], [6, 3, 2], [6, 3, 1], [1, 3, 3], [1, 3, 2], [1, 3, 1]]
2	-4.84363	43.3045	57	40	12	businessII	[[1, 1, 4], [1, 2, 4], [1, 3, 4], [2, 1, 1], [2, 1, 2], [2, 1, 3], [2, 1, 4], [2, 2, 1], [2, 2, 2], [2, 2, 3], [2, 2, 4], [2, 3, 1], [2, 3, 2], [2, 3, 3], [2, 3, 4], [3, 1, 1], [3, 1, 2], [3, 1, 3], [3, 1, 4], [3, 2, 1], [3, 2, 2], [3, 2, 3], [3, 2, 4], [3, 3, 1], [3, 3, 2], [3, 3, 3], [3, 3, 4], [4, 1, 1], [4, 1, 2], [4, 1, 3], [4, 1, 4], [4, 2, 1], [4, 2, 2], [4, 2, 3], [4, 2, 4], [4, 3, 1], [4, 3, 2], [4, 3, 3], [4, 3, 4], [5, 1, 1], [5, 1, 2], [5, 1, 3], [5, 1, 4], [5, 2, 1], [5, 2, 2], [5, 2, 3], [5, 2, 4], [5, 3, 1], [5, 3, 2], [5, 3, 3], [5, 3, 4], [6, 1, 4], [6, 2, 4], [6, 3, 4], [6, 3, 3], 0, [6, 3, 2], [6, 3, 1], [1, 3, 3], [1, 3, 2], [1, 3, 1], [6, 2, 3], [6, 2, 2], [6, 2, 1], [1, 2, 3], [1, 2, 2], [1, 2, 1], [6, 1, 3], [6, 1, 2], [6, 1, 1], [1, 1, 3], [1, 1, 2], [1, 1, 1]]
3	-4.83825	43.30327	57	66	12	familyI	[[1, 1, 2], [1, 1, 3], [1, 1, 4], [1, 2, 2], [1, 2, 3], [1, 2, 4], [1, 3, 2], [1, 3, 3], [1, 3, 4], [2, 1, 2], [2, 1, 3], [2, 1, 4], [2, 2, 2], [2, 2, 3], [2, 2, 4], [2, 3, 2], [2, 3, 3], [2, 3, 4], [3, 1, 2], [3, 1, 3], [3, 1, 4], [3, 2, 2], [3, 2, 3], [3, 2, 4], [3, 3, 2], [3, 3, 3], [3, 3, 4], [4, 1, 2], [4, 1, 3], [4, 1, 4], [4, 2, 2], [4, 2, 3], [4, 2, 4], [4, 3, 2], [4, 3, 3], [4, 3, 4], [5, 1, 2], [5, 1, 3], [5, 1, 4], [5, 2, 2], [5, 2, 3], [5, 2, 4], [5, 3, 2], [5, 3, 3], [5, 3, 4], [6, 1, 2], [6, 1, 3], [6, 1, 4], [6, 2, 2], [6, 2, 3], [6, 2, 4], [6, 3, 2], [6, 3, 3], [6, 3, 4], [3, 3, 1], 0, [5, 3, 1], [1, 3, 1], [3, 2, 1], [5, 2, 1], [1, 2, 1], [6, 3, 1], [6, 2, 1], [3, 1, 1], [5, 1, 1], [1, 1, 1], [4, 3, 1], [4, 2, 1], [2, 3, 1], [6, 1, 1], [2, 2, 1], [4, 1, 1], [2, 1, 1]]
4	-4.8077	43.32335	57	70	12	familyI	[[1, 1, 2], [1, 1, 3], [1, 1, 4], [1, 2, 2], [1, 2, 3], [1, 2, 4], [1, 3, 2], [1, 3, 3], [1, 3, 4], [2, 1, 2], [2, 1, 3], [2, 1, 4], [2, 2, 2], [2, 2, 3], [2, 2, 4], [2, 3, 2], [2, 3, 3], [2, 3, 4], [3, 1, 2], [3, 1, 3], [3, 1, 4], [3, 2, 2], [3, 2, 3], [3, 2, 4], [3, 3, 2], [3, 3, 3], [3, 3, 4], [4, 1, 2], [4, 1, 3], [4, 1, 4], [4, 2, 2], [4, 2, 3], [4, 2, 4], [4, 3, 2], [4, 3, 3], [4, 3, 4], [5, 1, 2], [5, 1, 3], [5, 1, 4], [5, 2, 2], [5, 2, 3], [5, 2, 4], [5, 3, 2], [5, 3, 3], [5, 3, 4], [6, 1, 2], [6, 1, 3], [6, 1, 4], [6, 2, 2], [6, 2, 3], [6, 2, 4], [6, 3, 2], [6, 3, 3], [6, 3, 4], [5, 2, 1], 0, [1, 2, 1], [6, 2, 1], [3, 2, 1], [5, 3, 1], [1, 3, 1], [6, 3, 1], [3, 3, 1], [5, 1, 1], [1, 1, 1], [6, 1, 1], [3, 1, 1], [2, 2, 1], [4, 2, 1], [2, 3, 1], [2, 1, 1], [4, 3, 1], [4, 1, 1]]
5	-4.83065	43.29129	57	61	12	familyII	[[1, 1, 4], [1, 2, 4], [1, 3, 4], [2, 1, 4], [2, 2, 4], [2, 3, 4], [3, 1, 4], [3, 2, 4], [3, 3, 4], [4, 1, 4], [4, 2, 4], [4, 3, 4], [5, 1, 4], [5, 2, 4], [5, 3, 4], [6, 1, 4], [6, 2, 4], [6, 3, 4], [5, 2, 3], 0, [5, 2, 2], [6, 2, 3], [5, 2, 1], [1, 2, 3], [6, 2, 2], [1, 2, 2], [6, 2, 1], [5, 1, 3], [5, 3, 3], [1, 2, 1], [5, 1, 2], [6, 1, 3], [5, 3, 2], [6, 3, 3], [5, 1, 1], [1, 1, 3], [6, 1, 2], [5, 3, 1], [1, 3, 3], [6, 3, 2], [1, 1, 2], [6, 1, 1], [1, 3, 2], [3, 2, 3], [6, 3, 1], [1, 1, 1], [2, 2, 3], [1, 3, 1], [3, 2, 2], [4, 2, 3], [2, 2, 2], [3, 2, 1], [4, 2, 2], [2, 2, 1], [4, 2, 1], [3, 1, 3], [3, 3, 3], [2, 1, 3], [3, 1, 2], [4, 1, 3], [2, 3, 3], [3, 3, 2], [4, 3, 3], [2, 1, 2], [3, 1, 1], [4, 1, 2], [2, 3, 2], [3, 3, 1], [4, 3, 2], [2, 1, 1], [4, 1, 1], [2, 3, 1], [4, 3, 1]]
6	-4.83468	43.30595	57	49	12	businessI	[[1, 1, 4], [1, 2, 4], [1, 3, 4], [2, 1, 4], [2, 2, 4], [2, 3, 4], [3, 1, 1], [3, 1, 2], [3, 1, 3], [3, 1, 4], [3, 2, 1], [3, 2, 2], [3, 2, 3], [3, 2, 4], [3, 3, 1], [3, 3, 2], [3, 3, 3], [3, 3, 4], [4, 1, 1], [4, 1, 2], [4, 1, 3], [4, 1, 4], [4, 2, 1], [4, 2, 2], [4, 2, 3], [4, 2, 4], [4, 3, 1], [4, 3, 2], [4, 3, 3], [4, 3, 4], [5, 1, 4], [5, 2, 4], [5, 3, 4], [6, 1, 4], [6, 2, 4], [6, 3, 4], [5, 1, 3], 0, [1, 1, 3], [5, 1, 2], [1, 1, 2], [5, 1, 1], [1, 1, 1], [6, 1, 3], [6, 1, 2], [5, 3, 3], [1, 3, 3], [6, 1, 1], [5, 3, 2], [1, 3, 2], [5, 3, 1], [1, 3, 1], [2, 1, 3], [2, 1, 2], [2, 1, 1], [6, 3, 3], [6, 3, 2], [6, 3, 1], [2, 3, 3], [2, 3, 2], [2, 3, 1], [5, 2, 3], [1, 2, 3], [5, 2, 2], [1, 2, 2], [5, 2, 1], [1, 2, 1], [6, 2, 3], [6, 2, 2], [6, 2, 1], [2, 2, 3], [2, 2, 2], [2, 2, 1]]
7	-4.80697	43.32117	57	49	12	businessI	[[1, 1, 4], [1, 2, 4], [1, 3, 4], [2, 1, 4], [2, 2, 4], [2, 3, 4], [3, 1, 1], [3, 1, 2], [3, 1, 3], [3, 1, 4], [3, 2, 1], [3, 2, 2], [3, 2, 3], [3, 2, 4], [3, 3, 1], [3, 3, 2], [3, 3, 3], [3, 3, 4], [4, 1, 1], [4, 1, 2], [4, 1, 3], [4, 1, 4], [4, 2, 1], [4, 2, 2], [4, 2, 3], [4, 2, 4], [4, 3, 1], [4, 3, 2], [4, 3, 3], [4, 3, 4], [5, 1, 4], [5, 2, 4], [5, 3, 4], [6, 1, 4], [6, 2, 4], [6, 3, 4], [2, 1, 3], 0, [2, 1, 2], [2, 1, 1], [1, 1, 3], [1, 1, 2], [1, 1, 1], [5, 1, 3], [5, 1, 2], [5, 1, 1], [6, 1, 3], [6, 1, 2], [6, 1, 1], [2, 2, 3], [2, 2, 2], [2, 2, 1], [1, 2, 3], [1, 2, 2], [1, 2, 1], [2, 3, 3], [5, 2, 3], [2, 3, 2], [5, 2, 2], [2, 3, 1], [5, 2, 1], [6, 2, 3], [1, 3, 3], [6, 2, 2], [1, 3, 2], [6, 2, 1], [1, 3, 1], [5, 3, 3], [5, 3, 2], [5, 3, 1], [6, 3, 3], [6, 3, 2], [6, 3, 1]]
8	-4.84613	43.29879	57	75	12	familyI	[[1, 1, 2], [1, 1, 3], [1, 1, 4], [1, 2, 2], [1, 2, 3], [1, 2, 4], [1, 3, 2], [1, 3, 3], [1, 3, 4], [2, 1, 2], [2, 1, 3], [2, 1, 4], [2, 2, 2], [2, 2, 3], [2, 2, 4], [2, 3, 2], [2, 3, 3], [2, 3, 4], [3, 1, 2], [3, 1, 3], [3, 1, 4], [3, 2, 2], [3, 2, 3], [3, 2, 4], [3, 3, 2], [3, 3, 3], [3, 3, 4], [4, 1, 2], [4, 1, 3], [4, 1, 4], [4, 2, 2], [4, 2, 3], [4, 2, 4], [4, 3, 2], [4, 3, 3], [4, 3, 4], [5, 1, 2], [5, 1, 3], [5, 1, 4], [5, 2, 2], [5, 2, 3], [5, 2, 4], [5, 3, 2], [5, 3, 3], [5, 3, 4], [6, 1, 2], [6, 1, 3], [6, 1, 4], [6, 2, 2], [6, 2, 3], [6, 2, 4], [6, 3, 2], [6, 3, 3], [6, 3, 4], [6, 1, 1], 0, [1, 1, 1], [6, 2, 1], [5, 1, 1], [3, 1, 1], [1, 2, 1], [6, 3, 1], [1, 3, 1], [5, 2, 1], [3, 2, 1], [5, 3, 1], [3, 3, 1], [2, 1, 1], [4, 1, 1], [2, 2, 1], [4, 2, 1], [2, 3, 1], [4, 3, 1]]
9	-4.87317	43.33041	51	28	12	pensionerI	[[1, 1, 2], [1, 1, 3], [1, 1, 4], [1, 2, 2], [1, 2, 3], [1, 2, 4], [1, 3, 2], [1, 3, 3], [1, 3, 4], [2, 1, 2], [2, 1, 3], [2, 1, 4], [2, 2, 2], [2, 2, 3], [2, 2, 4], [2, 3, 2], [2, 3, 3], [2, 3, 4], [3, 1, 2], [3, 1, 3], [3, 1, 4], [3, 2, 2], [3, 2, 3], [3, 2, 4], [3, 3, 2], [3, 3, 3], [3, 3, 4], [4, 1, 2], [4, 1, 3], [4, 1, 4], [4, 2, 2], [4, 2, 3], [4, 2, 4], [4, 3, 2], [4, 3, 3], [4, 3, 4], [5, 1, 2], [5, 1, 3], [5, 1, 4], [5, 2, 2], [5, 2, 3], [5, 2, 4], [5, 3, 2], [5, 3, 3], [5, 3, 4], [6, 1, 2], [6, 1, 3], [6, 1, 4], [6, 2, 2], [6, 2, 3], [6, 2, 4], [6, 3, 2], [6, 3, 3], [6, 3, 4], [5, 2, 1], 0, [2, 2, 1], [3, 2, 1], [1, 2, 1], [5, 3, 1], [2, 3, 1], [5, 1, 1], [3, 3, 1], [2, 1, 1], [3, 1, 1], [6, 2, 1], [4, 2, 1], [1, 3, 1], [1, 1, 1], [6, 3, 1], [6, 1, 1], [4, 3, 1], [4, 1, 1]]
10	-4.87371	43.32996	51	75	12	familyII	[[1, 1, 4], [1, 2, 4], [1, 3, 4], [2, 1, 4], [2, 2, 4], [2, 3, 4], [3, 1, 4], [3, 2, 4], [3, 3, 4], [4, 1, 4], [4, 2, 4], [4, 3, 4], [5, 1, 4], [5, 2, 4], [5, 3, 4], [6, 1, 4], [6, 2, 4], [6, 3, 4], [6, 3, 3], 0, [5, 3, 3], [1, 3, 3], [6, 1, 3], [5, 1, 3], [6, 3, 2], [5, 3, 2], [1, 1, 3], [1, 3, 2], [6, 1, 2], [5, 1, 2], [6, 3, 1], [5, 3, 1], [6, 2, 3], [1, 1, 2], [5, 2, 3], [1, 3, 1], [6, 1, 1], [5, 1, 1], [1, 2, 3], [6, 2, 2], [1, 1, 1], [5, 2, 2], [1, 2, 2], [6, 2, 1], [5, 2, 1], [1, 2, 1], [2, 3, 3], [4, 3, 3], [2, 1, 3], [2, 3, 2], [4, 1, 3], [4, 3, 2], [2, 1, 2], [2, 3, 1], [4, 1, 2], [2, 2, 3], [4, 3, 1], [4, 2, 3], [2, 1, 1], [4, 1, 1], [3, 3, 3], [2, 2, 2], [4, 2, 2], [3, 1, 3], [3, 3, 2], [2, 2, 1], [4, 2, 1], [3, 1, 2], [3, 3, 1], [3, 2, 3], [3, 1, 1], [3, 2, 2], [3, 2, 1]]
11	-4.89663	43.34002	51	38	12	pensionerI	[[1, 1, 2], [1, 1, 3], [1, 1, 4], [1, 2, 2], [1, 2, 3], [1, 2, 4], [1, 3, 2], [1, 3, 3], [1, 3, 4], [2, 1, 2], [2, 1, 3], [2, 1, 4], [2, 2, 2], [2, 2, 3], [2, 2, 4], [2, 3, 2], [2, 3, 3], [2, 3, 4], [3, 1, 2], [3, 1, 3], [3, 1, 4], [3, 2, 2], [3, 2, 3], [3, 2, 4], [3, 3, 2], [3, 3, 3], [3, 3, 4], [4, 1, 2], [4, 1, 3], [4, 1, 4], [4, 2, 2], [4, 2, 3], [4, 2, 4], [4, 3, 2], [4, 3, 3], [4, 3, 4], [5, 1, 2], [5, 1, 3], [5, 1, 4], [5, 2, 2], [5, 2, 3], [5, 2, 4], [5, 3, 2], [5, 3, 3], [5, 3, 4], [6, 1, 2], [6, 1, 3], [6, 1, 4], [6, 2, 2], [6, 2, 3], [6, 2, 4], [6, 3, 2], [6, 3, 3], [6, 3, 4], [1, 2, 1], 0, [2, 2, 1], [4, 2, 1], [1, 1, 1], [2, 1, 1], [4, 1, 1], [5, 2, 1], [5, 1, 1], [1, 3, 1], [2, 3, 1], [6, 2, 1], [4, 3, 1], [6, 1, 1], [5, 3, 1], [6, 3, 1], [3, 2, 1], [3, 1, 1], [3, 3, 1]]
12	-4.80374	43.30433	57	49	12	businessII	[[1, 1, 4], [1, 2, 4], [1, 3, 4], [2, 1, 1], [2, 1, 2], [2, 1, 3], [2, 1, 4], [2, 2, 1], [2, 2, 2], [2, 2, 3], [2, 2, 4], [2, 3, 1], [2, 3, 2], [2, 3, 3], [2, 3, 4], [3, 1, 1], [3, 1, 2], [3, 1, 3], [3, 1, 4], [3, 2, 1], [3, 2, 2], [3, 2, 3], [3, 2, 4], [3, 3, 1], [3, 3, 2], [3, 3, 3], [3, 3, 4], [4, 1, 1], [4, 1, 2], [4, 1, 3], [4, 1, 4], [4, 2, 1], [4, 2, 2], [4, 2, 3], [4, 2, 4], [4, 3, 1], [4, 3, 2], [4, 3, 3], [4, 3, 4], [5, 1, 1], [5, 1, 2], [5, 1, 3], [5, 1, 4], [5, 2, 1], [5, 2, 2], [5, 2, 3], [5, 2, 4], [5, 3, 1], [5, 3, 2], [5, 3, 3], [5, 3, 4], [6, 1, 4], [6, 2, 4], [6, 3, 4], [6, 3, 3], 0, [6, 3, 2], [6, 3, 1], [1, 3, 3], [1, 3, 2], [1, 3, 1], [6, 1, 3], [6, 1, 2], [6, 1, 1], [1, 1, 3], [1, 1, 2], [1, 1, 1], [6, 2, 3], [6, 2, 2], [6, 2, 1], [1, 2, 3], [1, 2, 2], [1, 2, 1]]
13	-4.85385	43.32921	51	28	12	pensionerII	[[1, 1, 3], [1, 1, 4], [1, 2, 3], [1, 2, 4], [1, 3, 3], [1, 3, 4], [2, 1, 3], [2, 1, 4], [2, 2, 3], [2, 2, 4], [2, 3, 3], [2, 3, 4], [3, 1, 3], [3, 1, 4], [3, 2, 3], [3, 2, 4], [3, 3, 3], [3, 3, 4], [4, 1, 3], [4, 1, 4], [4, 2, 3], [4, 2, 4], [4, 3, 3], [4, 3, 4], [5, 1, 3], [5, 1, 4], [5, 2, 3], [5, 2, 4], [5, 3, 3], [5, 3, 4], [6, 1, 3], [6, 1, 4], [6, 2, 3], [6, 2, 4], [6, 3, 3], [6, 3, 4], [6, 1, 2], 0, [6, 1, 1], [2, 1, 2], [2, 1, 1], [6, 3, 2], [6, 3, 1], [2, 3, 2], [2, 3, 1], [6, 2, 2], [5, 1, 2], [6, 2, 1], [5, 1, 1], [2, 2, 2], [2, 2, 1], [5, 3, 2], [5, 3, 1], [3, 1, 2], [3, 1, 1], [4, 1, 2], [4, 1, 1], [5, 2, 2], [5, 2, 1], [3, 3, 2], [3, 3, 1], [4, 3, 2], [4, 3, 1], [1, 1, 2], [1, 1, 1], [1, 3, 2], [1, 3, 1], [3, 2, 2], [3, 2, 1], [4, 2, 2], [4, 2, 1], [1, 2, 2], [1, 2, 1]]
14	-4.81457	43.31216	57	20	12	pensionerI	[[1, 1, 2], [1, 1, 3], [1, 1, 4], [1, 2, 2], [1, 2, 3], [1, 2, 4], [1, 3, 2], [1, 3, 3], [1, 3, 4], [2, 1, 2], [2, 1, 3], [2, 1, 4], [2, 2, 2], [2, 2, 3], [2, 2, 4], [2, 3, 2], [2, 3, 3], [2, 3, 4], [3, 1, 2], [3, 1, 3], [3, 1, 4], [3, 2, 2], [3, 2, 3], [3, 2, 4], [3, 3, 2], [3, 3, 3], [3, 3, 4], [4, 1, 2], [4, 1, 3], [4, 1, 4], [4, 2, 2], [4, 2, 3], [4, 2, 4], [4, 3, 2], [4, 3, 3], [4, 3, 4], [5, 1, 2], [5, 1, 3], [5, 1, 4], [5, 2, 2], [5, 2, 3], [5, 2, 4], [5, 3, 2], [5, 3, 3], [5, 3, 4], [6, 1, 2], [6, 1, 3], [6, 1, 4], [6, 2, 2], [6, 2, 3], [6, 2, 4], [6, 3, 2], [6, 3, 3], [6, 3, 4], [3, 3, 1], 0, [6, 3, 1], [1, 3, 1], [4, 3, 1], [5, 3, 1], [3, 2, 1], [6, 2, 1], [1, 2, 1], [4, 2, 1], [5, 2, 1], [3, 1, 1], [6, 1, 1], [1, 1, 1], [2, 3, 1], [4, 1, 1], [5, 1, 1], [2, 2, 1], [2, 1, 1]]
15	-4.80384	43.30259	57	37	12	pensionerI	[[1, 1, 2], [1, 1, 3], [1, 1, 4], [1, 2, 2], [1, 2, 3], [1, 2, 4], [1, 3, 2], [1, 3, 3], [1, 3, 4], [2, 1, 2], [2, 1, 3], [2, 1, 4], [2, 2, 2], [2, 2, 3], [2, 2, 4], [2, 3, 2], [2, 3, 3], [2, 3, 4], [3, 1, 2], [3, 1, 3], [3, 1, 4], [3, 2, 2], [3, 2, 3], [3, 2, 4], [3, 3, 2], [3, 3, 3], [3, 3, 4], [4, 1, 2], [4, 1, 3], [4, 1, 4], [4, 2, 2], [4, 2, 3], [4, 2, 4], [4, 3, 2], [4, 3, 3], [4, 3, 4], [5, 1, 2], [5, 1, 3], [5, 1, 4], [5, 2, 2], [5, 2, 3], [5, 2, 4], [5, 3, 2], [5, 3, 3], [5, 3, 4], [6, 1, 2], [6, 1, 3], [6, 1, 4], [6, 2, 2], [6, 2, 3], [6, 2, 4], [6, 3, 2], [6, 3, 3], [6, 3, 4], [4, 1, 1], 0, [4, 2, 1], [1, 1, 1], [5, 1, 1], [3, 1, 1], [1, 2, 1], [6, 1, 1], [2, 1, 1], [5, 2, 1], [3, 2, 1], [6, 2, 1], [2, 2, 1], [4, 3, 1], [1, 3, 1], [5, 3, 1], [3, 3, 1], [6, 3, 1], [2, 3, 1]]
16	-4.80375	43.31312	57	33	12	pensionerII	[[1, 1, 3], [1, 1, 4], [1, 2, 3], [1, 2, 4], [1, 3, 3], [1, 3, 4], [2, 1, 3], [2, 1, 4], [2, 2, 3], [2, 2, 4], [2, 3, 3], [2, 3, 4], [3, 1, 3], [3, 1, 4], [3, 2, 3], [3, 2, 4], [3, 3, 3], [3, 3, 4], [4, 1, 3], [4, 1, 4], [4, 2, 3], [4, 2, 4], [4, 3, 3], [4, 3, 4], [5, 1, 3], [5, 1, 4], [5, 2, 3], [5, 2, 4], [5, 3, 3], [5, 3, 4], [6, 1, 3], [6, 1, 4], [6, 2, 3], [6, 2, 4], [6, 3, 3], [6, 3, 4], [5, 3, 2], 0, [5, 3, 1], [5, 1, 2], [5, 1, 1], [6, 3, 2], [6, 3, 1], [6, 1, 2], [6, 1, 1], [2, 3, 2], [2, 3, 1], [2, 1, 2], [2, 1, 1], [5, 2, 2], [5, 2, 1], [3, 3, 2], [3, 3, 1], [3, 1, 2], [3, 1, 1], [1, 3, 2], [1, 3, 1], [1, 1, 2], [1, 1, 1], [6, 2, 2], [6, 2, 1], [2, 2, 2], [2, 2, 1], [4, 3, 2], [4, 3, 1], [4, 1, 2], [4, 1, 1], [3, 2, 2], [3, 2, 1], [1, 2, 2], [1, 2, 1], [4, 2, 2], [4, 2, 1]]
17	-4.8301	43.29546	57	62	12	familyII	[[1, 1, 4], [1, 2, 4], [1, 3, 4], [2, 1, 4], [2, 2, 4], [2, 3, 4], [3, 1, 4], [3, 2, 4], [3, 3, 4], [4, 1, 4], [4, 2, 4], [4, 3, 4], [5, 1, 4], [5, 2, 4], [5, 3, 4], [6, 1, 4], [6, 2, 4], [6, 3, 4], [5, 3, 3], 0, [5, 1, 3], [1, 3, 3], [5, 3, 2], [1, 1, 3], [5, 1, 2], [1, 3, 2], [5, 3, 1], [1, 1, 2], [5, 1, 1], [1, 3, 1], [6, 3, 3], [1, 1, 1], [6, 1, 3], [6, 3, 2], [6, 1, 2], [6, 3, 1], [6, 1, 1], [2, 3, 3], [4, 3, 3], [2, 1, 3], [4, 1, 3], [2, 3, 2], [4, 3, 2], [2, 1, 2], [4, 1, 2], [2, 3, 1], [4, 3, 1], [3, 3, 3], [5, 2, 3], [2, 1, 1], [4, 1, 1], [3, 1, 3], [3, 3, 2], [1, 2, 3], [5, 2, 2], [3, 1, 2], [3, 3, 1], [1, 2, 2], [5, 2, 1], [3, 1, 1], [1, 2, 1], [6, 2, 3], [6, 2, 2], [6, 2, 1], [2, 2, 3], [4, 2, 3], [2, 2, 2], [4, 2, 2], [2, 2, 1], [4, 2, 1], [3, 2, 3], [3, 2, 2], [3, 2, 1]]
18	-4.82932	43.29527	57	51	12	familyI	[[1, 1, 2], [1, 1, 3], [1, 1, 4], [1, 2, 2], [1, 2, 3], [1, 2, 4], [1, 3, 2], [1, 3, 3], [1, 3, 4], [2, 1, 2], [2, 1, 3], [2, 1, 4], [2, 2, 2], [2, 2, 3], [2, 2, 4], [2, 3, 2], [2, 3, 3], [2, 3, 4], [3, 1, 2], [3, 1, 3], [3, 1, 4], [3, 2, 2], [3, 2, 3], [3, 2, 4], [3, 3, 2], [3, 3, 3], [3, 3, 4], [4, 1, 2], [4, 1, 3], [4, 1, 4], [4, 2, 2], [4, 2, 3], [4, 2, 4], [4, 3, 2], [4, 3, 3], [4, 3, 4], [5, 1, 2], [5, 1, 3], [5, 1, 4], [5, 2, 2], [5, 2, 3], [5, 2, 4], [5, 3, 2], [5, 3, 3], [5, 3, 4], [6, 1, 2], [6, 1, 3], [6, 1, 4], [6, 2, 2], [6, 2, 3], [6, 2, 4], [6, 3, 2], [6, 3, 3], [6, 3, 4], [3, 1, 1], 0, [1, 1, 1], [5, 1, 1], [3, 3, 1], [6, 1, 1], [1, 3, 1], [5, 3, 1], [6, 3, 1], [3, 2, 1], [1, 2, 1], [5, 2, 1], [6, 2, 1], [4, 1, 1], [2, 1, 1], [4, 3, 1], [2, 3, 1], [4, 2, 1], [2, 2, 1]]
19	-4.82242	43.28966	57	44	12	businessI	[[1, 1, 4], [1, 2, 4], [1, 3, 4], [2, 1, 4], [2, 2, 4], [2, 3, 4], [3, 1, 1], [3, 1, 2], [3, 1, 3], [3, 1, 4], [3, 2, 1], [3, 2, 2], [3, 2, 3], [3, 2, 4], [3, 3, 1], [3, 3, 2], [3, 3, 3], [3, 3, 4], [4, 1, 1], [4, 1, 2], [4, 1, 3], [4, 1, 4], [4, 2, 1], [4, 2, 2], [4, 2, 3], [4, 2, 4], [4, 3, 1], [4, 3, 2], [4, 3, 3], [4, 3, 4], [5, 1, 4], [5, 2, 4], [5, 3, 4], [6, 1, 4], [6, 2, 4], [6, 3, 4], [5, 2, 3], 0, [1, 2, 3], [5, 2, 2], [1, 2, 2], [5, 2, 1], [1, 2, 1], [5, 3, 3], [1, 3, 3], [5, 3, 2], [1, 3, 2], [5, 3, 1], [1, 3, 1], [2, 2, 3], [2, 2, 2], [6, 2, 3], [2, 2, 1], [6, 2, 2], [6, 2, 1], [2, 3, 3], [2, 3, 2], [6, 3, 3], [2, 3, 1], [6, 3, 2], [6, 3, 1], [5, 1, 3], [1, 1, 3], [5, 1, 2], [1, 1, 2], [5, 1, 1], [1, 1, 1], [2, 1, 3], [2, 1, 2], [6, 1, 3], [2, 1, 1], [6, 1, 2], [6, 1, 1]]
20	-4.827	43.29575	57	71	12	familyII	[[1, 1, 4], [1, 2, 4], [1, 3, 4], [2, 1, 4], [2, 2, 4], [2, 3, 4], [3, 1, 4], [3, 2, 4], [3, 3, 4], [4, 1, 4], [4, 2, 4], [4, 3, 4], [5, 1, 4], [5, 2, 4], [5, 3, 4], [6, 1, 4], [6, 2, 4], [6, 3, 4], [6, 3, 3], 0, [6, 2, 3], [6, 3, 2], [6, 2, 2], [1, 3, 3], [1, 2, 3], [6, 3, 1], [6, 2, 1], [1, 3, 2], [1, 2, 2], [5, 3, 3], [5, 2, 3], [1, 3, 1], [1, 2, 1], [5, 3, 2], [5, 2, 2], [5, 3, 1], [5, 2, 1], [6, 1, 3], [6, 1, 2], [2, 3, 3], [1, 1, 3], [2, 2, 3], [3, 3, 3], [3, 2, 3], [4, 3, 3], [4, 2, 3], [6, 1, 1], [2, 3, 2], [1, 1, 2], [2, 2, 2], [5, 1, 3], [3, 3, 2], [3, 2, 2], [4, 3, 2], [4, 2, 2], [2, 3, 1], [1, 1, 1], [2, 2, 1], [5, 1, 2], [3, 3, 1], [3, 2, 1], [4, 3, 1], [4, 2, 1], [5, 1, 1], [2, 1, 3], [3, 1, 3], [4, 1, 3], [2, 1, 2], [3, 1, 2], [4, 1, 2], [2, 1, 1], [3, 1, 1], [4, 1, 1]]
21	-4.80902	43.31107	57	38	12	businessI	[[1, 1, 4], [1, 2, 4], [1, 3, 4], [2, 1, 4], [2, 2, 4], [2, 3, 4], [3, 1, 1], [3, 1, 2], [3, 1, 3], [3, 1, 4], [3, 2, 1], [3, 2, 2], [3, 2, 3], [3, 2, 4], [3, 3, 1], [3, 3, 2], [3, 3, 3], [3, 3, 4], [4, 1, 1], [4, 1, 2], [4, 1, 3], [4, 1, 4], [4, 2, 1], [4, 2, 2], [4, 2, 3], [4, 2, 4], [4, 3, 1], [4, 3, 2], [4, 3, 3], [4, 3, 4], [5, 1, 4], [5, 2, 4], [5, 3, 4], [6, 1, 4], [6, 2, 4], [6, 3, 4], [5, 1, 3], 0, [2, 1, 3], [5, 1, 2], [2, 1, 2], [5, 1, 1], [2, 1, 1], [6, 1, 3], [6, 1, 2], [6, 1, 1], [1, 1, 3], [1, 1, 2], [1, 1, 1], [5, 2, 3], [2, 2, 3], [5, 2, 2], [2, 2, 2], [5, 2, 1], [2, 2, 1], [6, 2, 3], [6, 2, 2], [6, 2, 1], [1, 2, 3], [1, 2, 2], [1, 2, 1], [5, 3, 3], [2, 3, 3], [5, 3, 2], [2, 3, 2], [5, 3, 1], [2, 3, 1], [6, 3, 3], [6, 3, 2], [6, 3, 1], [1, 3, 3], [1, 3, 2], [1, 3, 1]]
22	-4.82817	43.29396	57	69	12	familyII	[[1, 1, 4], [1, 2, 4], [1, 3, 4], [2, 1, 4], [2, 2, 4], [2, 3, 4], [3, 1, 4], [3, 2, 4], [3, 3, 4], [4, 1, 4], [4, 2, 4], [4, 3, 4], [5, 1, 4], [5, 2, 4], [5, 3, 4], [6, 1, 4], [6, 2, 4], [6, 3, 4], [6, 3, 3], 0, [6, 2, 3], [5, 3, 3], [5, 2, 3], [1, 3, 3], [6, 3, 2], [1, 2, 3], [6, 2, 2], [5, 3, 2], [5, 2, 2], [1, 3, 2], [6, 3, 1], [1, 2, 2], [6, 2, 1], [5, 3, 1], [5, 2, 1], [1, 3, 1], [1, 2, 1], [2, 3, 3], [2, 2, 3], [2, 3, 2], [2, 2, 2], [4, 3, 3], [4, 2, 3], [2, 3, 1], [2, 2, 1], [3, 3, 3], [3, 2, 3], [4, 3, 2], [4, 2, 2], [3, 3, 2], [3, 2, 2], [4, 3, 1], [4, 2, 1], [6, 1, 3], [3, 3, 1], [5, 1, 3], [3, 2, 1], [1, 1, 3], [6, 1, 2], [5, 1, 2], [1, 1, 2], [6, 1, 1], [5, 1, 1], [1, 1, 1], [2, 1, 3], [2, 1, 2], [4, 1, 3], [2, 1, 1], [3, 1, 3], [4, 1, 2], [3, 1, 2], [4, 1, 1], [3, 1, 1]]
23	-4.77	43.36815	52	67	12	familyII	[[1, 1, 4], [1, 2, 4], [1, 3, 4], [2, 1, 4], [2, 2, 4], [2, 3, 4], [3, 1, 4], [3, 2, 4], [3, 3, 4], [4, 1, 4], [4, 2, 4], [4, 3, 4], [5, 1, 4], [5, 2, 4], [5, 3, 4], [6, 1, 4], [6, 2, 4], [6, 3, 4], [5, 2, 3], 0, [5, 3, 3], [1, 2, 3], [1, 3, 3], [5, 1, 3], [1, 1, 3], [5, 2, 2], [5, 3, 2], [1, 2, 2], [1, 3, 2], [5, 1, 2], [1, 1, 2], [5, 2, 1], [6, 2, 3], [5, 3, 1], [6, 3, 3], [1, 2, 1], [1, 3, 1], [5, 1, 1], [6, 1, 3], [1, 1, 1], [6, 2, 2], [6, 3, 2], [6, 1, 2], [6, 2, 1], [6, 3, 1], [6, 1, 1], [3, 2, 3], [3, 3, 3], [2, 2, 3], [2, 3, 3], [3, 1, 3], [2, 1, 3], [3, 2, 2], [3, 3, 2], [2, 2, 2], [2, 3, 2], [3, 1, 2], [2, 1, 2], [3, 2, 1], [4, 2, 3], [3, 3, 1], [4, 3, 3], [2, 2, 1], [2, 3, 1], [3, 1, 1], [4, 1, 3], [2, 1, 1], [4, 2, 2], [4, 3, 2], [4, 1, 2], [4, 2, 1], [4, 3, 1], [4, 1, 1]]
24	-4.76867	43.36145	52	55	12	businessI	[[1, 1, 4], [1, 2, 4], [1, 3, 4], [2, 1, 4], [2, 2, 4], [2, 3, 4], [3, 1, 1], [3, 1, 2], [3, 1, 3], [3, 1, 4], [3, 2, 1], [3, 2, 2], [3, 2, 3], [3, 2, 4], [3, 3, 1], [3, 3, 2], [3, 3, 3], [3, 3, 4], [4, 1, 1], [4, 1, 2], [4, 1, 3], [4, 1, 4], [4, 2, 1], [4, 2, 2], [4, 2, 3], [4, 2, 4], [4, 3, 1], [4, 3, 2], [4, 3, 3], [4, 3, 4], [5, 1, 4], [5, 2, 4], [5, 3, 4], [6, 1, 4], [6, 2, 4], [6, 3, 4], [2, 1, 3], 0, [2, 1, 2], [2, 1, 1], [6, 1, 3], [6, 1, 2], [6, 1, 1], [1, 1, 3], [1, 1, 2], [1, 1, 1], [2, 2, 3], [2, 2, 2], [2, 2, 1], [6, 2, 3], [5, 1, 3], [6, 2, 2], [5, 1, 2], [6, 2, 1], [1, 2, 3], [5, 1, 1], [1, 2, 2], [1, 2, 1], [5, 2, 3], [5, 2, 2], [5, 2, 1], [2, 3, 3], [2, 3, 2], [2, 3, 1], [6, 3, 3], [6, 3, 2], [6, 3, 1], [1, 3, 3], [1, 3, 2], [1, 3, 1], [5, 3, 3], [5, 3, 2], [5, 3, 1]]
25	-4.76532	43.36873	52	40	12	businessI	[[1, 1, 4], [1, 2, 4], [1, 3, 4], [2, 1, 4], [2, 2, 4], [2, 3, 4], [3, 1, 1], [3, 1, 2], [3, 1, 3], [3, 1, 4], [3, 2, 1], [3, 2, 2], [3, 2, 3], [3, 2, 4], [3, 3, 1], [3, 3, 2], [3, 3, 3], [3, 3, 4], [4, 1, 1], [4, 1, 2], [4, 1, 3], [4, 1, 4], [4, 2, 1], [4, 2, 2], [4, 2, 3], [4, 2, 4], [4, 3, 1], [4, 3, 2], [4, 3, 3], [4, 3, 4], [5, 1, 4], [5, 2, 4], [5, 3, 4], [6, 1, 4], [6, 2, 4], [6, 3, 4], [5, 1, 3], 0, [5, 1, 2], [5, 1, 1], [2, 1, 3], [2, 1, 2], [2, 1, 1], [6, 1, 3], [6, 1, 2], [6, 1, 1], [5, 2, 3], [5, 2, 2], [5, 2, 1], [2, 2, 3], [1, 1, 3], [2, 2, 2], [1, 1, 2], [2, 2, 1], [1, 1, 1], [6, 2, 3], [6, 2, 2], [6, 2, 1], [1, 2, 3], [1, 2, 2], [1, 2, 1], [5, 3, 3], [5, 3, 2], [5, 3, 1], [2, 3, 3], [2, 3, 2], [2, 3, 1], [6, 3, 3], [6, 3, 2], [6, 3, 1], [1, 3, 3], [1, 3, 2], [1, 3, 1]]
26	-4.7717	43.36545	52	46	12	familyII	[[1, 1, 4], [1, 2, 4], [1, 3, 4], [2, 1, 4], [2, 2, 4], [2, 3, 4], [3, 1, 4], [3, 2, 4], [3, 3, 4], [4, 1, 4], [4, 2, 4], [4, 3, 4], [5, 1, 4], [5, 2, 4], [5, 3, 4], [6, 1, 4], [6, 2, 4], [6, 3, 4], [6, 2, 3], 0, [5, 2, 3], [1, 2, 3], [6, 2, 2], [5, 2, 2], [1, 2, 2], [6, 2, 1], [5, 2, 1], [1, 2, 1], [6, 1, 3], [5, 1, 3], [1, 1, 3], [6, 1, 2], [5, 1, 2], [1, 1, 2], [6, 1, 1], [5, 1, 1], [1, 1, 1], [4, 2, 3], [3, 2, 3], [2, 2, 3], [4, 2, 2], [3, 2, 2], [2, 2, 2], [4, 2, 1], [3, 2, 1], [2, 2, 1], [4, 1, 3], [3, 1, 3], [2, 1, 3], [4, 1, 2], [6, 3, 3], [5, 3, 3], [1, 3, 3], [3, 1, 2], [2, 1, 2], [4, 1, 1], [6, 3, 2], [5, 3, 2], [1, 3, 2], [3, 1, 1], [2, 1, 1], [6, 3, 1], [5, 3, 1], [1, 3, 1], [4, 3, 3], [3, 3, 3], [2, 3, 3], [4, 3, 2], [3, 3, 2], [2, 3, 2], [4, 3, 1], [3, 3, 1], [2, 3, 1]]
27	-4.76988	43.35962	52	70	12	familyI	[[1, 1, 2], [1, 1, 3], [1, 1, 4], [1, 2, 2], [1, 2, 3], [1, 2, 4], [1, 3, 2], [1, 3, 3], [1, 3, 4], [2, 1, 2], [2, 1, 3], [2, 1, 4], [2, 2, 2], [2, 2, 3], [2, 2, 4], [2, 3, 2], [2, 3, 3], [2, 3, 4], [3, 1, 2], [3, 1, 3], [3, 1, 4], [3, 2, 2], [3, 2, 3], [3, 2, 4], [3, 3, 2], [3, 3, 3], [3, 3, 4], [4, 1, 2], [4, 1, 3], [4, 1, 4], [4, 2, 2], [4, 2, 3], [4, 2, 4], [4, 3, 2], [4, 3, 3], [4, 3, 4], [5, 1, 2], [5, 1, 3], [5, 1, 4], [5, 2, 2], [5, 2, 3], [5, 2, 4], [5, 3, 2], [5, 3, 3], [5, 3, 4], [6, 1, 2], [6, 1, 3], [6, 1, 4], [6, 2, 2], [6, 2, 3], [6, 2, 4], [6, 3, 2], [6, 3, 3], [6, 3, 4], [1, 2, 1], 0, [3, 2, 1], [6, 2, 1], [5, 2, 1], [1, 1, 1], [3, 1, 1], [1, 3, 1], [3, 3, 1], [6, 1, 1], [5, 1, 1], [6, 3, 1], [5, 3, 1], [2, 2, 1], [4, 2, 1], [2, 1, 1], [4, 1, 1], [2, 3, 1], [4, 3, 1]]
28	-4.76874	43.36558	52	42	12	businessII	[[1, 1, 4], [1, 2, 4], [1, 3, 4], [2, 1, 1], [2, 1, 2], [2, 1, 3], [2, 1, 4], [2, 2, 1], [2, 2, 2], [2, 2, 3], [2, 2, 4], [2, 3, 1], [2, 3, 2], [2, 3, 3], [2, 3, 4], [3, 1, 1], [3, 1, 2], [3, 1, 3], [3, 1, 4], [3, 2, 1], [3, 2, 2], [3, 2, 3], [3, 2, 4], [3, 3, 1], [3, 3, 2], [3, 3, 3], [3, 3, 4], [4, 1, 1], [4, 1, 2], [4, 1, 3], [4, 1, 4], [4, 2, 1], [4, 2, 2], [4, 2, 3], [4, 2, 4], [4, 3, 1], [4, 3, 2], [4, 3, 3], [4, 3, 4], [5, 1, 1], [5, 1, 2], [5, 1, 3], [5, 1, 4], [5, 2, 1], [5, 2, 2], [5, 2, 3], [5, 2, 4], [5, 3, 1], [5, 3, 2], [5, 3, 3], [5, 3, 4], [6, 1, 4], [6, 2, 4], [6, 3, 4], [6, 2, 3], 0, [6, 2, 2], [1, 2, 3], [6, 2, 1], [1, 2, 2], [1, 2, 1], [6, 3, 3], [6, 3, 2], [1, 3, 3], [6, 3, 1], [1, 3, 2], [1, 3, 1], [6, 1, 3], [6, 1, 2], [1, 1, 3], [6, 1, 1], [1, 1, 2], [1, 1, 1]]
29	-4.77226	43.34062	52	57	12	familyII	[[1, 1, 4], [1, 2, 4], [1, 3, 4], [2, 1, 4], [2, 2, 4], [2, 3, 4], [3, 1, 4], [3, 2, 4], [3, 3, 4], [4, 1, 4], [4, 2, 4], [4, 3, 4], [5, 1, 4], [5, 2, 4], [5, 3, 4], [6, 1, 4], [6, 2, 4], [6, 3, 4], [6, 2, 3], 0, [1, 2, 3], [6, 2, 2], [5, 2, 3], [1, 2, 2], [6, 2, 1], [5, 2, 2], [1, 2, 1], [6, 1, 3], [5, 2, 1], [1, 1, 3], [6, 1, 2], [5, 1, 3], [1, 1, 2], [6, 1, 1], [5, 1, 2], [1, 1, 1], [5, 1, 1], [3, 2, 3], [2, 2, 3], [4, 2, 3], [3, 2, 2], [2, 2, 2], [6, 3, 3], [4, 2, 2], [3, 2, 1], [1, 3, 3], [2, 2, 1], [6, 3, 2], [5, 3, 3], [3, 1, 3], [4, 2, 1], [1, 3, 2], [2, 1, 3], [6, 3, 1], [5, 3, 2], [4, 1, 3], [3, 1, 2], [1, 3, 1], [2, 1, 2], [5, 3, 1], [4, 1, 2], [3, 1, 1], [2, 1, 1], [4, 1, 1], [3, 3, 3], [2, 3, 3], [4, 3, 3], [3, 3, 2], [2, 3, 2], [4, 3, 2], [3, 3, 1], [2, 3, 1], [4, 3, 1]]
30	-4.76825	43.34009	52	35	12	pensionerI	[[1, 1, 2], [1, 1, 3], [1, 1, 4], [1, 2, 2], [1, 2, 3], [1, 2, 4], [1, 3, 2], [1, 3, 3], [1, 3, 4], [2, 1, 2], [2, 1, 3], [2, 1, 4], [2, 2, 2], [2, 2, 3], [2, 2, 4], [2, 3, 2], [2, 3, 3], [2, 3, 4], [3, 1, 2], [3, 1, 3], [3, 1, 4], [3, 2, 2], [3, 2, 3], [3, 2, 4], [3, 3, 2], [3, 3, 3], [3, 3, 4], [4, 1, 2], [4, 1, 3], [4, 1, 4], [4, 2, 2], [4, 2, 3], [4, 2, 4], [4, 3, 2], [4, 3, 3], [4, 3, 4], [5, 1, 2], [5, 1, 3], [5, 1, 4], [5, 2, 2], [5, 2, 3], [5, 2, 4], [5, 3, 2], [5, 3, 3], [5, 3, 4], [6, 1, 2], [6, 1, 3], [6, 1, 4], [6, 2, 2], [6, 2, 3], [6, 2, 4], [6, 3, 2], [6, 3, 3], [6, 3, 4], [1, 2, 1], 0, [1, 3, 1], [4, 2, 1], [4, 3, 1], [2, 2, 1], [2, 3, 1], [1, 1, 1], [6, 2, 1], [6, 3, 1], [4, 1, 1], [3, 2, 1], [3, 3, 1], [2, 1, 1], [6, 1, 1], [3, 1, 1], [5, 2, 1], [5, 3, 1], [5, 1, 1]]
31	-4.76907	43.34024	52	37	12	businessI	[[1, 1, 4], [1, 2, 4], [1, 3, 4], [2, 1, 4], [2, 2, 4], [2, 3, 4], [3, 1, 1], [3, 1, 2], [3, 1, 3], [3, 1, 4], [3, 2, 1], [3, 2, 2], [3, 2, 3], [3, 2, 4], [3, 3, 1], [3, 3, 2], [3, 3, 3], [3, 3, 4], [4, 1, 1], [4, 1, 2], [4, 1, 3], [4, 1, 4], [4, 2, 1], [4, 2, 2], [4, 2, 3], [4, 2, 4], [4, 3, 1], [4, 3, 2], [4, 3, 3], [4, 3, 4], [5, 1, 4], [5, 2, 4], [5, 3, 4], [6, 1, 4], [6, 2, 4], [6, 3, 4], [5, 2, 3], 0, [5, 2, 2], [5, 2, 1], [2, 2, 3], [6, 2, 3], [2, 2, 2], [6, 2, 2], [2, 2, 1], [6, 2, 1], [1, 2, 3], [1, 2, 2], [1, 2, 1], [5, 1, 3], [5, 1, 2], [5, 1, 1], [2, 1, 3], [6, 1, 3], [5, 3, 3], [2, 1, 2], [6, 1, 2], [5, 3, 2], [2, 1, 1], [6, 1, 1], [5, 3, 1], [2, 3, 3], [6, 3, 3], [2, 3, 2], [6, 3, 2], [2, 3, 1], [6, 3, 1], [1, 1, 3], [1, 1, 2], [1, 1, 1], [1, 3, 3], [1, 3, 2], [1, 3, 1]]
32	-4.76731	43.3503	52	68	12	familyI	[[1, 1, 2], [1, 1, 3], [1, 1, 4], [1, 2, 2], [1, 2, 3], [1, 2, 4], [1, 3, 2], [1, 3, 3], [1, 3, 4], [2, 1, 2], [2, 1, 3], [2, 1, 4], [2, 2, 2], [2, 2, 3], [2, 2, 4], [2, 3, 2], [2, 3, 3], [2, 3, 4], [3, 1, 2], [3, 1, 3], [3, 1, 4], [3, 2, 2], [3, 2, 3], [3, 2, 4], [3, 3, 2], [3, 3, 3], [3, 3, 4], [4, 1, 2], [4, 1, 3], [4, 1, 4], [4, 2, 2], [4, 2, 3], [4, 2, 4], [4, 3, 2], [4, 3, 3], [4, 3, 4], [5, 1, 2], [5, 1, 3], [5, 1, 4], [5, 2, 2], [5, 2, 3], [5, 2, 4], [5, 3, 2], [5, 3, 3], [5, 3, 4], [6, 1, 2], [6, 1, 3], [6, 1, 4], [6, 2, 2], [6, 2, 3], [6, 2, 4], [6, 3, 2], [6, 3, 3], [6, 3, 4], [3, 3, 1], 0, [1, 3, 1], [5, 3, 1], [3, 2, 1], [6, 3, 1], [1, 2, 1], [5, 2, 1], [3, 1, 1], [1, 1, 1], [5, 1, 1], [6, 2, 1], [2, 3, 1], [4, 3, 1], [6, 1, 1], [2, 2, 1], [4, 2, 1], [2, 1, 1], [4, 1, 1]]
33	-4.77303	43.33787	52	49	12	businessII	[[1, 1, 4], [1, 2, 4], [1, 3, 4], [2, 1, 1], [2, 1, 2], [2, 1, 3], [2, 1, 4], [2, 2, 1], [2, 2, 2], [2, 2, 3], [2, 2, 4], [2, 3, 1], [2, 3, 2], [2, 3, 3], [2, 3, 4], [3, 1, 1], [3, 1, 2], [3, 1, 3], [3, 1, 4], [3, 2, 1], [3, 2, 2], [3, 2, 3], [3, 2, 4], [3, 3, 1], [3, 3, 2], [3, 3, 3], [3, 3, 4], [4, 1, 1], [4, 1, 2], [4, 1, 3], [4, 1, 4], [4, 2, 1], [4, 2, 2], [4, 2, 3], [4, 2, 4], [4, 3, 1], [4, 3, 2], [4, 3, 3], [4, 3, 4], [5, 1, 1], [5, 1, 2], [5, 1, 3], [5, 1, 4], [5, 2, 1], [5, 2, 2], [5, 2, 3], [5, 2, 4], [5, 3, 1], [5, 3, 2], [5, 3, 3], [5, 3, 4], [6, 1, 4], [6, 2, 4], [6, 3, 4], [1, 2, 3], 0, [1, 2, 2], [1, 2, 1], [6, 2, 3], [6, 2, 2], [6, 2, 1], [1, 1, 3], [1, 1, 2], [1, 1, 1], [1, 3, 3], [1, 3, 2], [1, 3, 1], [6, 1, 3], [6, 1, 2], [6, 1, 1], [6, 3, 3], [6, 3, 2], [6, 3, 1]]
34	-4.7742	43.32899	52	50	12	businessI	[[1, 1, 4], [1, 2, 4], [1, 3, 4], [2, 1, 4], [2, 2, 4], [2, 3, 4], [3, 1, 1], [3, 1, 2], [3, 1, 3], [3, 1, 4], [3, 2, 1], [3, 2, 2], [3, 2, 3], [3, 2, 4], [3, 3, 1], [3, 3, 2], [3, 3, 3], [3, 3, 4], [4, 1, 1], [4, 1, 2], [4, 1, 3], [4, 1, 4], [4, 2, 1], [4, 2, 2], [4, 2, 3], [4, 2, 4], [4, 3, 1], [4, 3, 2], [4, 3, 3], [4, 3, 4], [5, 1, 4], [5, 2, 4], [5, 3, 4], [6, 1, 4], [6, 2, 4], [6, 3, 4], [6, 3, 3], 0, [2, 3, 3], [6, 3, 2], [2, 3, 2], [6, 3, 1], [2, 3, 1], [5, 3, 3], [5, 3, 2], [5, 3, 1], [1, 3, 3], [1, 3, 2], [1, 3, 1], [6, 2, 3], [2, 2, 3], [6, 2, 2], [2, 2, 2], [6, 2, 1], [2, 2, 1], [5, 2, 3], [5, 2, 2], [5, 2, 1], [1, 2, 3], [1, 2, 2], [1, 2, 1], [6, 1, 3], [2, 1, 3], [6, 1, 2], [2, 1, 2], [6, 1, 1], [2, 1, 1], [5, 1, 3], [5, 1, 2], [5, 1, 1], [1, 1, 3], [1, 1, 2], [1, 1, 1]]
35	-4.76568	43.34127	52	46	12	businessI	[[1, 1, 4], [1, 2, 4], [1, 3, 4], [2, 1, 4], [2, 2, 4], [2, 3, 4], [3, 1, 1], [3, 1, 2], [3, 1, 3], [3, 1, 4], [3, 2, 1], [3, 2, 2], [3, 2, 3], [3, 2, 4], [3, 3, 1], [3, 3, 2], [3, 3, 3], [3, 3, 4], [4, 1, 1], [4, 1, 2], [4, 1, 3], [4, 1, 4], [4, 2, 1], [4, 2, 2], [4, 2, 3], [4, 2, 4], [4, 3, 1], [4, 3, 2], [4, 3, 3], [4, 3, 4], [5, 1, 4], [5, 2, 4], [5, 3, 4], [6, 1, 4], [6, 2, 4], [6, 3, 4], [6, 2, 3], 0, [1, 2, 3], [6, 2, 2], [1, 2, 2], [6, 2, 1], [1, 2, 1], [5, 2, 3], [5, 2, 2], [5, 2, 1], [2, 2, 3], [6, 1, 3], [2, 2, 2], [1, 1, 3], [6, 1, 2], [2, 2, 1], [1, 1, 2], [6, 1, 1], [1, 1, 1], [5, 1, 3], [5, 1, 2], [5, 1, 1], [2, 1, 3], [2, 1, 2], [2, 1, 1], [6, 3, 3], [1, 3, 3], [6, 3, 2], [1, 3, 2], [6, 3, 1], [1, 3, 1], [5, 3, 3], [5, 3, 2], [5, 3, 1], [2, 3, 3], [2, 3, 2], [2, 3, 1]]
36	-4.76816	43.34206	52	37	12	pensionerII	[[1, 1, 3], [1, 1, 4], [1, 2, 3], [1, 2, 4], [1, 3, 3], [1, 3, 4], [2, 1, 3], [2, 1, 4], [2, 2, 3], [2, 2, 4], [2, 3, 3], [2, 3, 4], [3, 1, 3], [3, 1, 4], [3, 2, 3], [3, 2, 4], [3, 3, 3], [3, 3, 4], [4, 1, 3], [4, 1, 4], [4, 2, 3], [4, 2, 4], [4, 3, 3], [4, 3, 4], [5, 1, 3], [5, 1, 4], [5, 2, 3], [5, 2, 4], [5, 3, 3], [5, 3, 4], [6, 1, 3], [6, 1, 4], [6, 2, 3], [6, 2, 4], [6, 3, 3], [6, 3, 4], [2, 2, 2], 0, [2, 2, 1], [5, 2, 2], [5, 2, 1], [2, 1, 2], [2, 1, 1], [5, 1, 2], [5, 1, 1], [6, 2, 2], [6, 2, 1], [6, 1, 2], [2, 3, 2], [6, 1, 1], [2, 3, 1], [5, 3, 2], [5, 3, 1], [6, 3, 2], [6, 3, 1], [1, 2, 2], [1, 2, 1], [4, 2, 2], [4, 2, 1], [1, 1, 2], [1, 1, 1], [4, 1, 2], [4, 1, 1], [1, 3, 2], [1, 3, 1], [4, 3, 2], [4, 3, 1], [3, 2, 2], [3, 2, 1], [3, 1, 2], [3, 1, 1], [3, 3, 2], [3, 3, 1]]
37	-4.76209	43.32844	52	37	12	businessII	[[1, 1, 4], [1, 2, 4], [1, 3, 4], [2, 1, 1], [2, 1, 2], [2, 1, 3], [2, 1, 4], [2, 2, 1], [2, 2, 2], [2, 2, 3], [2, 2, 4], [2, 3, 1], [2, 3, 2], [2, 3, 3], [2, 3, 4], [3, 1, 1], [3, 1, 2], [3, 1, 3], [3, 1, 4], [3, 2, 1], [3, 2, 2], [3, 2, 3], [3, 2, 4], [3, 3, 1], [3, 3, 2], [3, 3, 3], [3, 3, 4], [4, 1, 1], [4, 1, 2], [4, 1, 3], [4, 1, 4], [4, 2, 1], [4, 2, 2], [4, 2, 3], [4, 2, 4], [4, 3, 1], [4, 3, 2], [4, 3, 3], [4, 3, 4], [5, 1, 1], [5, 1, 2], [5, 1, 3], [5, 1, 4], [5, 2, 1], [5, 2, 2], [5, 2, 3], [5, 2, 4], [5, 3, 1], [5, 3, 2], [5, 3, 3], [5, 3, 4], [6, 1, 4], [6, 2, 4], [6, 3, 4], [6, 3, 3], 0, [6, 3, 2], [1, 3, 3], [6, 3, 1], [1, 3, 2], [1, 3, 1], [6, 2, 3], [6, 2, 2], [1, 2, 3], [6, 2, 1], [1, 2, 2], [1, 2, 1], [6, 1, 3], [6, 1, 2], [1, 1, 3], [6, 1, 1], [1, 1, 2], [1, 1, 1]]
38	-4.75899	43.32969	52	28	12	pensionerII	[[1, 1, 3], [1, 1, 4], [1, 2, 3], [1, 2, 4], [1, 3, 3], [1, 3, 4], [2, 1, 3], [2, 1, 4], [2, 2, 3], [2, 2, 4], [2, 3, 3], [2, 3, 4], [3, 1, 3], [3, 1, 4], [3, 2, 3], [3, 2, 4], [3, 3, 3], [3, 3, 4], [4, 1, 3], [4, 1, 4], [4, 2, 3], [4, 2, 4], [4, 3, 3], [4, 3, 4], [5, 1, 3], [5, 1, 4], [5, 2, 3], [5, 2, 4], [5, 3, 3], [5, 3, 4], [6, 1, 3], [6, 1, 4], [6, 2, 3], [6, 2, 4], [6, 3, 3], [6, 3, 4], [5, 1, 2], 0, [5, 1, 1], [5, 3, 2], [5, 3, 1], [2, 1, 2], [2, 1, 1], [2, 3, 2], [2, 3, 1], [6, 1, 2], [6, 1, 1], [6, 3, 2], [6, 3, 1], [5, 2, 2], [5, 2, 1], [2, 2, 2], [2, 2, 1], [6, 2, 2], [6, 2, 1], [4, 1, 2], [4, 1, 1], [4, 3, 2], [4, 3, 1], [1, 1, 2], [1, 1, 1], [3, 1, 2], [1, 3, 2], [3, 1, 1], [1, 3, 1], [3, 3, 2], [3, 3, 1], [4, 2, 2], [4, 2, 1], [1, 2, 2], [1, 2, 1], [3, 2, 2], [3, 2, 1]]
39	-4.75504	43.34722	52	28	12	pensionerII	[[1, 1, 3], [1, 1, 4], [1, 2, 3], [1, 2, 4], [1, 3, 3], [1, 3, 4], [2, 1, 3], [2, 1, 4], [2, 2, 3], [2, 2, 4], [2, 3, 3], [2, 3, 4], [3, 1, 3], [3, 1, 4], [3, 2, 3], [3, 2, 4], [3, 3, 3], [3, 3, 4], [4, 1, 3], [4, 1, 4], [4, 2, 3], [4, 2, 4], [4, 3, 3], [4, 3, 4], [5, 1, 3], [5, 1, 4], [5, 2, 3], [5, 2, 4], [5, 3, 3], [5, 3, 4], [6, 1, 3], [6, 1, 4], [6, 2, 3], [6, 2, 4], [6, 3, 3], [6, 3, 4], [6, 3, 2], 0, [6, 3, 1], [5, 3, 2], [5, 3, 1], [6, 1, 2], [6, 1, 1], [5, 1, 2], [5, 1, 1], [2, 3, 2], [2, 3, 1], [6, 2, 2], [6, 2, 1], [5, 2, 2], [5, 2, 1], [2, 1, 2], [2, 1, 1], [2, 2, 2], [2, 2, 1], [1, 3, 2], [1, 3, 1], [4, 3, 2], [4, 3, 1], [3, 3, 2], [3, 3, 1], [1, 1, 2], [1, 1, 1], [4, 1, 2], [4, 1, 1], [3, 1, 2], [3, 1, 1], [1, 2, 2], [1, 2, 1], [4, 2, 2], [4, 2, 1], [3, 2, 2], [3, 2, 1]]
40	-4.75326	43.33607	52	32	12	pensionerI	[[1, 1, 2], [1, 1, 3], [1, 1, 4], [1, 2, 2], [1, 2, 3], [1, 2, 4], [1, 3, 2], [1, 3, 3], [1, 3, 4], [2, 1, 2], [2, 1, 3], [2, 1, 4], [2, 2, 2], [2, 2, 3], [2, 2, 4], [2, 3, 2], [2, 3, 3], [2, 3, 4], [3, 1, 2], [3, 1, 3], [3, 1, 4], [3, 2, 2], [3, 2, 3], [3, 2, 4], [3, 3, 2], [3, 3, 3], [3, 3, 4], [4, 1, 2], [4, 1, 3], [4, 1, 4], [4, 2, 2], [4, 2, 3], [4, 2, 4], [4, 3, 2], [4, 3, 3], [4, 3, 4], [5, 1, 2], [5, 1, 3], [5, 1, 4], [5, 2, 2], [5, 2, 3], [5, 2, 4], [5, 3, 2], [5, 3, 3], [5, 3, 4], [6, 1, 2], [6, 1, 3], [6, 1, 4], [6, 2, 2], [6, 2, 3], [6, 2, 4], [6, 3, 2], [6, 3, 3], [6, 3, 4], [5, 1, 1], 0, [1, 1, 1], [5, 2, 1], [1, 2, 1], [3, 1, 1], [5, 3, 1], [1, 3, 1], [3, 2, 1], [4, 1, 1], [3, 3, 1], [4, 2, 1], [2, 1, 1], [4, 3, 1], [6, 1, 1], [2, 2, 1], [6, 2, 1], [2, 3, 1], [6, 3, 1]]
41	-4.75208	43.34223	52	64	12	familyI	[[1, 1, 2], [1, 1, 3], [1, 1, 4], [1, 2, 2], [1, 2, 3], [1, 2, 4], [1, 3, 2], [1, 3, 3], [1, 3, 4], [2, 1, 2], [2, 1, 3], [2, 1, 4], [2, 2, 2], [2, 2, 3], [2, 2, 4], [2, 3, 2], [2, 3, 3], [2, 3, 4], [3, 1, 2], [3, 1, 3], [3, 1, 4], [3, 2, 2], [3, 2, 3], [3, 2, 4], [3, 3, 2], [3, 3, 3], [3, 3, 4], [4, 1, 2], [4, 1, 3], [4, 1, 4], [4, 2, 2], [4, 2, 3], [4, 2, 4], [4, 3, 2], [4, 3, 3], [4, 3, 4], [5, 1, 2], [5, 1, 3], [5, 1, 4], [5, 2, 2], [5, 2, 3], [5, 2, 4], [5, 3, 2], [5, 3, 3], [5, 3, 4], [6, 1, 2], [6, 1, 3], [6, 1, 4], [6, 2, 2], [6, 2, 3], [6, 2, 4], [6, 3, 2], [6, 3, 3], [6, 3, 4], [6, 2, 1], 0, [3, 2, 1], [1, 2, 1], [5, 2, 1], [6, 1, 1], [3, 1, 1], [1, 1, 1], [5, 1, 1], [6, 3, 1], [4, 2, 1], [3, 3, 1], [1, 3, 1], [5, 3, 1], [2, 2, 1], [4, 1, 1], [2, 1, 1], [4, 3, 1], [2, 3, 1]]
42	-4.75529	43.35121	52	35	12	businessI	[[1, 1, 4], [1, 2, 4], [1, 3, 4], [2, 1, 4], [2, 2, 4], [2, 3, 4], [3, 1, 1], [3, 1, 2], [3, 1, 3], [3, 1, 4], [3, 2, 1], [3, 2, 2], [3, 2, 3], [3, 2, 4], [3, 3, 1], [3, 3, 2], [3, 3, 3], [3, 3, 4], [4, 1, 1], [4, 1, 2], [4, 1, 3], [4, 1, 4], [4, 2, 1], [4, 2, 2], [4, 2, 3], [4, 2, 4], [4, 3, 1], [4, 3, 2], [4, 3, 3], [4, 3, 4], [5, 1, 4], [5, 2, 4], [5, 3, 4], [6, 1, 4], [6, 2, 4], [6, 3, 4], [6, 2, 3], 0, [2, 2, 3], [6, 2, 2], [2, 2, 2], [6, 2, 1], [2, 2, 1], [5, 2, 3], [5, 2, 2], [5, 2, 1], [6, 3, 3], [2, 3, 3], [6, 3, 2], [2, 3, 2], [6, 3, 1], [2, 3, 1], [5, 3, 3], [5, 3, 2], [5, 3, 1], [1, 2, 3], [1, 2, 2], [1, 2, 1], [1, 3, 3], [1, 3, 2], [1, 3, 1], [6, 1, 3], [2, 1, 3], [6, 1, 2], [2, 1, 2], [6, 1, 1], [2, 1, 1], [5, 1, 3], [5, 1, 2], [5, 1, 1], [1, 1, 3], [1, 1, 2], [1, 1, 1]]
43	-4.76553	43.33208	52	40	12	pensionerI	[[1, 1, 2], [1, 1, 3], [1, 1, 4], [1, 2, 2], [1, 2, 3], [1, 2, 4], [1, 3, 2], [1, 3, 3], [1, 3, 4], [2, 1, 2], [2, 1, 3], [2, 1, 4], [2, 2, 2], [2, 2, 3], [2, 2, 4], [2, 3, 2], [2, 3, 3], [2, 3, 4], [3, 1, 2], [3, 1, 3], [3, 1, 4], [3, 2, 2], [3, 2, 3], [3, 2, 4], [3, 3, 2], [3, 3, 3], [3, 3, 4], [4, 1, 2], [4, 1, 3], [4, 1, 4], [4, 2, 2], [4, 2, 3], [4, 2, 4], [4, 3, 2], [4, 3, 3], [4, 3, 4], [5, 1, 2], [5, 1, 3], [5, 1, 4], [5, 2, 2], [5, 2, 3], [5, 2, 4], [5, 3, 2], [5, 3, 3], [5, 3, 4], [6, 1, 2], [6, 1, 3], [6, 1, 4], [6, 2, 2], [6, 2, 3], [6, 2, 4], [6, 3, 2], [6, 3, 3], [6, 3, 4], [6, 2, 1], 0, [1, 2, 1], [5, 2, 1], [3, 2, 1], [6, 3, 1], [1, 3, 1], [5, 3, 1], [3, 3, 1], [4, 2, 1], [4, 3, 1], [6, 1, 1], [1, 1, 1], [2, 2, 1], [5, 1, 1], [3, 1, 1], [2, 3, 1], [4, 1, 1], [2, 1, 1]]
44	-4.764	43.33016	52	54	12	businessII	[[1, 1, 4], [1, 2, 4], [1, 3, 4], [2, 1, 1], [2, 1, 2], [2, 1, 3], [2, 1, 4], [2, 2, 1], [2, 2, 2], [2, 2, 3], [2, 2, 4], [2, 3, 1], [2, 3, 2], [2, 3, 3], [2, 3, 4], [3, 1, 1], [3, 1, 2], [3, 1, 3], [3, 1, 4], [3, 2, 1], [3, 2, 2], [3, 2, 3], [3, 2, 4], [3, 3, 1], [3, 3, 2], [3, 3, 3], [3, 3, 4], [4, 1, 1], [4, 1, 2], [4, 1, 3], [4, 1, 4], [4, 2, 1], [4, 2, 2], [4, 2, 3], [4, 2, 4], [4, 3, 1], [4, 3, 2], [4, 3, 3], [4, 3, 4], [5, 1, 1], [5, 1, 2], [5, 1, 3], [5, 1, 4], [5, 2, 1], [5, 2, 2], [5, 2, 3], [5, 2, 4], [5, 3, 1], [5, 3, 2], [5, 3, 3], [5, 3, 4], [6, 1, 4], [6, 2, 4], [6, 3, 4], [1, 3, 3], 0, [1, 2, 3], [1, 3, 2], [1, 2, 2], [1, 3, 1], [1, 2, 1], [1, 1, 3], [6, 3, 3], [6, 2, 3], [1, 1, 2], [6, 3, 2], [6, 2, 2], [1, 1, 1], [6, 3, 1], [6, 2, 1], [6, 1, 3], [6, 1, 2], [6, 1, 1]]
45	-4.77931	43.3485	52	71	12	familyII	[[1, 1, 4], [1, 2, 4], [1, 3, 4], [2, 1, 4], [2, 2, 4], [2, 3, 4], [3, 1, 4], [3, 2, 4], [3, 3, 4], [4, 1, 4], [4, 2, 4], [4, 3, 4], [5, 1, 4], [5, 2, 4], [5, 3, 4], [6, 1, 4], [6, 2, 4], [6, 3, 4], [6, 3, 3], 0, [5, 3, 3], [1, 3, 3], [6, 3, 2], [5, 3, 2], [1, 3, 2], [6, 3, 1], [5, 3, 1], [1, 3, 1], [6, 2, 3], [5, 2, 3], [1, 2, 3], [6, 2, 2], [5, 2, 2], [1, 2, 2], [6, 2, 1], [5, 2, 1], [1, 2, 1], [4, 3, 3], [2, 3, 3], [4, 3, 2], [2, 3, 2], [4, 3, 1], [2, 3, 1], [4, 2, 3], [6, 1, 3], [3, 3, 3], [2, 2, 3], [5, 1, 3], [1, 1, 3], [4, 2, 2], [6, 1, 2], [3, 3, 2], [2, 2, 2], [5, 1, 2], [1, 1, 2], [4, 2, 1], [6, 1, 1], [3, 3, 1], [2, 2, 1], [5, 1, 1], [1, 1, 1], [3, 2, 3], [3, 2, 2], [3, 2, 1], [4, 1, 3], [2, 1, 3], [4, 1, 2], [2, 1, 2], [4, 1, 1], [2, 1, 1], [3, 1, 3], [3, 1, 2], [3, 1, 1]]
46	-4.78553	43.34139	52	38	12	businessII	[[1, 1, 4], [1, 2, 4], [1, 3, 4], [2, 1, 1], [2, 1, 2], [2, 1, 3], [2, 1, 4], [2, 2, 1], [2, 2, 2], [2, 2, 3], [2, 2, 4], [2, 3, 1], [2, 3, 2], [2, 3, 3], [2, 3, 4], [3, 1, 1], [3, 1, 2], [3, 1, 3], [3, 1, 4], [3, 2, 1], [3, 2, 2], [3, 2, 3], [3, 2, 4], [3, 3, 1], [3, 3, 2], [3, 3, 3], [3, 3, 4], [4, 1, 1], [4, 1, 2], [4, 1, 3], [4, 1, 4], [4, 2, 1], [4, 2, 2], [4, 2, 3], [4, 2, 4], [4, 3, 1], [4, 3, 2], [4, 3, 3], [4, 3, 4], [5, 1, 1], [5, 1, 2], [5, 1, 3], [5, 1, 4], [5, 2, 1], [5, 2, 2], [5, 2, 3], [5, 2, 4], [5, 3, 1], [5, 3, 2], [5, 3, 3], [5, 3, 4], [6, 1, 4], [6, 2, 4], [6, 3, 4], [1, 2, 3], 0, [1, 2, 2], [1, 2, 1], [6, 2, 3], [6, 2, 2], [6, 2, 1], [1, 3, 3], [1, 3, 2], [1, 3, 1], [6, 3, 3], [6, 3, 2], [6, 3, 1], [1, 1, 3], [1, 1, 2], [1, 1, 1], [6, 1, 3], [6, 1, 2], [6, 1, 1]]
47	-4.80492	43.34455	52	40	12	businessI	[[1, 1, 4], [1, 2, 4], [1, 3, 4], [2, 1, 4], [2, 2, 4], [2, 3, 4], [3, 1, 1], [3, 1, 2], [3, 1, 3], [3, 1, 4], [3, 2, 1], [3, 2, 2], [3, 2, 3], [3, 2, 4], [3, 3, 1], [3, 3, 2], [3, 3, 3], [3, 3, 4], [4, 1, 1], [4, 1, 2], [4, 1, 3], [4, 1, 4], [4, 2, 1], [4, 2, 2], [4, 2, 3], [4, 2, 4], [4, 3, 1], [4, 3, 2], [4, 3, 3], [4, 3, 4], [5, 1, 4], [5, 2, 4], [5, 3, 4], [6, 1, 4], [6, 2, 4], [6, 3, 4], [1, 1, 3], 0, [2, 1, 3], [1, 1, 2], [2, 1, 2], [1, 1, 1], [2, 1, 1], [6, 1, 3], [6, 1, 2], [6, 1, 1], [5, 1, 3], [5, 1, 2], [5, 1, 1], [1, 2, 3], [2, 2, 3], [1, 2, 2], [2, 2, 2], [1, 2, 1], [2, 2, 1], [6, 2, 3], [6, 2, 2], [6, 2, 1], [5, 2, 3], [5, 2, 2], [5, 2, 1], [1, 3, 3], [2, 3, 3], [1, 3, 2], [2, 3, 2], [1, 3, 1], [2, 3, 1], [6, 3, 3], [6, 3, 2], [6, 3, 1], [5, 3, 3], [5, 3, 2], [5, 3, 1]]
48	-4.80783	43.34172	52	75	12	familyI	[[1, 1, 2], [1, 1, 3], [1, 1, 4], [1, 2, 2], [1, 2, 3], [1, 2, 4], [1, 3, 2], [1, 3, 3], [1, 3, 4], [2, 1, 2], [2, 1, 3], [2, 1, 4], [2, 2, 2], [2, 2, 3], [2, 2, 4], [2, 3, 2], [2, 3, 3], [2, 3, 4], [3, 1, 2], [3, 1, 3], [3, 1, 4], [3, 2, 2], [3, 2, 3], [3, 2, 4], [3, 3, 2], [3, 3, 3], [3, 3, 4], [4, 1, 2], [4, 1, 3], [4, 1, 4], [4, 2, 2], [4, 2, 3], [4, 2, 4], [4, 3, 2], [4, 3, 3], [4, 3, 4], [5, 1, 2], [5, 1, 3], [5, 1, 4], [5, 2, 2], [5, 2, 3], [5, 2, 4], [5, 3, 2], [5, 3, 3], [5, 3, 4], [6, 1, 2], [6, 1, 3], [6, 1, 4], [6, 2, 2], [6, 2, 3], [6, 2, 4], [6, 3, 2], [6, 3, 3], [6, 3, 4], [5, 2, 1], 0, [1, 2, 1], [5, 3, 1], [6, 2, 1], [1, 3, 1], [6, 3, 1], [3, 2, 1], [3, 3, 1], [2, 2, 1], [4, 2, 1], [2, 3, 1], [4, 3, 1], [5, 1, 1], [1, 1, 1], [6, 1, 1], [3, 1, 1], [2, 1, 1], [4, 1, 1]]
49	-4.78949	43.34492	52	46	12	businessII	[[1, 1, 4], [1, 2, 4], [1, 3, 4], [2, 1, 1], [2, 1, 2], [2, 1, 3], [2, 1, 4], [2, 2, 1], [2, 2, 2], [2, 2, 3], [2, 2, 4], [2, 3, 1], [2, 3, 2], [2, 3, 3], [2, 3, 4], [3, 1, 1], [3, 1, 2], [3, 1, 3], [3, 1, 4], [3, 2, 1], [3, 2, 2], [3, 2, 3], [3, 2, 4], [3, 3, 1], [3, 3, 2], [3, 3, 3], [3, 3, 4], [4, 1, 1], [4, 1, 2], [4, 1, 3], [4, 1, 4], [4, 2, 1], [4, 2, 2], [4, 2, 3], [4, 2, 4], [4, 3, 1], [4, 3, 2], [4, 3, 3], [4, 3, 4], [5, 1, 1], [5, 1, 2], [5, 1, 3], [5, 1, 4], [5, 2, 1], [5, 2, 2], [5, 2, 3], [5, 2, 4], [5, 3, 1], [5, 3, 2], [5, 3, 3], [5, 3, 4], [6, 1, 4], [6, 2, 4], [6, 3, 4], [6, 2, 3], 0, [6, 2, 2], [6, 2, 1], [6, 3, 3], [6, 3, 2], [6, 3, 1], [1, 2, 3], [1, 2, 2], [1, 2, 1], [1, 3, 3], [1, 3, 2], [1, 3, 1], [6, 1, 3], [6, 1, 2], [6, 1, 1], [1, 1, 3], [1, 1, 2], [1, 1, 1]]
50	-4.78414	43.36437	52	52	12	familyI	[[1, 1, 2], [1, 1, 3], [1, 1, 4], [1, 2, 2], [1, 2, 3], [1, 2, 4], [1, 3, 2], [1, 3, 3], [1, 3, 4], [2, 1, 2], [2, 1, 3], [2, 1, 4], [2, 2, 2], [2, 2, 3], [2, 2, 4], [2, 3, 2], [2, 3, 3], [2, 3, 4], [3, 1, 2], [3, 1, 3], [3, 1, 4], [3, 2, 2], [3, 2, 3], [3, 2, 4], [3, 3, 2], [3, 3, 3], [3, 3, 4], [4, 1, 2], [4, 1, 3], [4, 1, 4], [4, 2, 2], [4, 2, 3], [4, 2, 4], [4, 3, 2], [4, 3, 3], [4, 3, 4], [5, 1, 2], [5, 1, 3], [5, 1, 4], [5, 2, 2], [5, 2, 3], [5, 2, 4], [5, 3, 2], [5, 3, 3], [5, 3, 4], [6, 1, 2], [6, 1, 3], [6, 1, 4], [6, 2, 2], [6, 2, 3], [6, 2, 4], [6, 3, 2], [6, 3, 3], [6, 3, 4], [1, 3, 1], 0, [5, 3, 1], [3, 3, 1], [6, 3, 1], [1, 2, 1], [1, 1, 1], [5, 2, 1], [5, 1, 1], [3, 2, 1], [3, 1, 1], [6, 2, 1], [6, 1, 1], [4, 3, 1], [4, 2, 1], [2, 3, 1], [4, 1, 1], [2, 2, 1], [2, 1, 1]]
51	-4.77948	43.3637	52	36	12	businessI	[[1, 1, 4], [1, 2, 4], [1, 3, 4], [2, 1, 4], [2, 2, 4], [2, 3, 4], [3, 1, 1], [3, 1, 2], [3, 1, 3], [3, 1, 4], [3, 2, 1], [3, 2, 2], [3, 2, 3], [3, 2, 4], [3, 3, 1], [3, 3, 2], [3, 3, 3], [3, 3, 4], [4, 1, 1], [4, 1, 2], [4, 1, 3], [4, 1, 4], [4, 2, 1], [4, 2, 2], [4, 2, 3], [4, 2, 4], [4, 3, 1], [4, 3, 2], [4, 3, 3], [4, 3, 4], [5, 1, 4], [5, 2, 4], [5, 3, 4], [6, 1, 4], [6, 2, 4], [6, 3, 4], [1, 2, 3], 0, [1, 2, 2], [1, 2, 1], [1, 1, 3], [1, 1, 2], [1, 1, 1], [5, 2, 3], [5, 2, 2], [6, 2, 3], [5, 2, 1], [6, 2, 2], [6, 2, 1], [2, 2, 3], [2, 2, 2], [5, 1, 3], [2, 2, 1], [5, 1, 2], [6, 1, 3], [5, 1, 1], [6, 1, 2], [6, 1, 1], [2, 1, 3], [2, 1, 2], [2, 1, 1], [1, 3, 3], [1, 3, 2], [1, 3, 1], [5, 3, 3], [5, 3, 2], [6, 3, 3], [5, 3, 1], [6, 3, 2], [6, 3, 1], [2, 3, 3], [2, 3, 2], [2, 3, 1]]
52	-4.79525	43.3679	52	49	12	businessII	[[1, 1, 4], [1, 2, 4], [1, 3, 4], [2, 1, 1], [2, 1, 2], [2, 1, 3], [2, 1, 4], [2, 2, 1], [2, 2, 2], [2, 2, 3], [2, 2, 4], [2, 3, 1], [2, 3, 2], [2, 3, 3], [2, 3, 4], [3, 1, 1], [3, 1, 2], [3, 1, 3], [3, 1, 4], [3, 2, 1], [3, 2, 2], [3, 2, 3], [3, 2, 4], [3, 3, 1], [3, 3, 2], [3, 3, 3], [3, 3, 4], [4, 1, 1], [4, 1, 2], [4, 1, 3], [4, 1, 4], [4, 2, 1], [4, 2, 2], [4, 2, 3], [4, 2, 4], [4, 3, 1], [4, 3, 2], [4, 3, 3], [4, 3, 4], [5, 1, 1], [5, 1, 2], [5, 1, 3], [5, 1, 4], [5, 2, 1], [5, 2, 2], [5, 2, 3], [5, 2, 4], [5, 3, 1], [5, 3, 2], [5, 3, 3], [5, 3, 4], [6, 1, 4], [6, 2, 4], [6, 3, 4], [1, 2, 3], 0, [1, 2, 2], [1, 2, 1], [6, 2, 3], [6, 2, 2], [6, 2, 1], [1, 3, 3], [1, 3, 2], [1, 3, 1], [1, 1, 3], [1, 1, 2], [1, 1, 1], [6, 3, 3], [6, 3, 2], [6, 3, 1], [6, 1, 3], [6, 1, 2], [6, 1, 1]]
53	-4.78542	43.3634	52	28	12	pensionerII	[[1, 1, 3], [1, 1, 4], [1, 2, 3], [1, 2, 4], [1, 3, 3], [1, 3, 4], [2, 1, 3], [2, 1, 4], [2, 2, 3], [2, 2, 4], [2, 3, 3], [2, 3, 4], [3, 1, 3], [3, 1, 4], [3, 2, 3], [3, 2, 4], [3, 3, 3], [3, 3, 4], [4, 1, 3], [4, 1, 4], [4, 2, 3], [4, 2, 4], [4, 3, 3], [4, 3, 4], [5, 1, 3], [5, 1, 4], [5, 2, 3], [5, 2, 4], [5, 3, 3], [5, 3, 4], [6, 1, 3], [6, 1, 4], [6, 2, 3], [6, 2, 4], [6, 3, 3], [6, 3, 4], [5, 1, 2], 0, [5, 1, 1], [5, 2, 2], [5, 2, 1], [6, 1, 2], [6, 1, 1], [2, 1, 2], [2, 1, 1], [6, 2, 2], [6, 2, 1], [2, 2, 2], [2, 2, 1], [1, 1, 2], [1, 1, 1], [4, 1, 2], [4, 1, 1], [1, 2, 2], [3, 1, 2], [1, 2, 1], [3, 1, 1], [4, 2, 2], [4, 2, 1], [3, 2, 2], [3, 2, 1], [5, 3, 2], [5, 3, 1], [6, 3, 2], [6, 3, 1], [2, 3, 2], [2, 3, 1], [1, 3, 2], [1, 3, 1], [4, 3, 2], [4, 3, 1], [3, 3, 2], [3, 3, 1]]
54	-4.7663	43.35852	52	55	12	businessI	[[1, 1, 4], [1, 2, 4], [1, 3, 4], [2, 1, 4], [2, 2, 4], [2, 3, 4], [3, 1, 1], [3, 1, 2], [3, 1, 3], [3, 1, 4], [3, 2, 1], [3, 2, 2], [3, 2, 3], [3, 2, 4], [3, 3, 1], [3, 3, 2], [3, 3, 3], [3, 3, 4], [4, 1, 1], [4, 1, 2], [4, 1, 3], [4, 1, 4], [4, 2, 1], [4, 2, 2], [4, 2, 3], [4, 2, 4], [4, 3, 1], [4, 3, 2], [4, 3, 3], [4, 3, 4], [5, 1, 4], [5, 2, 4], [5, 3, 4], [6, 1, 4], [6, 2, 4], [6, 3, 4], [1, 3, 3], 0, [1, 3, 2], [1, 3, 1], [2, 3, 3], [2, 3, 2], [2, 3, 1], [5, 3, 3], [5, 3, 2], [5, 3, 1], [1, 1, 3], [1, 1, 2], [6, 3, 3], [1, 1, 1], [6, 3, 2], [6, 3, 1], [2, 1, 3], [2, 1, 2], [2, 1, 1], [5, 1, 3], [5, 1, 2], [5, 1, 1], [6, 1, 3], [6, 1, 2], [6, 1, 1], [1, 2, 3], [1, 2, 2], [1, 2, 1], [2, 2, 3], [2, 2, 2], [2, 2, 1], [5, 2, 3], [5, 2, 2], [5, 2, 1], [6, 2, 3], [6, 2, 2], [6, 2, 1]]