S3n54d3w6-120p5-4-8c3_1679305931

DAYS
3

WINDOWS
1	480	600
2	600	720
3	720	840
4	840	960
5	960	1080
6	1080	1200

FEES
1	5
2	6
3	7
4	8

CLUSTERS
CLUST NO.	LONCOORD.	LATCOORD.

51	-4.87416	43.3423
52	-4.7807	43.3423
57	-4.82743	43.31532

CUSTOMERS
CUST NO.	LONCOORD.	LATCOORD.	CLUST NO.	BASKET.	SERVICE TIME.	SEGMENT.	PREF LIST.
0	-4.82743	43.31532	0	0	0	0	0
1	-4.83245	43.31104	57	54	12	businessII	[[1, 1, 4], [1, 2, 4], [1, 3, 4], [2, 1, 1], [2, 1, 2], [2, 1, 3], [2, 1, 4], [2, 2, 1], [2, 2, 2], [2, 2, 3], [2, 2, 4], [2, 3, 1], [2, 3, 2], [2, 3, 3], [2, 3, 4], [3, 1, 1], [3, 1, 2], [3, 1, 3], [3, 1, 4], [3, 2, 1], [3, 2, 2], [3, 2, 3], [3, 2, 4], [3, 3, 1], [3, 3, 2], [3, 3, 3], [3, 3, 4], [4, 1, 1], [4, 1, 2], [4, 1, 3], [4, 1, 4], [4, 2, 1], [4, 2, 2], [4, 2, 3], [4, 2, 4], [4, 3, 1], [4, 3, 2], [4, 3, 3], [4, 3, 4], [5, 1, 1], [5, 1, 2], [5, 1, 3], [5, 1, 4], [5, 2, 1], [5, 2, 2], [5, 2, 3], [5, 2, 4], [5, 3, 1], [5, 3, 2], [5, 3, 3], [5, 3, 4], [6, 1, 4], [6, 2, 4], [6, 3, 4], [1, 2, 3], 0, [1, 2, 2], [1, 2, 1], [6, 2, 3], [6, 2, 2], [6, 2, 1], [1, 1, 3], [1, 1, 2], [1, 1, 1], [6, 1, 3], [6, 1, 2], [6, 1, 1], [1, 3, 3], [1, 3, 2], [1, 3, 1], [6, 3, 3], [6, 3, 2], [6, 3, 1]]
2	-4.83551	43.30956	57	40	12	familyII	[[1, 1, 4], [1, 2, 4], [1, 3, 4], [2, 1, 4], [2, 2, 4], [2, 3, 4], [3, 1, 4], [3, 2, 4], [3, 3, 4], [4, 1, 4], [4, 2, 4], [4, 3, 4], [5, 1, 4], [5, 2, 4], [5, 3, 4], [6, 1, 4], [6, 2, 4], [6, 3, 4], [6, 3, 3], 0, [1, 3, 3], [6, 3, 2], [1, 3, 2], [6, 3, 1], [6, 1, 3], [1, 3, 1], [1, 1, 3], [5, 3, 3], [6, 1, 2], [1, 1, 2], [6, 2, 3], [5, 3, 2], [1, 2, 3], [6, 1, 1], [1, 1, 1], [6, 2, 2], [5, 3, 1], [5, 1, 3], [1, 2, 2], [6, 2, 1], [5, 1, 2], [1, 2, 1], [5, 2, 3], [4, 3, 3], [5, 1, 1], [2, 3, 3], [5, 2, 2], [4, 3, 2], [2, 3, 2], [5, 2, 1], [3, 3, 3], [4, 3, 1], [4, 1, 3], [2, 3, 1], [2, 1, 3], [3, 3, 2], [4, 1, 2], [4, 2, 3], [2, 1, 2], [3, 3, 1], [3, 1, 3], [4, 1, 1], [2, 2, 3], [4, 2, 2], [2, 1, 1], [3, 1, 2], [2, 2, 2], [3, 2, 3], [4, 2, 1], [3, 1, 1], [2, 2, 1], [3, 2, 2], [3, 2, 1]]
3	-4.83368	43.30736	57	59	12	familyII	[[1, 1, 4], [1, 2, 4], [1, 3, 4], [2, 1, 4], [2, 2, 4], [2, 3, 4], [3, 1, 4], [3, 2, 4], [3, 3, 4], [4, 1, 4], [4, 2, 4], [4, 3, 4], [5, 1, 4], [5, 2, 4], [5, 3, 4], [6, 1, 4], [6, 2, 4], [6, 3, 4], [6, 1, 3], 0, [5, 1, 3], [6, 3, 3], [5, 3, 3], [6, 1, 2], [5, 1, 2], [1, 1, 3], [6, 3, 2], [5, 3, 2], [1, 3, 3], [6, 1, 1], [5, 1, 1], [1, 1, 2], [6, 3, 1], [5, 3, 1], [1, 3, 2], [6, 2, 3], [5, 2, 3], [1, 1, 1], [1, 3, 1], [6, 2, 2], [5, 2, 2], [1, 2, 3], [6, 2, 1], [5, 2, 1], [1, 2, 2], [1, 2, 1], [2, 1, 3], [3, 1, 3], [2, 3, 3], [3, 3, 3], [2, 1, 2], [3, 1, 2], [2, 3, 2], [3, 3, 2], [2, 1, 1], [3, 1, 1], [2, 3, 1], [3, 3, 1], [2, 2, 3], [3, 2, 3], [2, 2, 2], [3, 2, 2], [4, 1, 3], [4, 3, 3], [2, 2, 1], [3, 2, 1], [4, 1, 2], [4, 3, 2], [4, 1, 1], [4, 3, 1], [4, 2, 3], [4, 2, 2], [4, 2, 1]]
4	-4.84298	43.28888	57	21	12	pensionerII	[[1, 1, 3], [1, 1, 4], [1, 2, 3], [1, 2, 4], [1, 3, 3], [1, 3, 4], [2, 1, 3], [2, 1, 4], [2, 2, 3], [2, 2, 4], [2, 3, 3], [2, 3, 4], [3, 1, 3], [3, 1, 4], [3, 2, 3], [3, 2, 4], [3, 3, 3], [3, 3, 4], [4, 1, 3], [4, 1, 4], [4, 2, 3], [4, 2, 4], [4, 3, 3], [4, 3, 4], [5, 1, 3], [5, 1, 4], [5, 2, 3], [5, 2, 4], [5, 3, 3], [5, 3, 4], [6, 1, 3], [6, 1, 4], [6, 2, 3], [6, 2, 4], [6, 3, 3], [6, 3, 4], [5, 3, 2], 0, [5, 3, 1], [6, 3, 2], [6, 3, 1], [2, 3, 2], [2, 3, 1], [5, 2, 2], [5, 2, 1], [6, 2, 2], [6, 2, 1], [5, 1, 2], [2, 2, 2], [5, 1, 1], [2, 2, 1], [6, 1, 2], [6, 1, 1], [2, 1, 2], [2, 1, 1], [3, 3, 2], [3, 3, 1], [4, 3, 2], [4, 3, 1], [1, 3, 2], [1, 3, 1], [3, 2, 2], [3, 2, 1], [4, 2, 2], [4, 2, 1], [3, 1, 2], [3, 1, 1], [1, 2, 2], [1, 2, 1], [4, 1, 2], [4, 1, 1], [1, 1, 2], [1, 1, 1]]
5	-4.84128	43.31014	57	74	12	familyII	[[1, 1, 4], [1, 2, 4], [1, 3, 4], [2, 1, 4], [2, 2, 4], [2, 3, 4], [3, 1, 4], [3, 2, 4], [3, 3, 4], [4, 1, 4], [4, 2, 4], [4, 3, 4], [5, 1, 4], [5, 2, 4], [5, 3, 4], [6, 1, 4], [6, 2, 4], [6, 3, 4], [6, 1, 3], 0, [1, 1, 3], [6, 1, 2], [5, 1, 3], [1, 1, 2], [6, 1, 1], [5, 1, 2], [1, 1, 1], [6, 2, 3], [5, 1, 1], [1, 2, 3], [6, 2, 2], [5, 2, 3], [1, 2, 2], [6, 2, 1], [5, 2, 2], [1, 2, 1], [5, 2, 1], [2, 1, 3], [6, 3, 3], [2, 1, 2], [3, 1, 3], [1, 3, 3], [6, 3, 2], [2, 1, 1], [5, 3, 3], [4, 1, 3], [3, 1, 2], [1, 3, 2], [2, 2, 3], [6, 3, 1], [5, 3, 2], [4, 1, 2], [3, 1, 1], [1, 3, 1], [2, 2, 2], [5, 3, 1], [4, 1, 1], [3, 2, 3], [2, 2, 1], [4, 2, 3], [3, 2, 2], [4, 2, 2], [3, 2, 1], [4, 2, 1], [2, 3, 3], [2, 3, 2], [3, 3, 3], [2, 3, 1], [4, 3, 3], [3, 3, 2], [4, 3, 2], [3, 3, 1], [4, 3, 1]]
6	-4.80614	43.31883	57	21	12	pensionerII	[[1, 1, 3], [1, 1, 4], [1, 2, 3], [1, 2, 4], [1, 3, 3], [1, 3, 4], [2, 1, 3], [2, 1, 4], [2, 2, 3], [2, 2, 4], [2, 3, 3], [2, 3, 4], [3, 1, 3], [3, 1, 4], [3, 2, 3], [3, 2, 4], [3, 3, 3], [3, 3, 4], [4, 1, 3], [4, 1, 4], [4, 2, 3], [4, 2, 4], [4, 3, 3], [4, 3, 4], [5, 1, 3], [5, 1, 4], [5, 2, 3], [5, 2, 4], [5, 3, 3], [5, 3, 4], [6, 1, 3], [6, 1, 4], [6, 2, 3], [6, 2, 4], [6, 3, 3], [6, 3, 4], [6, 2, 2], 0, [6, 2, 1], [2, 2, 2], [2, 2, 1], [5, 2, 2], [5, 2, 1], [6, 3, 2], [6, 3, 1], [2, 3, 2], [2, 3, 1], [5, 3, 2], [5, 3, 1], [6, 1, 2], [6, 1, 1], [2, 1, 2], [2, 1, 1], [1, 2, 2], [1, 2, 1], [3, 2, 2], [5, 1, 2], [3, 2, 1], [5, 1, 1], [4, 2, 2], [4, 2, 1], [1, 3, 2], [1, 3, 1], [3, 3, 2], [3, 3, 1], [4, 3, 2], [4, 3, 1], [1, 1, 2], [1, 1, 1], [3, 1, 2], [3, 1, 1], [4, 1, 2], [4, 1, 1]]
7	-4.81152	43.30882	57	49	12	businessII	[[1, 1, 4], [1, 2, 4], [1, 3, 4], [2, 1, 1], [2, 1, 2], [2, 1, 3], [2, 1, 4], [2, 2, 1], [2, 2, 2], [2, 2, 3], [2, 2, 4], [2, 3, 1], [2, 3, 2], [2, 3, 3], [2, 3, 4], [3, 1, 1], [3, 1, 2], [3, 1, 3], [3, 1, 4], [3, 2, 1], [3, 2, 2], [3, 2, 3], [3, 2, 4], [3, 3, 1], [3, 3, 2], [3, 3, 3], [3, 3, 4], [4, 1, 1], [4, 1, 2], [4, 1, 3], [4, 1, 4], [4, 2, 1], [4, 2, 2], [4, 2, 3], [4, 2, 4], [4, 3, 1], [4, 3, 2], [4, 3, 3], [4, 3, 4], [5, 1, 1], [5, 1, 2], [5, 1, 3], [5, 1, 4], [5, 2, 1], [5, 2, 2], [5, 2, 3], [5, 2, 4], [5, 3, 1], [5, 3, 2], [5, 3, 3], [5, 3, 4], [6, 1, 4], [6, 2, 4], [6, 3, 4], [1, 3, 3], 0, [1, 3, 2], [1, 3, 1], [6, 3, 3], [6, 3, 2], [6, 3, 1], [1, 2, 3], [1, 2, 2], [1, 2, 1], [6, 2, 3], [6, 2, 2], [6, 2, 1], [1, 1, 3], [1, 1, 2], [1, 1, 1], [6, 1, 3], [6, 1, 2], [6, 1, 1]]
8	-4.83776	43.29198	57	38	12	businessI	[[1, 1, 4], [1, 2, 4], [1, 3, 4], [2, 1, 4], [2, 2, 4], [2, 3, 4], [3, 1, 1], [3, 1, 2], [3, 1, 3], [3, 1, 4], [3, 2, 1], [3, 2, 2], [3, 2, 3], [3, 2, 4], [3, 3, 1], [3, 3, 2], [3, 3, 3], [3, 3, 4], [4, 1, 1], [4, 1, 2], [4, 1, 3], [4, 1, 4], [4, 2, 1], [4, 2, 2], [4, 2, 3], [4, 2, 4], [4, 3, 1], [4, 3, 2], [4, 3, 3], [4, 3, 4], [5, 1, 4], [5, 2, 4], [5, 3, 4], [6, 1, 4], [6, 2, 4], [6, 3, 4], [6, 2, 3], 0, [2, 2, 3], [6, 2, 2], [2, 2, 2], [6, 2, 1], [2, 2, 1], [5, 2, 3], [5, 2, 2], [5, 2, 1], [1, 2, 3], [1, 2, 2], [1, 2, 1], [6, 1, 3], [2, 1, 3], [6, 1, 2], [2, 1, 2], [6, 1, 1], [2, 1, 1], [5, 1, 3], [5, 1, 2], [5, 1, 1], [1, 1, 3], [1, 1, 2], [1, 1, 1], [6, 3, 3], [2, 3, 3], [6, 3, 2], [2, 3, 2], [6, 3, 1], [2, 3, 1], [5, 3, 3], [5, 3, 2], [5, 3, 1], [1, 3, 3], [1, 3, 2], [1, 3, 1]]
9	-4.83571	43.2901	57	70	12	familyI	[[1, 1, 2], [1, 1, 3], [1, 1, 4], [1, 2, 2], [1, 2, 3], [1, 2, 4], [1, 3, 2], [1, 3, 3], [1, 3, 4], [2, 1, 2], [2, 1, 3], [2, 1, 4], [2, 2, 2], [2, 2, 3], [2, 2, 4], [2, 3, 2], [2, 3, 3], [2, 3, 4], [3, 1, 2], [3, 1, 3], [3, 1, 4], [3, 2, 2], [3, 2, 3], [3, 2, 4], [3, 3, 2], [3, 3, 3], [3, 3, 4], [4, 1, 2], [4, 1, 3], [4, 1, 4], [4, 2, 2], [4, 2, 3], [4, 2, 4], [4, 3, 2], [4, 3, 3], [4, 3, 4], [5, 1, 2], [5, 1, 3], [5, 1, 4], [5, 2, 2], [5, 2, 3], [5, 2, 4], [5, 3, 2], [5, 3, 3], [5, 3, 4], [6, 1, 2], [6, 1, 3], [6, 1, 4], [6, 2, 2], [6, 2, 3], [6, 2, 4], [6, 3, 2], [6, 3, 3], [6, 3, 4], [5, 1, 1], 0, [6, 1, 1], [3, 1, 1], [1, 1, 1], [5, 3, 1], [6, 3, 1], [3, 3, 1], [1, 3, 1], [5, 2, 1], [6, 2, 1], [2, 1, 1], [3, 2, 1], [1, 2, 1], [2, 3, 1], [4, 1, 1], [2, 2, 1], [4, 3, 1], [4, 2, 1]]
10	-4.8341	43.2973	57	43	12	businessII	[[1, 1, 4], [1, 2, 4], [1, 3, 4], [2, 1, 1], [2, 1, 2], [2, 1, 3], [2, 1, 4], [2, 2, 1], [2, 2, 2], [2, 2, 3], [2, 2, 4], [2, 3, 1], [2, 3, 2], [2, 3, 3], [2, 3, 4], [3, 1, 1], [3, 1, 2], [3, 1, 3], [3, 1, 4], [3, 2, 1], [3, 2, 2], [3, 2, 3], [3, 2, 4], [3, 3, 1], [3, 3, 2], [3, 3, 3], [3, 3, 4], [4, 1, 1], [4, 1, 2], [4, 1, 3], [4, 1, 4], [4, 2, 1], [4, 2, 2], [4, 2, 3], [4, 2, 4], [4, 3, 1], [4, 3, 2], [4, 3, 3], [4, 3, 4], [5, 1, 1], [5, 1, 2], [5, 1, 3], [5, 1, 4], [5, 2, 1], [5, 2, 2], [5, 2, 3], [5, 2, 4], [5, 3, 1], [5, 3, 2], [5, 3, 3], [5, 3, 4], [6, 1, 4], [6, 2, 4], [6, 3, 4], [6, 2, 3], 0, [6, 2, 2], [6, 2, 1], [1, 2, 3], [1, 2, 2], [1, 2, 1], [6, 1, 3], [6, 1, 2], [6, 1, 1], [6, 3, 3], [6, 3, 2], [6, 3, 1], [1, 1, 3], [1, 1, 2], [1, 1, 1], [1, 3, 3], [1, 3, 2], [1, 3, 1]]
11	-4.83403	43.29464	57	39	12	pensionerI	[[1, 1, 2], [1, 1, 3], [1, 1, 4], [1, 2, 2], [1, 2, 3], [1, 2, 4], [1, 3, 2], [1, 3, 3], [1, 3, 4], [2, 1, 2], [2, 1, 3], [2, 1, 4], [2, 2, 2], [2, 2, 3], [2, 2, 4], [2, 3, 2], [2, 3, 3], [2, 3, 4], [3, 1, 2], [3, 1, 3], [3, 1, 4], [3, 2, 2], [3, 2, 3], [3, 2, 4], [3, 3, 2], [3, 3, 3], [3, 3, 4], [4, 1, 2], [4, 1, 3], [4, 1, 4], [4, 2, 2], [4, 2, 3], [4, 2, 4], [4, 3, 2], [4, 3, 3], [4, 3, 4], [5, 1, 2], [5, 1, 3], [5, 1, 4], [5, 2, 2], [5, 2, 3], [5, 2, 4], [5, 3, 2], [5, 3, 3], [5, 3, 4], [6, 1, 2], [6, 1, 3], [6, 1, 4], [6, 2, 2], [6, 2, 3], [6, 2, 4], [6, 3, 2], [6, 3, 3], [6, 3, 4], [3, 3, 1], 0, [2, 3, 1], [3, 1, 1], [2, 1, 1], [6, 3, 1], [4, 3, 1], [3, 2, 1], [2, 2, 1], [6, 1, 1], [4, 1, 1], [6, 2, 1], [4, 2, 1], [5, 3, 1], [5, 1, 1], [1, 3, 1], [5, 2, 1], [1, 1, 1], [1, 2, 1]]
12	-4.83643	43.29576	57	43	12	businessII	[[1, 1, 4], [1, 2, 4], [1, 3, 4], [2, 1, 1], [2, 1, 2], [2, 1, 3], [2, 1, 4], [2, 2, 1], [2, 2, 2], [2, 2, 3], [2, 2, 4], [2, 3, 1], [2, 3, 2], [2, 3, 3], [2, 3, 4], [3, 1, 1], [3, 1, 2], [3, 1, 3], [3, 1, 4], [3, 2, 1], [3, 2, 2], [3, 2, 3], [3, 2, 4], [3, 3, 1], [3, 3, 2], [3, 3, 3], [3, 3, 4], [4, 1, 1], [4, 1, 2], [4, 1, 3], [4, 1, 4], [4, 2, 1], [4, 2, 2], [4, 2, 3], [4, 2, 4], [4, 3, 1], [4, 3, 2], [4, 3, 3], [4, 3, 4], [5, 1, 1], [5, 1, 2], [5, 1, 3], [5, 1, 4], [5, 2, 1], [5, 2, 2], [5, 2, 3], [5, 2, 4], [5, 3, 1], [5, 3, 2], [5, 3, 3], [5, 3, 4], [6, 1, 4], [6, 2, 4], [6, 3, 4], [1, 2, 3], 0, [1, 2, 2], [6, 2, 3], [1, 2, 1], [6, 2, 2], [6, 2, 1], [1, 1, 3], [1, 1, 2], [6, 1, 3], [1, 1, 1], [6, 1, 2], [6, 1, 1], [1, 3, 3], [1, 3, 2], [6, 3, 3], [1, 3, 1], [6, 3, 2], [6, 3, 1]]
13	-4.80623	43.3044	57	44	12	businessI	[[1, 1, 4], [1, 2, 4], [1, 3, 4], [2, 1, 4], [2, 2, 4], [2, 3, 4], [3, 1, 1], [3, 1, 2], [3, 1, 3], [3, 1, 4], [3, 2, 1], [3, 2, 2], [3, 2, 3], [3, 2, 4], [3, 3, 1], [3, 3, 2], [3, 3, 3], [3, 3, 4], [4, 1, 1], [4, 1, 2], [4, 1, 3], [4, 1, 4], [4, 2, 1], [4, 2, 2], [4, 2, 3], [4, 2, 4], [4, 3, 1], [4, 3, 2], [4, 3, 3], [4, 3, 4], [5, 1, 4], [5, 2, 4], [5, 3, 4], [6, 1, 4], [6, 2, 4], [6, 3, 4], [2, 2, 3], 0, [2, 2, 2], [2, 2, 1], [6, 2, 3], [5, 2, 3], [6, 2, 2], [5, 2, 2], [6, 2, 1], [5, 2, 1], [1, 2, 3], [1, 2, 2], [1, 2, 1], [2, 1, 3], [2, 1, 2], [2, 1, 1], [6, 1, 3], [5, 1, 3], [6, 1, 2], [5, 1, 2], [6, 1, 1], [5, 1, 1], [1, 1, 3], [1, 1, 2], [1, 1, 1], [2, 3, 3], [2, 3, 2], [2, 3, 1], [6, 3, 3], [5, 3, 3], [6, 3, 2], [5, 3, 2], [6, 3, 1], [5, 3, 1], [1, 3, 3], [1, 3, 2], [1, 3, 1]]
14	-4.8086	43.30387	57	33	12	pensionerI	[[1, 1, 2], [1, 1, 3], [1, 1, 4], [1, 2, 2], [1, 2, 3], [1, 2, 4], [1, 3, 2], [1, 3, 3], [1, 3, 4], [2, 1, 2], [2, 1, 3], [2, 1, 4], [2, 2, 2], [2, 2, 3], [2, 2, 4], [2, 3, 2], [2, 3, 3], [2, 3, 4], [3, 1, 2], [3, 1, 3], [3, 1, 4], [3, 2, 2], [3, 2, 3], [3, 2, 4], [3, 3, 2], [3, 3, 3], [3, 3, 4], [4, 1, 2], [4, 1, 3], [4, 1, 4], [4, 2, 2], [4, 2, 3], [4, 2, 4], [4, 3, 2], [4, 3, 3], [4, 3, 4], [5, 1, 2], [5, 1, 3], [5, 1, 4], [5, 2, 2], [5, 2, 3], [5, 2, 4], [5, 3, 2], [5, 3, 3], [5, 3, 4], [6, 1, 2], [6, 1, 3], [6, 1, 4], [6, 2, 2], [6, 2, 3], [6, 2, 4], [6, 3, 2], [6, 3, 3], [6, 3, 4], [6, 1, 1], 0, [4, 1, 1], [1, 1, 1], [2, 1, 1], [6, 2, 1], [4, 2, 1], [1, 2, 1], [2, 2, 1], [3, 1, 1], [3, 2, 1], [6, 3, 1], [4, 3, 1], [1, 3, 1], [2, 3, 1], [5, 1, 1], [3, 3, 1], [5, 2, 1], [5, 3, 1]]
15	-4.80564	43.30477	57	25	12	pensionerI	[[1, 1, 2], [1, 1, 3], [1, 1, 4], [1, 2, 2], [1, 2, 3], [1, 2, 4], [1, 3, 2], [1, 3, 3], [1, 3, 4], [2, 1, 2], [2, 1, 3], [2, 1, 4], [2, 2, 2], [2, 2, 3], [2, 2, 4], [2, 3, 2], [2, 3, 3], [2, 3, 4], [3, 1, 2], [3, 1, 3], [3, 1, 4], [3, 2, 2], [3, 2, 3], [3, 2, 4], [3, 3, 2], [3, 3, 3], [3, 3, 4], [4, 1, 2], [4, 1, 3], [4, 1, 4], [4, 2, 2], [4, 2, 3], [4, 2, 4], [4, 3, 2], [4, 3, 3], [4, 3, 4], [5, 1, 2], [5, 1, 3], [5, 1, 4], [5, 2, 2], [5, 2, 3], [5, 2, 4], [5, 3, 2], [5, 3, 3], [5, 3, 4], [6, 1, 2], [6, 1, 3], [6, 1, 4], [6, 2, 2], [6, 2, 3], [6, 2, 4], [6, 3, 2], [6, 3, 3], [6, 3, 4], [6, 3, 1], 0, [3, 3, 1], [6, 1, 1], [3, 1, 1], [2, 3, 1], [1, 3, 1], [4, 3, 1], [2, 1, 1], [1, 1, 1], [4, 1, 1], [5, 3, 1], [6, 2, 1], [3, 2, 1], [5, 1, 1], [2, 2, 1], [1, 2, 1], [4, 2, 1], [5, 2, 1]]
16	-4.84281	43.30917	57	72	12	familyI	[[1, 1, 2], [1, 1, 3], [1, 1, 4], [1, 2, 2], [1, 2, 3], [1, 2, 4], [1, 3, 2], [1, 3, 3], [1, 3, 4], [2, 1, 2], [2, 1, 3], [2, 1, 4], [2, 2, 2], [2, 2, 3], [2, 2, 4], [2, 3, 2], [2, 3, 3], [2, 3, 4], [3, 1, 2], [3, 1, 3], [3, 1, 4], [3, 2, 2], [3, 2, 3], [3, 2, 4], [3, 3, 2], [3, 3, 3], [3, 3, 4], [4, 1, 2], [4, 1, 3], [4, 1, 4], [4, 2, 2], [4, 2, 3], [4, 2, 4], [4, 3, 2], [4, 3, 3], [4, 3, 4], [5, 1, 2], [5, 1, 3], [5, 1, 4], [5, 2, 2], [5, 2, 3], [5, 2, 4], [5, 3, 2], [5, 3, 3], [5, 3, 4], [6, 1, 2], [6, 1, 3], [6, 1, 4], [6, 2, 2], [6, 2, 3], [6, 2, 4], [6, 3, 2], [6, 3, 3], [6, 3, 4], [5, 3, 1], 0, [5, 1, 1], [1, 3, 1], [5, 2, 1], [6, 3, 1], [1, 1, 1], [1, 2, 1], [6, 1, 1], [6, 2, 1], [3, 3, 1], [3, 1, 1], [3, 2, 1], [4, 3, 1], [2, 3, 1], [4, 1, 1], [4, 2, 1], [2, 1, 1], [2, 2, 1]]
17	-4.84613	43.29879	57	35	12	pensionerII	[[1, 1, 3], [1, 1, 4], [1, 2, 3], [1, 2, 4], [1, 3, 3], [1, 3, 4], [2, 1, 3], [2, 1, 4], [2, 2, 3], [2, 2, 4], [2, 3, 3], [2, 3, 4], [3, 1, 3], [3, 1, 4], [3, 2, 3], [3, 2, 4], [3, 3, 3], [3, 3, 4], [4, 1, 3], [4, 1, 4], [4, 2, 3], [4, 2, 4], [4, 3, 3], [4, 3, 4], [5, 1, 3], [5, 1, 4], [5, 2, 3], [5, 2, 4], [5, 3, 3], [5, 3, 4], [6, 1, 3], [6, 1, 4], [6, 2, 3], [6, 2, 4], [6, 3, 3], [6, 3, 4], [5, 1, 2], 0, [5, 1, 1], [2, 1, 2], [2, 1, 1], [6, 1, 2], [6, 1, 1], [5, 3, 2], [5, 3, 1], [2, 3, 2], [2, 3, 1], [5, 2, 2], [5, 2, 1], [2, 2, 2], [2, 2, 1], [1, 1, 2], [1, 1, 1], [6, 3, 2], [6, 3, 1], [3, 1, 2], [3, 1, 1], [4, 1, 2], [4, 1, 1], [6, 2, 2], [6, 2, 1], [1, 3, 2], [1, 3, 1], [3, 3, 2], [3, 3, 1], [4, 3, 2], [4, 3, 1], [1, 2, 2], [1, 2, 1], [3, 2, 2], [3, 2, 1], [4, 2, 2], [4, 2, 1]]
18	-4.78912	43.31562	52	44	12	businessI	[[1, 1, 4], [1, 2, 4], [1, 3, 4], [2, 1, 4], [2, 2, 4], [2, 3, 4], [3, 1, 1], [3, 1, 2], [3, 1, 3], [3, 1, 4], [3, 2, 1], [3, 2, 2], [3, 2, 3], [3, 2, 4], [3, 3, 1], [3, 3, 2], [3, 3, 3], [3, 3, 4], [4, 1, 1], [4, 1, 2], [4, 1, 3], [4, 1, 4], [4, 2, 1], [4, 2, 2], [4, 2, 3], [4, 2, 4], [4, 3, 1], [4, 3, 2], [4, 3, 3], [4, 3, 4], [5, 1, 4], [5, 2, 4], [5, 3, 4], [6, 1, 4], [6, 2, 4], [6, 3, 4], [5, 1, 3], 0, [5, 1, 2], [6, 1, 3], [5, 1, 1], [6, 1, 2], [6, 1, 1], [5, 3, 3], [5, 3, 2], [6, 3, 3], [5, 3, 1], [6, 3, 2], [6, 3, 1], [2, 1, 3], [2, 1, 2], [2, 1, 1], [1, 1, 3], [1, 1, 2], [1, 1, 1], [2, 3, 3], [2, 3, 2], [2, 3, 1], [1, 3, 3], [1, 3, 2], [1, 3, 1], [5, 2, 3], [5, 2, 2], [6, 2, 3], [5, 2, 1], [6, 2, 2], [6, 2, 1], [2, 2, 3], [2, 2, 2], [2, 2, 1], [1, 2, 3], [1, 2, 2], [1, 2, 1]]
19	-4.8803	43.32844	51	45	12	familyII	[[1, 1, 4], [1, 2, 4], [1, 3, 4], [2, 1, 4], [2, 2, 4], [2, 3, 4], [3, 1, 4], [3, 2, 4], [3, 3, 4], [4, 1, 4], [4, 2, 4], [4, 3, 4], [5, 1, 4], [5, 2, 4], [5, 3, 4], [6, 1, 4], [6, 2, 4], [6, 3, 4], [1, 1, 3], 0, [1, 2, 3], [5, 1, 3], [5, 2, 3], [6, 1, 3], [6, 2, 3], [1, 1, 2], [1, 2, 2], [5, 1, 2], [5, 2, 2], [6, 1, 2], [6, 2, 2], [1, 1, 1], [1, 2, 1], [5, 1, 1], [5, 2, 1], [6, 1, 1], [6, 2, 1], [4, 1, 3], [4, 2, 3], [3, 1, 3], [3, 2, 3], [2, 1, 3], [2, 2, 3], [4, 1, 2], [4, 2, 2], [3, 1, 2], [3, 2, 2], [2, 1, 2], [2, 2, 2], [4, 1, 1], [4, 2, 1], [3, 1, 1], [3, 2, 1], [2, 1, 1], [2, 2, 1], [1, 3, 3], [5, 3, 3], [6, 3, 3], [1, 3, 2], [5, 3, 2], [6, 3, 2], [1, 3, 1], [5, 3, 1], [6, 3, 1], [4, 3, 3], [3, 3, 3], [2, 3, 3], [4, 3, 2], [3, 3, 2], [2, 3, 2], [4, 3, 1], [3, 3, 1], [2, 3, 1]]
20	-4.87012	43.33053	51	41	12	businessI	[[1, 1, 4], [1, 2, 4], [1, 3, 4], [2, 1, 4], [2, 2, 4], [2, 3, 4], [3, 1, 1], [3, 1, 2], [3, 1, 3], [3, 1, 4], [3, 2, 1], [3, 2, 2], [3, 2, 3], [3, 2, 4], [3, 3, 1], [3, 3, 2], [3, 3, 3], [3, 3, 4], [4, 1, 1], [4, 1, 2], [4, 1, 3], [4, 1, 4], [4, 2, 1], [4, 2, 2], [4, 2, 3], [4, 2, 4], [4, 3, 1], [4, 3, 2], [4, 3, 3], [4, 3, 4], [5, 1, 4], [5, 2, 4], [5, 3, 4], [6, 1, 4], [6, 2, 4], [6, 3, 4], [1, 3, 3], 0, [1, 3, 2], [5, 3, 3], [1, 3, 1], [5, 3, 2], [1, 2, 3], [5, 3, 1], [1, 2, 2], [5, 2, 3], [1, 2, 1], [5, 2, 2], [5, 2, 1], [6, 3, 3], [6, 3, 2], [6, 3, 1], [6, 2, 3], [6, 2, 2], [6, 2, 1], [2, 3, 3], [2, 3, 2], [2, 3, 1], [2, 2, 3], [2, 2, 2], [2, 2, 1], [1, 1, 3], [1, 1, 2], [5, 1, 3], [1, 1, 1], [5, 1, 2], [5, 1, 1], [6, 1, 3], [6, 1, 2], [6, 1, 1], [2, 1, 3], [2, 1, 2], [2, 1, 1]]
21	-4.87082	43.32995	51	37	12	pensionerII	[[1, 1, 3], [1, 1, 4], [1, 2, 3], [1, 2, 4], [1, 3, 3], [1, 3, 4], [2, 1, 3], [2, 1, 4], [2, 2, 3], [2, 2, 4], [2, 3, 3], [2, 3, 4], [3, 1, 3], [3, 1, 4], [3, 2, 3], [3, 2, 4], [3, 3, 3], [3, 3, 4], [4, 1, 3], [4, 1, 4], [4, 2, 3], [4, 2, 4], [4, 3, 3], [4, 3, 4], [5, 1, 3], [5, 1, 4], [5, 2, 3], [5, 2, 4], [5, 3, 3], [5, 3, 4], [6, 1, 3], [6, 1, 4], [6, 2, 3], [6, 2, 4], [6, 3, 3], [6, 3, 4], [6, 3, 2], 0, [6, 3, 1], [2, 3, 2], [2, 3, 1], [5, 3, 2], [5, 3, 1], [6, 1, 2], [6, 2, 2], [6, 1, 1], [6, 2, 1], [2, 1, 2], [2, 2, 2], [2, 1, 1], [2, 2, 1], [5, 1, 2], [5, 2, 2], [5, 1, 1], [5, 2, 1], [1, 3, 2], [1, 3, 1], [3, 3, 2], [4, 3, 2], [3, 3, 1], [4, 3, 1], [1, 1, 2], [1, 2, 2], [1, 1, 1], [1, 2, 1], [3, 1, 2], [4, 1, 2], [3, 2, 2], [4, 2, 2], [3, 1, 1], [4, 1, 1], [3, 2, 1], [4, 2, 1]]
22	-4.87225	43.33037	51	24	12	pensionerI	[[1, 1, 2], [1, 1, 3], [1, 1, 4], [1, 2, 2], [1, 2, 3], [1, 2, 4], [1, 3, 2], [1, 3, 3], [1, 3, 4], [2, 1, 2], [2, 1, 3], [2, 1, 4], [2, 2, 2], [2, 2, 3], [2, 2, 4], [2, 3, 2], [2, 3, 3], [2, 3, 4], [3, 1, 2], [3, 1, 3], [3, 1, 4], [3, 2, 2], [3, 2, 3], [3, 2, 4], [3, 3, 2], [3, 3, 3], [3, 3, 4], [4, 1, 2], [4, 1, 3], [4, 1, 4], [4, 2, 2], [4, 2, 3], [4, 2, 4], [4, 3, 2], [4, 3, 3], [4, 3, 4], [5, 1, 2], [5, 1, 3], [5, 1, 4], [5, 2, 2], [5, 2, 3], [5, 2, 4], [5, 3, 2], [5, 3, 3], [5, 3, 4], [6, 1, 2], [6, 1, 3], [6, 1, 4], [6, 2, 2], [6, 2, 3], [6, 2, 4], [6, 3, 2], [6, 3, 3], [6, 3, 4], [4, 1, 1], 0, [5, 1, 1], [6, 1, 1], [4, 2, 1], [1, 1, 1], [5, 2, 1], [6, 2, 1], [1, 2, 1], [2, 1, 1], [2, 2, 1], [4, 3, 1], [5, 3, 1], [6, 3, 1], [1, 3, 1], [2, 3, 1], [3, 1, 1], [3, 2, 1], [3, 3, 1]]
23	-4.87566	43.32964	51	68	12	familyI	[[1, 1, 2], [1, 1, 3], [1, 1, 4], [1, 2, 2], [1, 2, 3], [1, 2, 4], [1, 3, 2], [1, 3, 3], [1, 3, 4], [2, 1, 2], [2, 1, 3], [2, 1, 4], [2, 2, 2], [2, 2, 3], [2, 2, 4], [2, 3, 2], [2, 3, 3], [2, 3, 4], [3, 1, 2], [3, 1, 3], [3, 1, 4], [3, 2, 2], [3, 2, 3], [3, 2, 4], [3, 3, 2], [3, 3, 3], [3, 3, 4], [4, 1, 2], [4, 1, 3], [4, 1, 4], [4, 2, 2], [4, 2, 3], [4, 2, 4], [4, 3, 2], [4, 3, 3], [4, 3, 4], [5, 1, 2], [5, 1, 3], [5, 1, 4], [5, 2, 2], [5, 2, 3], [5, 2, 4], [5, 3, 2], [5, 3, 3], [5, 3, 4], [6, 1, 2], [6, 1, 3], [6, 1, 4], [6, 2, 2], [6, 2, 3], [6, 2, 4], [6, 3, 2], [6, 3, 3], [6, 3, 4], [6, 1, 1], 0, [3, 1, 1], [6, 3, 1], [5, 1, 1], [3, 3, 1], [5, 3, 1], [1, 1, 1], [1, 3, 1], [6, 2, 1], [4, 1, 1], [3, 2, 1], [4, 3, 1], [2, 1, 1], [5, 2, 1], [2, 3, 1], [1, 2, 1], [4, 2, 1], [2, 2, 1]]
24	-4.89663	43.34002	51	73	12	familyI	[[1, 1, 2], [1, 1, 3], [1, 1, 4], [1, 2, 2], [1, 2, 3], [1, 2, 4], [1, 3, 2], [1, 3, 3], [1, 3, 4], [2, 1, 2], [2, 1, 3], [2, 1, 4], [2, 2, 2], [2, 2, 3], [2, 2, 4], [2, 3, 2], [2, 3, 3], [2, 3, 4], [3, 1, 2], [3, 1, 3], [3, 1, 4], [3, 2, 2], [3, 2, 3], [3, 2, 4], [3, 3, 2], [3, 3, 3], [3, 3, 4], [4, 1, 2], [4, 1, 3], [4, 1, 4], [4, 2, 2], [4, 2, 3], [4, 2, 4], [4, 3, 2], [4, 3, 3], [4, 3, 4], [5, 1, 2], [5, 1, 3], [5, 1, 4], [5, 2, 2], [5, 2, 3], [5, 2, 4], [5, 3, 2], [5, 3, 3], [5, 3, 4], [6, 1, 2], [6, 1, 3], [6, 1, 4], [6, 2, 2], [6, 2, 3], [6, 2, 4], [6, 3, 2], [6, 3, 3], [6, 3, 4], [3, 3, 1], 0, [1, 3, 1], [3, 1, 1], [6, 3, 1], [5, 3, 1], [1, 1, 1], [3, 2, 1], [6, 1, 1], [5, 1, 1], [1, 2, 1], [6, 2, 1], [5, 2, 1], [4, 3, 1], [2, 3, 1], [4, 1, 1], [2, 1, 1], [4, 2, 1], [2, 2, 1]]
25	-4.79635	43.31543	57	30	12	pensionerII	[[1, 1, 3], [1, 1, 4], [1, 2, 3], [1, 2, 4], [1, 3, 3], [1, 3, 4], [2, 1, 3], [2, 1, 4], [2, 2, 3], [2, 2, 4], [2, 3, 3], [2, 3, 4], [3, 1, 3], [3, 1, 4], [3, 2, 3], [3, 2, 4], [3, 3, 3], [3, 3, 4], [4, 1, 3], [4, 1, 4], [4, 2, 3], [4, 2, 4], [4, 3, 3], [4, 3, 4], [5, 1, 3], [5, 1, 4], [5, 2, 3], [5, 2, 4], [5, 3, 3], [5, 3, 4], [6, 1, 3], [6, 1, 4], [6, 2, 3], [6, 2, 4], [6, 3, 3], [6, 3, 4], [6, 1, 2], 0, [5, 1, 2], [6, 1, 1], [5, 1, 1], [2, 1, 2], [2, 1, 1], [6, 2, 2], [5, 2, 2], [6, 2, 1], [5, 2, 1], [4, 1, 2], [4, 1, 1], [1, 1, 2], [1, 1, 1], [3, 1, 2], [3, 1, 1], [2, 2, 2], [2, 2, 1], [6, 3, 2], [5, 3, 2], [6, 3, 1], [5, 3, 1], [2, 3, 2], [2, 3, 1], [4, 2, 2], [4, 2, 1], [1, 2, 2], [1, 2, 1], [3, 2, 2], [3, 2, 1], [4, 3, 2], [4, 3, 1], [1, 3, 2], [1, 3, 1], [3, 3, 2], [3, 3, 1]]
26	-4.83407	43.30942	57	47	12	businessII	[[1, 1, 4], [1, 2, 4], [1, 3, 4], [2, 1, 1], [2, 1, 2], [2, 1, 3], [2, 1, 4], [2, 2, 1], [2, 2, 2], [2, 2, 3], [2, 2, 4], [2, 3, 1], [2, 3, 2], [2, 3, 3], [2, 3, 4], [3, 1, 1], [3, 1, 2], [3, 1, 3], [3, 1, 4], [3, 2, 1], [3, 2, 2], [3, 2, 3], [3, 2, 4], [3, 3, 1], [3, 3, 2], [3, 3, 3], [3, 3, 4], [4, 1, 1], [4, 1, 2], [4, 1, 3], [4, 1, 4], [4, 2, 1], [4, 2, 2], [4, 2, 3], [4, 2, 4], [4, 3, 1], [4, 3, 2], [4, 3, 3], [4, 3, 4], [5, 1, 1], [5, 1, 2], [5, 1, 3], [5, 1, 4], [5, 2, 1], [5, 2, 2], [5, 2, 3], [5, 2, 4], [5, 3, 1], [5, 3, 2], [5, 3, 3], [5, 3, 4], [6, 1, 4], [6, 2, 4], [6, 3, 4], [1, 2, 3], 0, [1, 2, 2], [1, 2, 1], [6, 2, 3], [6, 2, 2], [6, 2, 1], [1, 3, 3], [1, 3, 2], [1, 3, 1], [6, 3, 3], [1, 1, 3], [6, 3, 2], [1, 1, 2], [6, 3, 1], [1, 1, 1], [6, 1, 3], [6, 1, 2], [6, 1, 1]]
27	-4.81568	43.31965	57	44	12	businessI	[[1, 1, 4], [1, 2, 4], [1, 3, 4], [2, 1, 4], [2, 2, 4], [2, 3, 4], [3, 1, 1], [3, 1, 2], [3, 1, 3], [3, 1, 4], [3, 2, 1], [3, 2, 2], [3, 2, 3], [3, 2, 4], [3, 3, 1], [3, 3, 2], [3, 3, 3], [3, 3, 4], [4, 1, 1], [4, 1, 2], [4, 1, 3], [4, 1, 4], [4, 2, 1], [4, 2, 2], [4, 2, 3], [4, 2, 4], [4, 3, 1], [4, 3, 2], [4, 3, 3], [4, 3, 4], [5, 1, 4], [5, 2, 4], [5, 3, 4], [6, 1, 4], [6, 2, 4], [6, 3, 4], [6, 1, 3], 0, [6, 1, 2], [6, 1, 1], [2, 1, 3], [2, 1, 2], [5, 1, 3], [2, 1, 1], [5, 1, 2], [5, 1, 1], [1, 1, 3], [1, 1, 2], [1, 1, 1], [6, 3, 3], [6, 3, 2], [6, 3, 1], [2, 3, 3], [2, 3, 2], [5, 3, 3], [2, 3, 1], [5, 3, 2], [5, 3, 1], [1, 3, 3], [1, 3, 2], [1, 3, 1], [6, 2, 3], [6, 2, 2], [6, 2, 1], [2, 2, 3], [2, 2, 2], [5, 2, 3], [2, 2, 1], [5, 2, 2], [5, 2, 1], [1, 2, 3], [1, 2, 2], [1, 2, 1]]
28	-4.81289	43.32295	57	44	12	familyI	[[1, 1, 2], [1, 1, 3], [1, 1, 4], [1, 2, 2], [1, 2, 3], [1, 2, 4], [1, 3, 2], [1, 3, 3], [1, 3, 4], [2, 1, 2], [2, 1, 3], [2, 1, 4], [2, 2, 2], [2, 2, 3], [2, 2, 4], [2, 3, 2], [2, 3, 3], [2, 3, 4], [3, 1, 2], [3, 1, 3], [3, 1, 4], [3, 2, 2], [3, 2, 3], [3, 2, 4], [3, 3, 2], [3, 3, 3], [3, 3, 4], [4, 1, 2], [4, 1, 3], [4, 1, 4], [4, 2, 2], [4, 2, 3], [4, 2, 4], [4, 3, 2], [4, 3, 3], [4, 3, 4], [5, 1, 2], [5, 1, 3], [5, 1, 4], [5, 2, 2], [5, 2, 3], [5, 2, 4], [5, 3, 2], [5, 3, 3], [5, 3, 4], [6, 1, 2], [6, 1, 3], [6, 1, 4], [6, 2, 2], [6, 2, 3], [6, 2, 4], [6, 3, 2], [6, 3, 3], [6, 3, 4], [1, 1, 1], 0, [6, 1, 1], [5, 1, 1], [3, 1, 1], [1, 2, 1], [6, 2, 1], [5, 2, 1], [1, 3, 1], [3, 2, 1], [6, 3, 1], [5, 3, 1], [2, 1, 1], [3, 3, 1], [4, 1, 1], [2, 2, 1], [4, 2, 1], [2, 3, 1], [4, 3, 1]]
29	-4.81525	43.31867	57	46	12	businessI	[[1, 1, 4], [1, 2, 4], [1, 3, 4], [2, 1, 4], [2, 2, 4], [2, 3, 4], [3, 1, 1], [3, 1, 2], [3, 1, 3], [3, 1, 4], [3, 2, 1], [3, 2, 2], [3, 2, 3], [3, 2, 4], [3, 3, 1], [3, 3, 2], [3, 3, 3], [3, 3, 4], [4, 1, 1], [4, 1, 2], [4, 1, 3], [4, 1, 4], [4, 2, 1], [4, 2, 2], [4, 2, 3], [4, 2, 4], [4, 3, 1], [4, 3, 2], [4, 3, 3], [4, 3, 4], [5, 1, 4], [5, 2, 4], [5, 3, 4], [6, 1, 4], [6, 2, 4], [6, 3, 4], [2, 2, 3], 0, [2, 2, 2], [2, 2, 1], [5, 2, 3], [5, 2, 2], [5, 2, 1], [6, 2, 3], [6, 2, 2], [6, 2, 1], [1, 2, 3], [1, 2, 2], [1, 2, 1], [2, 3, 3], [2, 3, 2], [2, 3, 1], [5, 3, 3], [5, 3, 2], [5, 3, 1], [6, 3, 3], [6, 3, 2], [6, 3, 1], [1, 3, 3], [1, 3, 2], [1, 3, 1], [2, 1, 3], [2, 1, 2], [2, 1, 1], [5, 1, 3], [5, 1, 2], [5, 1, 1], [6, 1, 3], [6, 1, 2], [6, 1, 1], [1, 1, 3], [1, 1, 2], [1, 1, 1]]
30	-4.81209	43.2962	57	42	12	familyII	[[1, 1, 4], [1, 2, 4], [1, 3, 4], [2, 1, 4], [2, 2, 4], [2, 3, 4], [3, 1, 4], [3, 2, 4], [3, 3, 4], [4, 1, 4], [4, 2, 4], [4, 3, 4], [5, 1, 4], [5, 2, 4], [5, 3, 4], [6, 1, 4], [6, 2, 4], [6, 3, 4], [6, 3, 3], 0, [6, 3, 2], [5, 3, 3], [6, 3, 1], [5, 3, 2], [1, 3, 3], [6, 1, 3], [5, 3, 1], [1, 3, 2], [6, 1, 2], [1, 3, 1], [5, 1, 3], [6, 1, 1], [5, 1, 2], [1, 1, 3], [2, 3, 3], [3, 3, 3], [4, 3, 3], [5, 1, 1], [1, 1, 2], [2, 3, 2], [3, 3, 2], [4, 3, 2], [1, 1, 1], [2, 3, 1], [3, 3, 1], [4, 3, 1], [6, 2, 3], [2, 1, 3], [3, 1, 3], [4, 1, 3], [6, 2, 2], [2, 1, 2], [3, 1, 2], [4, 1, 2], [5, 2, 3], [6, 2, 1], [2, 1, 1], [3, 1, 1], [4, 1, 1], [5, 2, 2], [1, 2, 3], [5, 2, 1], [1, 2, 2], [1, 2, 1], [2, 2, 3], [3, 2, 3], [4, 2, 3], [2, 2, 2], [3, 2, 2], [4, 2, 2], [2, 2, 1], [3, 2, 1], [4, 2, 1]]
31	-4.82894	43.29729	57	61	12	familyII	[[1, 1, 4], [1, 2, 4], [1, 3, 4], [2, 1, 4], [2, 2, 4], [2, 3, 4], [3, 1, 4], [3, 2, 4], [3, 3, 4], [4, 1, 4], [4, 2, 4], [4, 3, 4], [5, 1, 4], [5, 2, 4], [5, 3, 4], [6, 1, 4], [6, 2, 4], [6, 3, 4], [5, 1, 3], 0, [5, 1, 2], [1, 1, 3], [5, 1, 1], [1, 1, 2], [6, 1, 3], [5, 2, 3], [1, 1, 1], [6, 1, 2], [5, 2, 2], [5, 3, 3], [1, 2, 3], [6, 1, 1], [5, 2, 1], [5, 3, 2], [1, 2, 2], [1, 3, 3], [6, 2, 3], [5, 3, 1], [2, 1, 3], [1, 2, 1], [1, 3, 2], [3, 1, 3], [6, 2, 2], [4, 1, 3], [2, 1, 2], [6, 3, 3], [1, 3, 1], [3, 1, 2], [6, 2, 1], [4, 1, 2], [2, 1, 1], [6, 3, 2], [3, 1, 1], [4, 1, 1], [6, 3, 1], [2, 2, 3], [3, 2, 3], [4, 2, 3], [2, 2, 2], [2, 3, 3], [3, 2, 2], [4, 2, 2], [2, 2, 1], [3, 3, 3], [4, 3, 3], [2, 3, 2], [3, 2, 1], [4, 2, 1], [3, 3, 2], [4, 3, 2], [2, 3, 1], [3, 3, 1], [4, 3, 1]]
32	-4.82988	43.29847	57	58	12	familyII	[[1, 1, 4], [1, 2, 4], [1, 3, 4], [2, 1, 4], [2, 2, 4], [2, 3, 4], [3, 1, 4], [3, 2, 4], [3, 3, 4], [4, 1, 4], [4, 2, 4], [4, 3, 4], [5, 1, 4], [5, 2, 4], [5, 3, 4], [6, 1, 4], [6, 2, 4], [6, 3, 4], [6, 2, 3], 0, [5, 2, 3], [6, 2, 2], [1, 2, 3], [5, 2, 2], [6, 2, 1], [1, 2, 2], [5, 2, 1], [6, 1, 3], [1, 2, 1], [5, 1, 3], [6, 1, 2], [1, 1, 3], [5, 1, 2], [6, 1, 1], [1, 1, 2], [5, 1, 1], [2, 2, 3], [3, 2, 3], [1, 1, 1], [4, 2, 3], [2, 2, 2], [3, 2, 2], [4, 2, 2], [2, 2, 1], [3, 2, 1], [2, 1, 3], [4, 2, 1], [3, 1, 3], [4, 1, 3], [2, 1, 2], [3, 1, 2], [6, 3, 3], [4, 1, 2], [2, 1, 1], [5, 3, 3], [3, 1, 1], [6, 3, 2], [1, 3, 3], [4, 1, 1], [5, 3, 2], [6, 3, 1], [1, 3, 2], [5, 3, 1], [1, 3, 1], [2, 3, 3], [3, 3, 3], [4, 3, 3], [2, 3, 2], [3, 3, 2], [4, 3, 2], [2, 3, 1], [3, 3, 1], [4, 3, 1]]
33	-4.76296	43.36472	52	47	12	businessII	[[1, 1, 4], [1, 2, 4], [1, 3, 4], [2, 1, 1], [2, 1, 2], [2, 1, 3], [2, 1, 4], [2, 2, 1], [2, 2, 2], [2, 2, 3], [2, 2, 4], [2, 3, 1], [2, 3, 2], [2, 3, 3], [2, 3, 4], [3, 1, 1], [3, 1, 2], [3, 1, 3], [3, 1, 4], [3, 2, 1], [3, 2, 2], [3, 2, 3], [3, 2, 4], [3, 3, 1], [3, 3, 2], [3, 3, 3], [3, 3, 4], [4, 1, 1], [4, 1, 2], [4, 1, 3], [4, 1, 4], [4, 2, 1], [4, 2, 2], [4, 2, 3], [4, 2, 4], [4, 3, 1], [4, 3, 2], [4, 3, 3], [4, 3, 4], [5, 1, 1], [5, 1, 2], [5, 1, 3], [5, 1, 4], [5, 2, 1], [5, 2, 2], [5, 2, 3], [5, 2, 4], [5, 3, 1], [5, 3, 2], [5, 3, 3], [5, 3, 4], [6, 1, 4], [6, 2, 4], [6, 3, 4], [6, 1, 3], 0, [6, 1, 2], [6, 1, 1], [1, 1, 3], [1, 1, 2], [1, 1, 1], [6, 3, 3], [6, 3, 2], [6, 3, 1], [1, 3, 3], [1, 3, 2], [1, 3, 1], [6, 2, 3], [6, 2, 2], [6, 2, 1], [1, 2, 3], [1, 2, 2], [1, 2, 1]]
34	-4.76962	43.36494	52	35	12	pensionerII	[[1, 1, 3], [1, 1, 4], [1, 2, 3], [1, 2, 4], [1, 3, 3], [1, 3, 4], [2, 1, 3], [2, 1, 4], [2, 2, 3], [2, 2, 4], [2, 3, 3], [2, 3, 4], [3, 1, 3], [3, 1, 4], [3, 2, 3], [3, 2, 4], [3, 3, 3], [3, 3, 4], [4, 1, 3], [4, 1, 4], [4, 2, 3], [4, 2, 4], [4, 3, 3], [4, 3, 4], [5, 1, 3], [5, 1, 4], [5, 2, 3], [5, 2, 4], [5, 3, 3], [5, 3, 4], [6, 1, 3], [6, 1, 4], [6, 2, 3], [6, 2, 4], [6, 3, 3], [6, 3, 4], [5, 2, 2], 0, [5, 2, 1], [2, 2, 2], [2, 2, 1], [5, 1, 2], [5, 1, 1], [6, 2, 2], [6, 2, 1], [2, 1, 2], [2, 1, 1], [6, 1, 2], [6, 1, 1], [5, 3, 2], [5, 3, 1], [2, 3, 2], [2, 3, 1], [6, 3, 2], [6, 3, 1], [3, 2, 2], [3, 2, 1], [1, 2, 2], [1, 2, 1], [3, 1, 2], [4, 2, 2], [3, 1, 1], [4, 2, 1], [1, 1, 2], [1, 1, 1], [4, 1, 2], [4, 1, 1], [3, 3, 2], [3, 3, 1], [1, 3, 2], [1, 3, 1], [4, 3, 2], [4, 3, 1]]
35	-4.77772	43.36729	52	63	12	familyI	[[1, 1, 2], [1, 1, 3], [1, 1, 4], [1, 2, 2], [1, 2, 3], [1, 2, 4], [1, 3, 2], [1, 3, 3], [1, 3, 4], [2, 1, 2], [2, 1, 3], [2, 1, 4], [2, 2, 2], [2, 2, 3], [2, 2, 4], [2, 3, 2], [2, 3, 3], [2, 3, 4], [3, 1, 2], [3, 1, 3], [3, 1, 4], [3, 2, 2], [3, 2, 3], [3, 2, 4], [3, 3, 2], [3, 3, 3], [3, 3, 4], [4, 1, 2], [4, 1, 3], [4, 1, 4], [4, 2, 2], [4, 2, 3], [4, 2, 4], [4, 3, 2], [4, 3, 3], [4, 3, 4], [5, 1, 2], [5, 1, 3], [5, 1, 4], [5, 2, 2], [5, 2, 3], [5, 2, 4], [5, 3, 2], [5, 3, 3], [5, 3, 4], [6, 1, 2], [6, 1, 3], [6, 1, 4], [6, 2, 2], [6, 2, 3], [6, 2, 4], [6, 3, 2], [6, 3, 3], [6, 3, 4], [6, 1, 1], 0, [6, 3, 1], [1, 1, 1], [1, 3, 1], [3, 1, 1], [3, 3, 1], [5, 1, 1], [5, 3, 1], [6, 2, 1], [1, 2, 1], [4, 1, 1], [2, 1, 1], [4, 3, 1], [2, 3, 1], [3, 2, 1], [5, 2, 1], [4, 2, 1], [2, 2, 1]]
36	-4.76942	43.36121	52	52	12	businessI	[[1, 1, 4], [1, 2, 4], [1, 3, 4], [2, 1, 4], [2, 2, 4], [2, 3, 4], [3, 1, 1], [3, 1, 2], [3, 1, 3], [3, 1, 4], [3, 2, 1], [3, 2, 2], [3, 2, 3], [3, 2, 4], [3, 3, 1], [3, 3, 2], [3, 3, 3], [3, 3, 4], [4, 1, 1], [4, 1, 2], [4, 1, 3], [4, 1, 4], [4, 2, 1], [4, 2, 2], [4, 2, 3], [4, 2, 4], [4, 3, 1], [4, 3, 2], [4, 3, 3], [4, 3, 4], [5, 1, 4], [5, 2, 4], [5, 3, 4], [6, 1, 4], [6, 2, 4], [6, 3, 4], [6, 3, 3], 0, [6, 3, 2], [2, 3, 3], [6, 3, 1], [2, 3, 2], [5, 3, 3], [2, 3, 1], [5, 3, 2], [5, 3, 1], [1, 3, 3], [1, 3, 2], [1, 3, 1], [6, 1, 3], [6, 1, 2], [2, 1, 3], [6, 1, 1], [2, 1, 2], [5, 1, 3], [2, 1, 1], [5, 1, 2], [5, 1, 1], [1, 1, 3], [1, 1, 2], [1, 1, 1], [6, 2, 3], [6, 2, 2], [2, 2, 3], [6, 2, 1], [2, 2, 2], [5, 2, 3], [2, 2, 1], [5, 2, 2], [5, 2, 1], [1, 2, 3], [1, 2, 2], [1, 2, 1]]
37	-4.76585	43.3692	52	45	12	familyII	[[1, 1, 4], [1, 2, 4], [1, 3, 4], [2, 1, 4], [2, 2, 4], [2, 3, 4], [3, 1, 4], [3, 2, 4], [3, 3, 4], [4, 1, 4], [4, 2, 4], [4, 3, 4], [5, 1, 4], [5, 2, 4], [5, 3, 4], [6, 1, 4], [6, 2, 4], [6, 3, 4], [5, 2, 3], 0, [5, 2, 2], [6, 2, 3], [5, 2, 1], [5, 3, 3], [6, 2, 2], [1, 2, 3], [5, 3, 2], [6, 2, 1], [6, 3, 3], [1, 2, 2], [5, 3, 1], [5, 1, 3], [6, 3, 2], [1, 2, 1], [5, 1, 2], [1, 3, 3], [6, 3, 1], [6, 1, 3], [5, 1, 1], [1, 3, 2], [3, 2, 3], [2, 2, 3], [4, 2, 3], [6, 1, 2], [1, 3, 1], [1, 1, 3], [3, 2, 2], [2, 2, 2], [4, 2, 2], [6, 1, 1], [1, 1, 2], [3, 2, 1], [2, 2, 1], [4, 2, 1], [3, 3, 3], [2, 3, 3], [4, 3, 3], [1, 1, 1], [3, 3, 2], [2, 3, 2], [4, 3, 2], [3, 3, 1], [3, 1, 3], [2, 3, 1], [2, 1, 3], [4, 3, 1], [4, 1, 3], [3, 1, 2], [2, 1, 2], [4, 1, 2], [3, 1, 1], [2, 1, 1], [4, 1, 1]]
38	-4.77042	43.3597	52	49	12	businessI	[[1, 1, 4], [1, 2, 4], [1, 3, 4], [2, 1, 4], [2, 2, 4], [2, 3, 4], [3, 1, 1], [3, 1, 2], [3, 1, 3], [3, 1, 4], [3, 2, 1], [3, 2, 2], [3, 2, 3], [3, 2, 4], [3, 3, 1], [3, 3, 2], [3, 3, 3], [3, 3, 4], [4, 1, 1], [4, 1, 2], [4, 1, 3], [4, 1, 4], [4, 2, 1], [4, 2, 2], [4, 2, 3], [4, 2, 4], [4, 3, 1], [4, 3, 2], [4, 3, 3], [4, 3, 4], [5, 1, 4], [5, 2, 4], [5, 3, 4], [6, 1, 4], [6, 2, 4], [6, 3, 4], [5, 1, 3], 0, [5, 1, 2], [6, 1, 3], [5, 1, 1], [6, 1, 2], [6, 1, 1], [1, 1, 3], [1, 1, 2], [1, 1, 1], [2, 1, 3], [2, 1, 2], [2, 1, 1], [5, 2, 3], [5, 2, 2], [6, 2, 3], [5, 2, 1], [6, 2, 2], [6, 2, 1], [5, 3, 3], [5, 3, 2], [1, 2, 3], [6, 3, 3], [5, 3, 1], [1, 2, 2], [6, 3, 2], [1, 2, 1], [6, 3, 1], [2, 2, 3], [2, 2, 2], [2, 2, 1], [1, 3, 3], [1, 3, 2], [1, 3, 1], [2, 3, 3], [2, 3, 2], [2, 3, 1]]
39	-4.76846	43.34191	52	24	12	pensionerII	[[1, 1, 3], [1, 1, 4], [1, 2, 3], [1, 2, 4], [1, 3, 3], [1, 3, 4], [2, 1, 3], [2, 1, 4], [2, 2, 3], [2, 2, 4], [2, 3, 3], [2, 3, 4], [3, 1, 3], [3, 1, 4], [3, 2, 3], [3, 2, 4], [3, 3, 3], [3, 3, 4], [4, 1, 3], [4, 1, 4], [4, 2, 3], [4, 2, 4], [4, 3, 3], [4, 3, 4], [5, 1, 3], [5, 1, 4], [5, 2, 3], [5, 2, 4], [5, 3, 3], [5, 3, 4], [6, 1, 3], [6, 1, 4], [6, 2, 3], [6, 2, 4], [6, 3, 3], [6, 3, 4], [2, 1, 2], 0, [2, 1, 1], [5, 1, 2], [5, 1, 1], [6, 1, 2], [6, 1, 1], [2, 2, 2], [2, 2, 1], [5, 2, 2], [5, 2, 1], [6, 2, 2], [6, 2, 1], [4, 1, 2], [4, 1, 1], [3, 1, 2], [3, 1, 1], [1, 1, 2], [1, 1, 1], [4, 2, 2], [4, 2, 1], [3, 2, 2], [3, 2, 1], [1, 2, 2], [1, 2, 1], [2, 3, 2], [2, 3, 1], [5, 3, 2], [5, 3, 1], [6, 3, 2], [6, 3, 1], [4, 3, 2], [4, 3, 1], [3, 3, 2], [3, 3, 1], [1, 3, 2], [1, 3, 1]]
40	-4.76483	43.34227	52	50	12	businessII	[[1, 1, 4], [1, 2, 4], [1, 3, 4], [2, 1, 1], [2, 1, 2], [2, 1, 3], [2, 1, 4], [2, 2, 1], [2, 2, 2], [2, 2, 3], [2, 2, 4], [2, 3, 1], [2, 3, 2], [2, 3, 3], [2, 3, 4], [3, 1, 1], [3, 1, 2], [3, 1, 3], [3, 1, 4], [3, 2, 1], [3, 2, 2], [3, 2, 3], [3, 2, 4], [3, 3, 1], [3, 3, 2], [3, 3, 3], [3, 3, 4], [4, 1, 1], [4, 1, 2], [4, 1, 3], [4, 1, 4], [4, 2, 1], [4, 2, 2], [4, 2, 3], [4, 2, 4], [4, 3, 1], [4, 3, 2], [4, 3, 3], [4, 3, 4], [5, 1, 1], [5, 1, 2], [5, 1, 3], [5, 1, 4], [5, 2, 1], [5, 2, 2], [5, 2, 3], [5, 2, 4], [5, 3, 1], [5, 3, 2], [5, 3, 3], [5, 3, 4], [6, 1, 4], [6, 2, 4], [6, 3, 4], [6, 2, 3], 0, [6, 2, 2], [6, 2, 1], [6, 1, 3], [6, 1, 2], [6, 1, 1], [1, 2, 3], [1, 2, 2], [1, 2, 1], [6, 3, 3], [6, 3, 2], [6, 3, 1], [1, 1, 3], [1, 1, 2], [1, 1, 1], [1, 3, 3], [1, 3, 2], [1, 3, 1]]
41	-4.75995	43.34221	52	62	12	familyII	[[1, 1, 4], [1, 2, 4], [1, 3, 4], [2, 1, 4], [2, 2, 4], [2, 3, 4], [3, 1, 4], [3, 2, 4], [3, 3, 4], [4, 1, 4], [4, 2, 4], [4, 3, 4], [5, 1, 4], [5, 2, 4], [5, 3, 4], [6, 1, 4], [6, 2, 4], [6, 3, 4], [6, 2, 3], 0, [1, 2, 3], [6, 2, 2], [5, 2, 3], [6, 3, 3], [1, 2, 2], [1, 3, 3], [6, 2, 1], [5, 2, 2], [6, 3, 2], [5, 3, 3], [1, 2, 1], [1, 3, 2], [5, 2, 1], [6, 3, 1], [5, 3, 2], [1, 3, 1], [5, 3, 1], [4, 2, 3], [2, 2, 3], [3, 2, 3], [4, 2, 2], [2, 2, 2], [4, 3, 3], [2, 3, 3], [3, 2, 2], [3, 3, 3], [4, 2, 1], [2, 2, 1], [4, 3, 2], [2, 3, 2], [3, 2, 1], [3, 3, 2], [4, 3, 1], [2, 3, 1], [6, 1, 3], [3, 3, 1], [1, 1, 3], [6, 1, 2], [5, 1, 3], [1, 1, 2], [6, 1, 1], [5, 1, 2], [1, 1, 1], [5, 1, 1], [4, 1, 3], [2, 1, 3], [3, 1, 3], [4, 1, 2], [2, 1, 2], [3, 1, 2], [4, 1, 1], [2, 1, 1], [3, 1, 1]]
42	-4.76907	43.34024	52	53	12	businessII	[[1, 1, 4], [1, 2, 4], [1, 3, 4], [2, 1, 1], [2, 1, 2], [2, 1, 3], [2, 1, 4], [2, 2, 1], [2, 2, 2], [2, 2, 3], [2, 2, 4], [2, 3, 1], [2, 3, 2], [2, 3, 3], [2, 3, 4], [3, 1, 1], [3, 1, 2], [3, 1, 3], [3, 1, 4], [3, 2, 1], [3, 2, 2], [3, 2, 3], [3, 2, 4], [3, 3, 1], [3, 3, 2], [3, 3, 3], [3, 3, 4], [4, 1, 1], [4, 1, 2], [4, 1, 3], [4, 1, 4], [4, 2, 1], [4, 2, 2], [4, 2, 3], [4, 2, 4], [4, 3, 1], [4, 3, 2], [4, 3, 3], [4, 3, 4], [5, 1, 1], [5, 1, 2], [5, 1, 3], [5, 1, 4], [5, 2, 1], [5, 2, 2], [5, 2, 3], [5, 2, 4], [5, 3, 1], [5, 3, 2], [5, 3, 3], [5, 3, 4], [6, 1, 4], [6, 2, 4], [6, 3, 4], [6, 2, 3], 0, [6, 2, 2], [6, 2, 1], [1, 2, 3], [1, 2, 2], [1, 2, 1], [6, 3, 3], [6, 3, 2], [6, 3, 1], [1, 3, 3], [1, 3, 2], [1, 3, 1], [6, 1, 3], [6, 1, 2], [6, 1, 1], [1, 1, 3], [1, 1, 2], [1, 1, 1]]
43	-4.76794	43.34229	52	25	12	pensionerI	[[1, 1, 2], [1, 1, 3], [1, 1, 4], [1, 2, 2], [1, 2, 3], [1, 2, 4], [1, 3, 2], [1, 3, 3], [1, 3, 4], [2, 1, 2], [2, 1, 3], [2, 1, 4], [2, 2, 2], [2, 2, 3], [2, 2, 4], [2, 3, 2], [2, 3, 3], [2, 3, 4], [3, 1, 2], [3, 1, 3], [3, 1, 4], [3, 2, 2], [3, 2, 3], [3, 2, 4], [3, 3, 2], [3, 3, 3], [3, 3, 4], [4, 1, 2], [4, 1, 3], [4, 1, 4], [4, 2, 2], [4, 2, 3], [4, 2, 4], [4, 3, 2], [4, 3, 3], [4, 3, 4], [5, 1, 2], [5, 1, 3], [5, 1, 4], [5, 2, 2], [5, 2, 3], [5, 2, 4], [5, 3, 2], [5, 3, 3], [5, 3, 4], [6, 1, 2], [6, 1, 3], [6, 1, 4], [6, 2, 2], [6, 2, 3], [6, 2, 4], [6, 3, 2], [6, 3, 3], [6, 3, 4], [6, 1, 1], 0, [3, 1, 1], [6, 3, 1], [5, 1, 1], [3, 3, 1], [1, 1, 1], [5, 3, 1], [1, 3, 1], [4, 1, 1], [4, 3, 1], [6, 2, 1], [2, 1, 1], [3, 2, 1], [2, 3, 1], [5, 2, 1], [1, 2, 1], [4, 2, 1], [2, 2, 1]]
44	-4.76493	43.36032	52	27	12	pensionerI	[[1, 1, 2], [1, 1, 3], [1, 1, 4], [1, 2, 2], [1, 2, 3], [1, 2, 4], [1, 3, 2], [1, 3, 3], [1, 3, 4], [2, 1, 2], [2, 1, 3], [2, 1, 4], [2, 2, 2], [2, 2, 3], [2, 2, 4], [2, 3, 2], [2, 3, 3], [2, 3, 4], [3, 1, 2], [3, 1, 3], [3, 1, 4], [3, 2, 2], [3, 2, 3], [3, 2, 4], [3, 3, 2], [3, 3, 3], [3, 3, 4], [4, 1, 2], [4, 1, 3], [4, 1, 4], [4, 2, 2], [4, 2, 3], [4, 2, 4], [4, 3, 2], [4, 3, 3], [4, 3, 4], [5, 1, 2], [5, 1, 3], [5, 1, 4], [5, 2, 2], [5, 2, 3], [5, 2, 4], [5, 3, 2], [5, 3, 3], [5, 3, 4], [6, 1, 2], [6, 1, 3], [6, 1, 4], [6, 2, 2], [6, 2, 3], [6, 2, 4], [6, 3, 2], [6, 3, 3], [6, 3, 4], [3, 3, 1], 0, [4, 3, 1], [2, 3, 1], [6, 3, 1], [1, 3, 1], [3, 1, 1], [4, 1, 1], [2, 1, 1], [6, 1, 1], [1, 1, 1], [3, 2, 1], [4, 2, 1], [2, 2, 1], [6, 2, 1], [1, 2, 1], [5, 3, 1], [5, 1, 1], [5, 2, 1]]
45	-4.76101	43.33256	52	46	12	familyI	[[1, 1, 2], [1, 1, 3], [1, 1, 4], [1, 2, 2], [1, 2, 3], [1, 2, 4], [1, 3, 2], [1, 3, 3], [1, 3, 4], [2, 1, 2], [2, 1, 3], [2, 1, 4], [2, 2, 2], [2, 2, 3], [2, 2, 4], [2, 3, 2], [2, 3, 3], [2, 3, 4], [3, 1, 2], [3, 1, 3], [3, 1, 4], [3, 2, 2], [3, 2, 3], [3, 2, 4], [3, 3, 2], [3, 3, 3], [3, 3, 4], [4, 1, 2], [4, 1, 3], [4, 1, 4], [4, 2, 2], [4, 2, 3], [4, 2, 4], [4, 3, 2], [4, 3, 3], [4, 3, 4], [5, 1, 2], [5, 1, 3], [5, 1, 4], [5, 2, 2], [5, 2, 3], [5, 2, 4], [5, 3, 2], [5, 3, 3], [5, 3, 4], [6, 1, 2], [6, 1, 3], [6, 1, 4], [6, 2, 2], [6, 2, 3], [6, 2, 4], [6, 3, 2], [6, 3, 3], [6, 3, 4], [5, 3, 1], 0, [1, 3, 1], [6, 3, 1], [3, 3, 1], [5, 1, 1], [5, 2, 1], [1, 1, 1], [1, 2, 1], [6, 1, 1], [6, 2, 1], [3, 1, 1], [3, 2, 1], [2, 3, 1], [4, 3, 1], [2, 1, 1], [2, 2, 1], [4, 1, 1], [4, 2, 1]]
46	-4.78195	43.3474	52	39	12	pensionerII	[[1, 1, 3], [1, 1, 4], [1, 2, 3], [1, 2, 4], [1, 3, 3], [1, 3, 4], [2, 1, 3], [2, 1, 4], [2, 2, 3], [2, 2, 4], [2, 3, 3], [2, 3, 4], [3, 1, 3], [3, 1, 4], [3, 2, 3], [3, 2, 4], [3, 3, 3], [3, 3, 4], [4, 1, 3], [4, 1, 4], [4, 2, 3], [4, 2, 4], [4, 3, 3], [4, 3, 4], [5, 1, 3], [5, 1, 4], [5, 2, 3], [5, 2, 4], [5, 3, 3], [5, 3, 4], [6, 1, 3], [6, 1, 4], [6, 2, 3], [6, 2, 4], [6, 3, 3], [6, 3, 4], [2, 1, 2], 0, [2, 1, 1], [6, 1, 2], [6, 1, 1], [2, 3, 2], [2, 3, 1], [6, 3, 2], [6, 3, 1], [5, 1, 2], [5, 1, 1], [5, 3, 2], [5, 3, 1], [4, 1, 2], [4, 1, 1], [4, 3, 2], [4, 3, 1], [2, 2, 2], [2, 2, 1], [1, 1, 2], [1, 1, 1], [6, 2, 2], [6, 2, 1], [1, 3, 2], [1, 3, 1], [3, 1, 2], [3, 1, 1], [5, 2, 2], [5, 2, 1], [3, 3, 2], [3, 3, 1], [4, 2, 2], [4, 2, 1], [1, 2, 2], [1, 2, 1], [3, 2, 2], [3, 2, 1]]
47	-4.78061	43.35145	52	63	12	familyII	[[1, 1, 4], [1, 2, 4], [1, 3, 4], [2, 1, 4], [2, 2, 4], [2, 3, 4], [3, 1, 4], [3, 2, 4], [3, 3, 4], [4, 1, 4], [4, 2, 4], [4, 3, 4], [5, 1, 4], [5, 2, 4], [5, 3, 4], [6, 1, 4], [6, 2, 4], [6, 3, 4], [5, 1, 3], 0, [1, 1, 3], [6, 1, 3], [5, 1, 2], [1, 1, 2], [6, 1, 2], [5, 3, 3], [1, 3, 3], [6, 3, 3], [5, 1, 1], [1, 1, 1], [6, 1, 1], [5, 3, 2], [1, 3, 2], [6, 3, 2], [5, 3, 1], [1, 3, 1], [6, 3, 1], [2, 1, 3], [4, 1, 3], [2, 1, 2], [2, 3, 3], [4, 1, 2], [2, 1, 1], [4, 3, 3], [5, 2, 3], [1, 2, 3], [2, 3, 2], [6, 2, 3], [3, 1, 3], [4, 1, 1], [4, 3, 2], [5, 2, 2], [1, 2, 2], [2, 3, 1], [6, 2, 2], [3, 1, 2], [3, 3, 3], [4, 3, 1], [5, 2, 1], [1, 2, 1], [6, 2, 1], [3, 1, 1], [3, 3, 2], [3, 3, 1], [2, 2, 3], [4, 2, 3], [2, 2, 2], [4, 2, 2], [2, 2, 1], [3, 2, 3], [4, 2, 1], [3, 2, 2], [3, 2, 1]]
48	-4.8012	43.34635	52	47	12	familyI	[[1, 1, 2], [1, 1, 3], [1, 1, 4], [1, 2, 2], [1, 2, 3], [1, 2, 4], [1, 3, 2], [1, 3, 3], [1, 3, 4], [2, 1, 2], [2, 1, 3], [2, 1, 4], [2, 2, 2], [2, 2, 3], [2, 2, 4], [2, 3, 2], [2, 3, 3], [2, 3, 4], [3, 1, 2], [3, 1, 3], [3, 1, 4], [3, 2, 2], [3, 2, 3], [3, 2, 4], [3, 3, 2], [3, 3, 3], [3, 3, 4], [4, 1, 2], [4, 1, 3], [4, 1, 4], [4, 2, 2], [4, 2, 3], [4, 2, 4], [4, 3, 2], [4, 3, 3], [4, 3, 4], [5, 1, 2], [5, 1, 3], [5, 1, 4], [5, 2, 2], [5, 2, 3], [5, 2, 4], [5, 3, 2], [5, 3, 3], [5, 3, 4], [6, 1, 2], [6, 1, 3], [6, 1, 4], [6, 2, 2], [6, 2, 3], [6, 2, 4], [6, 3, 2], [6, 3, 3], [6, 3, 4], [5, 1, 1], 0, [3, 1, 1], [5, 3, 1], [6, 1, 1], [3, 3, 1], [6, 3, 1], [1, 1, 1], [5, 2, 1], [1, 3, 1], [3, 2, 1], [6, 2, 1], [1, 2, 1], [2, 1, 1], [2, 3, 1], [4, 1, 1], [2, 2, 1], [4, 3, 1], [4, 2, 1]]
49	-4.80587	43.34317	52	27	12	pensionerII	[[1, 1, 3], [1, 1, 4], [1, 2, 3], [1, 2, 4], [1, 3, 3], [1, 3, 4], [2, 1, 3], [2, 1, 4], [2, 2, 3], [2, 2, 4], [2, 3, 3], [2, 3, 4], [3, 1, 3], [3, 1, 4], [3, 2, 3], [3, 2, 4], [3, 3, 3], [3, 3, 4], [4, 1, 3], [4, 1, 4], [4, 2, 3], [4, 2, 4], [4, 3, 3], [4, 3, 4], [5, 1, 3], [5, 1, 4], [5, 2, 3], [5, 2, 4], [5, 3, 3], [5, 3, 4], [6, 1, 3], [6, 1, 4], [6, 2, 3], [6, 2, 4], [6, 3, 3], [6, 3, 4], [5, 1, 2], 0, [5, 1, 1], [6, 1, 2], [6, 1, 1], [5, 3, 2], [5, 3, 1], [6, 3, 2], [6, 3, 1], [2, 1, 2], [2, 1, 1], [2, 3, 2], [2, 3, 1], [5, 2, 2], [5, 2, 1], [6, 2, 2], [6, 2, 1], [4, 1, 2], [2, 2, 2], [4, 1, 1], [2, 2, 1], [4, 3, 2], [4, 3, 1], [1, 1, 2], [1, 1, 1], [3, 1, 2], [3, 1, 1], [1, 3, 2], [1, 3, 1], [3, 3, 2], [3, 3, 1], [4, 2, 2], [4, 2, 1], [1, 2, 2], [1, 2, 1], [3, 2, 2], [3, 2, 1]]
50	-4.80616	43.343	52	25	12	pensionerII	[[1, 1, 3], [1, 1, 4], [1, 2, 3], [1, 2, 4], [1, 3, 3], [1, 3, 4], [2, 1, 3], [2, 1, 4], [2, 2, 3], [2, 2, 4], [2, 3, 3], [2, 3, 4], [3, 1, 3], [3, 1, 4], [3, 2, 3], [3, 2, 4], [3, 3, 3], [3, 3, 4], [4, 1, 3], [4, 1, 4], [4, 2, 3], [4, 2, 4], [4, 3, 3], [4, 3, 4], [5, 1, 3], [5, 1, 4], [5, 2, 3], [5, 2, 4], [5, 3, 3], [5, 3, 4], [6, 1, 3], [6, 1, 4], [6, 2, 3], [6, 2, 4], [6, 3, 3], [6, 3, 4], [6, 1, 2], 0, [6, 1, 1], [5, 1, 2], [5, 1, 1], [2, 1, 2], [2, 1, 1], [6, 3, 2], [6, 3, 1], [5, 3, 2], [5, 3, 1], [6, 2, 2], [6, 2, 1], [5, 2, 2], [5, 2, 1], [2, 3, 2], [2, 3, 1], [3, 1, 2], [3, 1, 1], [2, 2, 2], [2, 2, 1], [4, 1, 2], [4, 1, 1], [1, 1, 2], [1, 1, 1], [3, 3, 2], [3, 3, 1], [3, 2, 2], [3, 2, 1], [4, 3, 2], [4, 3, 1], [1, 3, 2], [1, 3, 1], [4, 2, 2], [4, 2, 1], [1, 2, 2], [1, 2, 1]]
51	-4.80287	43.33045	52	28	12	pensionerII	[[1, 1, 3], [1, 1, 4], [1, 2, 3], [1, 2, 4], [1, 3, 3], [1, 3, 4], [2, 1, 3], [2, 1, 4], [2, 2, 3], [2, 2, 4], [2, 3, 3], [2, 3, 4], [3, 1, 3], [3, 1, 4], [3, 2, 3], [3, 2, 4], [3, 3, 3], [3, 3, 4], [4, 1, 3], [4, 1, 4], [4, 2, 3], [4, 2, 4], [4, 3, 3], [4, 3, 4], [5, 1, 3], [5, 1, 4], [5, 2, 3], [5, 2, 4], [5, 3, 3], [5, 3, 4], [6, 1, 3], [6, 1, 4], [6, 2, 3], [6, 2, 4], [6, 3, 3], [6, 3, 4], [6, 3, 2], 0, [2, 3, 2], [6, 3, 1], [2, 3, 1], [5, 3, 2], [5, 3, 1], [6, 1, 2], [2, 1, 2], [6, 1, 1], [2, 1, 1], [5, 1, 2], [5, 1, 1], [6, 2, 2], [2, 2, 2], [6, 2, 1], [2, 2, 1], [5, 2, 2], [5, 2, 1], [4, 3, 2], [4, 3, 1], [3, 3, 2], [3, 3, 1], [1, 3, 2], [1, 3, 1], [4, 1, 2], [4, 1, 1], [3, 1, 2], [3, 1, 1], [1, 1, 2], [1, 1, 1], [4, 2, 2], [4, 2, 1], [3, 2, 2], [3, 2, 1], [1, 2, 2], [1, 2, 1]]
52	-4.77365	43.34122	52	21	12	pensionerII	[[1, 1, 3], [1, 1, 4], [1, 2, 3], [1, 2, 4], [1, 3, 3], [1, 3, 4], [2, 1, 3], [2, 1, 4], [2, 2, 3], [2, 2, 4], [2, 3, 3], [2, 3, 4], [3, 1, 3], [3, 1, 4], [3, 2, 3], [3, 2, 4], [3, 3, 3], [3, 3, 4], [4, 1, 3], [4, 1, 4], [4, 2, 3], [4, 2, 4], [4, 3, 3], [4, 3, 4], [5, 1, 3], [5, 1, 4], [5, 2, 3], [5, 2, 4], [5, 3, 3], [5, 3, 4], [6, 1, 3], [6, 1, 4], [6, 2, 3], [6, 2, 4], [6, 3, 3], [6, 3, 4], [2, 2, 2], 0, [2, 2, 1], [5, 2, 2], [5, 2, 1], [2, 1, 2], [2, 1, 1], [6, 2, 2], [6, 2, 1], [5, 1, 2], [5, 1, 1], [6, 1, 2], [6, 1, 1], [4, 2, 2], [4, 2, 1], [3, 2, 2], [1, 2, 2], [3, 2, 1], [1, 2, 1], [2, 3, 2], [2, 3, 1], [4, 1, 2], [4, 1, 1], [3, 1, 2], [1, 1, 2], [3, 1, 1], [1, 1, 1], [5, 3, 2], [5, 3, 1], [6, 3, 2], [6, 3, 1], [4, 3, 2], [4, 3, 1], [3, 3, 2], [1, 3, 2], [3, 3, 1], [1, 3, 1]]
53	-4.77002	43.36077	52	78	12	familyI	[[1, 1, 2], [1, 1, 3], [1, 1, 4], [1, 2, 2], [1, 2, 3], [1, 2, 4], [1, 3, 2], [1, 3, 3], [1, 3, 4], [2, 1, 2], [2, 1, 3], [2, 1, 4], [2, 2, 2], [2, 2, 3], [2, 2, 4], [2, 3, 2], [2, 3, 3], [2, 3, 4], [3, 1, 2], [3, 1, 3], [3, 1, 4], [3, 2, 2], [3, 2, 3], [3, 2, 4], [3, 3, 2], [3, 3, 3], [3, 3, 4], [4, 1, 2], [4, 1, 3], [4, 1, 4], [4, 2, 2], [4, 2, 3], [4, 2, 4], [4, 3, 2], [4, 3, 3], [4, 3, 4], [5, 1, 2], [5, 1, 3], [5, 1, 4], [5, 2, 2], [5, 2, 3], [5, 2, 4], [5, 3, 2], [5, 3, 3], [5, 3, 4], [6, 1, 2], [6, 1, 3], [6, 1, 4], [6, 2, 2], [6, 2, 3], [6, 2, 4], [6, 3, 2], [6, 3, 3], [6, 3, 4], [5, 3, 1], 0, [5, 2, 1], [1, 3, 1], [1, 2, 1], [3, 3, 1], [3, 2, 1], [5, 1, 1], [6, 3, 1], [6, 2, 1], [1, 1, 1], [3, 1, 1], [6, 1, 1], [4, 3, 1], [4, 2, 1], [2, 3, 1], [2, 2, 1], [4, 1, 1], [2, 1, 1]]
54	-4.76989	43.36357	52	80	12	familyII	[[1, 1, 4], [1, 2, 4], [1, 3, 4], [2, 1, 4], [2, 2, 4], [2, 3, 4], [3, 1, 4], [3, 2, 4], [3, 3, 4], [4, 1, 4], [4, 2, 4], [4, 3, 4], [5, 1, 4], [5, 2, 4], [5, 3, 4], [6, 1, 4], [6, 2, 4], [6, 3, 4], [1, 3, 3], 0, [1, 3, 2], [5, 3, 3], [6, 3, 3], [1, 2, 3], [1, 3, 1], [5, 3, 2], [6, 3, 2], [1, 2, 2], [5, 2, 3], [5, 3, 1], [6, 2, 3], [6, 3, 1], [1, 2, 1], [5, 2, 2], [6, 2, 2], [5, 2, 1], [6, 2, 1], [4, 3, 3], [3, 3, 3], [1, 1, 3], [4, 3, 2], [2, 3, 3], [3, 3, 2], [1, 1, 2], [5, 1, 3], [4, 2, 3], [4, 3, 1], [2, 3, 2], [3, 2, 3], [3, 3, 1], [6, 1, 3], [1, 1, 1], [5, 1, 2], [4, 2, 2], [2, 2, 3], [2, 3, 1], [3, 2, 2], [6, 1, 2], [5, 1, 1], [4, 2, 1], [2, 2, 2], [3, 2, 1], [6, 1, 1], [2, 2, 1], [4, 1, 3], [3, 1, 3], [4, 1, 2], [2, 1, 3], [3, 1, 2], [4, 1, 1], [2, 1, 2], [3, 1, 1], [2, 1, 1]]