S3n72d2w6-120p5-4-8c6_1679308099

DAYS
2

WINDOWS
1	480	600
2	600	720
3	720	840
4	840	960
5	960	1080
6	1080	1200

FEES
1	5
2	6
3	7
4	8

CLUSTERS
CLUST NO.	LONCOORD.	LATCOORD.

47	-4.82743	43.36927
51	-4.87416	43.3423
52	-4.7807	43.3423
57	-4.82743	43.31532
61	-4.87416	43.28834
62	-4.7807	43.28834

CUSTOMERS
CUST NO.	LONCOORD.	LATCOORD.	CLUST NO.	BASKET.	SERVICE TIME.	SEGMENT.	PREF LIST.
0	-4.82743	43.31532	0	0	0	0	0
1	-4.84363	43.3045	57	32	12	pensionerI	[[1, 1, 2], [1, 1, 3], [1, 1, 4], [1, 2, 2], [1, 2, 3], [1, 2, 4], [2, 1, 2], [2, 1, 3], [2, 1, 4], [2, 2, 2], [2, 2, 3], [2, 2, 4], [3, 1, 2], [3, 1, 3], [3, 1, 4], [3, 2, 2], [3, 2, 3], [3, 2, 4], [4, 1, 2], [4, 1, 3], [4, 1, 4], [4, 2, 2], [4, 2, 3], [4, 2, 4], [5, 1, 2], [5, 1, 3], [5, 1, 4], [5, 2, 2], [5, 2, 3], [5, 2, 4], [6, 1, 2], [6, 1, 3], [6, 1, 4], [6, 2, 2], [6, 2, 3], [6, 2, 4], [4, 1, 1], 0, [1, 1, 1], [2, 1, 1], [3, 1, 1], [6, 1, 1], [4, 2, 1], [1, 2, 1], [5, 1, 1], [2, 2, 1], [3, 2, 1], [6, 2, 1], [5, 2, 1]]
2	-4.83099	43.31091	57	63	12	familyII	[[1, 1, 4], [1, 2, 4], [2, 1, 4], [2, 2, 4], [3, 1, 4], [3, 2, 4], [4, 1, 4], [4, 2, 4], [5, 1, 4], [5, 2, 4], [6, 1, 4], [6, 2, 4], [5, 1, 3], 0, [6, 1, 3], [1, 1, 3], [5, 1, 2], [6, 1, 2], [1, 1, 2], [5, 1, 1], [6, 1, 1], [5, 2, 3], [1, 1, 1], [6, 2, 3], [1, 2, 3], [5, 2, 2], [6, 2, 2], [1, 2, 2], [5, 2, 1], [3, 1, 3], [6, 2, 1], [1, 2, 1], [2, 1, 3], [3, 1, 2], [4, 1, 3], [2, 1, 2], [3, 1, 1], [4, 1, 2], [3, 2, 3], [2, 1, 1], [2, 2, 3], [4, 1, 1], [3, 2, 2], [4, 2, 3], [2, 2, 2], [3, 2, 1], [4, 2, 2], [2, 2, 1], [4, 2, 1]]
3	-4.8631	43.32289	51	69	12	familyII	[[1, 1, 4], [1, 2, 4], [2, 1, 4], [2, 2, 4], [3, 1, 4], [3, 2, 4], [4, 1, 4], [4, 2, 4], [5, 1, 4], [5, 2, 4], [6, 1, 4], [6, 2, 4], [6, 2, 3], 0, [1, 2, 3], [6, 2, 2], [1, 2, 2], [6, 2, 1], [1, 2, 1], [5, 2, 3], [5, 2, 2], [6, 1, 3], [1, 1, 3], [4, 2, 3], [2, 2, 3], [5, 2, 1], [6, 1, 2], [1, 1, 2], [4, 2, 2], [3, 2, 3], [2, 2, 2], [6, 1, 1], [1, 1, 1], [4, 2, 1], [3, 2, 2], [2, 2, 1], [5, 1, 3], [3, 2, 1], [5, 1, 2], [4, 1, 3], [2, 1, 3], [5, 1, 1], [4, 1, 2], [3, 1, 3], [2, 1, 2], [4, 1, 1], [3, 1, 2], [2, 1, 1], [3, 1, 1]]
4	-4.83517	43.29344	57	23	12	pensionerI	[[1, 1, 2], [1, 1, 3], [1, 1, 4], [1, 2, 2], [1, 2, 3], [1, 2, 4], [2, 1, 2], [2, 1, 3], [2, 1, 4], [2, 2, 2], [2, 2, 3], [2, 2, 4], [3, 1, 2], [3, 1, 3], [3, 1, 4], [3, 2, 2], [3, 2, 3], [3, 2, 4], [4, 1, 2], [4, 1, 3], [4, 1, 4], [4, 2, 2], [4, 2, 3], [4, 2, 4], [5, 1, 2], [5, 1, 3], [5, 1, 4], [5, 2, 2], [5, 2, 3], [5, 2, 4], [6, 1, 2], [6, 1, 3], [6, 1, 4], [6, 2, 2], [6, 2, 3], [6, 2, 4], [3, 2, 1], 0, [1, 2, 1], [2, 2, 1], [5, 2, 1], [4, 2, 1], [3, 1, 1], [1, 1, 1], [2, 1, 1], [5, 1, 1], [6, 2, 1], [4, 1, 1], [6, 1, 1]]
5	-4.84672	43.29092	61	45	12	businessII	[[1, 1, 4], [1, 2, 4], [2, 1, 1], [2, 1, 2], [2, 1, 3], [2, 1, 4], [2, 2, 1], [2, 2, 2], [2, 2, 3], [2, 2, 4], [3, 1, 1], [3, 1, 2], [3, 1, 3], [3, 1, 4], [3, 2, 1], [3, 2, 2], [3, 2, 3], [3, 2, 4], [4, 1, 1], [4, 1, 2], [4, 1, 3], [4, 1, 4], [4, 2, 1], [4, 2, 2], [4, 2, 3], [4, 2, 4], [5, 1, 1], [5, 1, 2], [5, 1, 3], [5, 1, 4], [5, 2, 1], [5, 2, 2], [5, 2, 3], [5, 2, 4], [6, 1, 4], [6, 2, 4], [1, 1, 3], 0, [1, 1, 2], [1, 1, 1], [1, 2, 3], [1, 2, 2], [1, 2, 1], [6, 1, 3], [6, 1, 2], [6, 1, 1], [6, 2, 3], [6, 2, 2], [6, 2, 1]]
6	-4.79806	43.30441	62	54	12	businessI	[[1, 1, 4], [1, 2, 4], [2, 1, 4], [2, 2, 4], [3, 1, 1], [3, 1, 2], [3, 1, 3], [3, 1, 4], [3, 2, 1], [3, 2, 2], [3, 2, 3], [3, 2, 4], [4, 1, 1], [4, 1, 2], [4, 1, 3], [4, 1, 4], [4, 2, 1], [4, 2, 2], [4, 2, 3], [4, 2, 4], [5, 1, 4], [5, 2, 4], [6, 1, 4], [6, 2, 4], [1, 1, 3], 0, [1, 1, 2], [1, 1, 1], [6, 1, 3], [6, 1, 2], [6, 1, 1], [2, 1, 3], [2, 1, 2], [2, 1, 1], [1, 2, 3], [1, 2, 2], [1, 2, 1], [5, 1, 3], [5, 1, 2], [6, 2, 3], [5, 1, 1], [6, 2, 2], [6, 2, 1], [2, 2, 3], [2, 2, 2], [2, 2, 1], [5, 2, 3], [5, 2, 2], [5, 2, 1]]
7	-4.79767	43.31339	57	53	12	businessI	[[1, 1, 4], [1, 2, 4], [2, 1, 4], [2, 2, 4], [3, 1, 1], [3, 1, 2], [3, 1, 3], [3, 1, 4], [3, 2, 1], [3, 2, 2], [3, 2, 3], [3, 2, 4], [4, 1, 1], [4, 1, 2], [4, 1, 3], [4, 1, 4], [4, 2, 1], [4, 2, 2], [4, 2, 3], [4, 2, 4], [5, 1, 4], [5, 2, 4], [6, 1, 4], [6, 2, 4], [2, 1, 3], 0, [5, 1, 3], [2, 1, 2], [6, 1, 3], [5, 1, 2], [2, 1, 1], [6, 1, 2], [5, 1, 1], [6, 1, 1], [1, 1, 3], [1, 1, 2], [1, 1, 1], [2, 2, 3], [5, 2, 3], [2, 2, 2], [6, 2, 3], [5, 2, 2], [2, 2, 1], [6, 2, 2], [5, 2, 1], [6, 2, 1], [1, 2, 3], [1, 2, 2], [1, 2, 1]]
8	-4.76968	43.26325	62	36	12	pensionerII	[[1, 1, 3], [1, 1, 4], [1, 2, 3], [1, 2, 4], [2, 1, 3], [2, 1, 4], [2, 2, 3], [2, 2, 4], [3, 1, 3], [3, 1, 4], [3, 2, 3], [3, 2, 4], [4, 1, 3], [4, 1, 4], [4, 2, 3], [4, 2, 4], [5, 1, 3], [5, 1, 4], [5, 2, 3], [5, 2, 4], [6, 1, 3], [6, 1, 4], [6, 2, 3], [6, 2, 4], [6, 2, 2], 0, [6, 2, 1], [5, 2, 2], [2, 2, 2], [5, 2, 1], [2, 2, 1], [6, 1, 2], [6, 1, 1], [5, 1, 2], [2, 1, 2], [5, 1, 1], [2, 1, 1], [3, 2, 2], [3, 2, 1], [1, 2, 2], [1, 2, 1], [4, 2, 2], [4, 2, 1], [3, 1, 2], [3, 1, 1], [1, 1, 2], [1, 1, 1], [4, 1, 2], [4, 1, 1]]
9	-4.80907	43.29737	57	53	12	familyII	[[1, 1, 4], [1, 2, 4], [2, 1, 4], [2, 2, 4], [3, 1, 4], [3, 2, 4], [4, 1, 4], [4, 2, 4], [5, 1, 4], [5, 2, 4], [6, 1, 4], [6, 2, 4], [5, 2, 3], 0, [6, 2, 3], [1, 2, 3], [5, 2, 2], [6, 2, 2], [1, 2, 2], [5, 2, 1], [6, 2, 1], [1, 2, 1], [3, 2, 3], [2, 2, 3], [3, 2, 2], [4, 2, 3], [5, 1, 3], [6, 1, 3], [2, 2, 2], [1, 1, 3], [3, 2, 1], [4, 2, 2], [5, 1, 2], [6, 1, 2], [2, 2, 1], [1, 1, 2], [4, 2, 1], [5, 1, 1], [6, 1, 1], [1, 1, 1], [3, 1, 3], [2, 1, 3], [3, 1, 2], [4, 1, 3], [2, 1, 2], [3, 1, 1], [4, 1, 2], [2, 1, 1], [4, 1, 1]]
10	-4.81351	43.32031	57	43	12	businessII	[[1, 1, 4], [1, 2, 4], [2, 1, 1], [2, 1, 2], [2, 1, 3], [2, 1, 4], [2, 2, 1], [2, 2, 2], [2, 2, 3], [2, 2, 4], [3, 1, 1], [3, 1, 2], [3, 1, 3], [3, 1, 4], [3, 2, 1], [3, 2, 2], [3, 2, 3], [3, 2, 4], [4, 1, 1], [4, 1, 2], [4, 1, 3], [4, 1, 4], [4, 2, 1], [4, 2, 2], [4, 2, 3], [4, 2, 4], [5, 1, 1], [5, 1, 2], [5, 1, 3], [5, 1, 4], [5, 2, 1], [5, 2, 2], [5, 2, 3], [5, 2, 4], [6, 1, 4], [6, 2, 4], [6, 2, 3], 0, [6, 2, 2], [6, 2, 1], [1, 2, 3], [1, 2, 2], [1, 2, 1], [6, 1, 3], [6, 1, 2], [6, 1, 1], [1, 1, 3], [1, 1, 2], [1, 1, 1]]
11	-4.81475	43.32099	57	31	12	pensionerII	[[1, 1, 3], [1, 1, 4], [1, 2, 3], [1, 2, 4], [2, 1, 3], [2, 1, 4], [2, 2, 3], [2, 2, 4], [3, 1, 3], [3, 1, 4], [3, 2, 3], [3, 2, 4], [4, 1, 3], [4, 1, 4], [4, 2, 3], [4, 2, 4], [5, 1, 3], [5, 1, 4], [5, 2, 3], [5, 2, 4], [6, 1, 3], [6, 1, 4], [6, 2, 3], [6, 2, 4], [2, 1, 2], 0, [2, 1, 1], [6, 1, 2], [6, 1, 1], [2, 2, 2], [2, 2, 1], [6, 2, 2], [6, 2, 1], [5, 1, 2], [5, 1, 1], [5, 2, 2], [5, 2, 1], [3, 1, 2], [4, 1, 2], [3, 1, 1], [4, 1, 1], [1, 1, 2], [1, 1, 1], [3, 2, 2], [4, 2, 2], [3, 2, 1], [4, 2, 1], [1, 2, 2], [1, 2, 1]]
12	-4.87703	43.30671	61	23	12	pensionerI	[[1, 1, 2], [1, 1, 3], [1, 1, 4], [1, 2, 2], [1, 2, 3], [1, 2, 4], [2, 1, 2], [2, 1, 3], [2, 1, 4], [2, 2, 2], [2, 2, 3], [2, 2, 4], [3, 1, 2], [3, 1, 3], [3, 1, 4], [3, 2, 2], [3, 2, 3], [3, 2, 4], [4, 1, 2], [4, 1, 3], [4, 1, 4], [4, 2, 2], [4, 2, 3], [4, 2, 4], [5, 1, 2], [5, 1, 3], [5, 1, 4], [5, 2, 2], [5, 2, 3], [5, 2, 4], [6, 1, 2], [6, 1, 3], [6, 1, 4], [6, 2, 2], [6, 2, 3], [6, 2, 4], [4, 1, 1], 0, [6, 1, 1], [3, 1, 1], [1, 1, 1], [5, 1, 1], [4, 2, 1], [6, 2, 1], [3, 2, 1], [1, 2, 1], [5, 2, 1], [2, 1, 1], [2, 2, 1]]
13	-4.87637	43.30484	61	20	12	pensionerI	[[1, 1, 2], [1, 1, 3], [1, 1, 4], [1, 2, 2], [1, 2, 3], [1, 2, 4], [2, 1, 2], [2, 1, 3], [2, 1, 4], [2, 2, 2], [2, 2, 3], [2, 2, 4], [3, 1, 2], [3, 1, 3], [3, 1, 4], [3, 2, 2], [3, 2, 3], [3, 2, 4], [4, 1, 2], [4, 1, 3], [4, 1, 4], [4, 2, 2], [4, 2, 3], [4, 2, 4], [5, 1, 2], [5, 1, 3], [5, 1, 4], [5, 2, 2], [5, 2, 3], [5, 2, 4], [6, 1, 2], [6, 1, 3], [6, 1, 4], [6, 2, 2], [6, 2, 3], [6, 2, 4], [6, 1, 1], 0, [3, 1, 1], [2, 1, 1], [6, 2, 1], [1, 1, 1], [3, 2, 1], [4, 1, 1], [2, 2, 1], [1, 2, 1], [4, 2, 1], [5, 1, 1], [5, 2, 1]]
14	-4.88955	43.30464	61	33	12	pensionerII	[[1, 1, 3], [1, 1, 4], [1, 2, 3], [1, 2, 4], [2, 1, 3], [2, 1, 4], [2, 2, 3], [2, 2, 4], [3, 1, 3], [3, 1, 4], [3, 2, 3], [3, 2, 4], [4, 1, 3], [4, 1, 4], [4, 2, 3], [4, 2, 4], [5, 1, 3], [5, 1, 4], [5, 2, 3], [5, 2, 4], [6, 1, 3], [6, 1, 4], [6, 2, 3], [6, 2, 4], [2, 2, 2], 0, [2, 2, 1], [6, 2, 2], [6, 2, 1], [5, 2, 2], [5, 2, 1], [2, 1, 2], [2, 1, 1], [6, 1, 2], [6, 1, 1], [5, 1, 2], [5, 1, 1], [4, 2, 2], [4, 2, 1], [1, 2, 2], [1, 2, 1], [3, 2, 2], [3, 2, 1], [4, 1, 2], [4, 1, 1], [1, 1, 2], [1, 1, 1], [3, 1, 2], [3, 1, 1]]
15	-4.86981	43.29172	61	49	12	familyI	[[1, 1, 2], [1, 1, 3], [1, 1, 4], [1, 2, 2], [1, 2, 3], [1, 2, 4], [2, 1, 2], [2, 1, 3], [2, 1, 4], [2, 2, 2], [2, 2, 3], [2, 2, 4], [3, 1, 2], [3, 1, 3], [3, 1, 4], [3, 2, 2], [3, 2, 3], [3, 2, 4], [4, 1, 2], [4, 1, 3], [4, 1, 4], [4, 2, 2], [4, 2, 3], [4, 2, 4], [5, 1, 2], [5, 1, 3], [5, 1, 4], [5, 2, 2], [5, 2, 3], [5, 2, 4], [6, 1, 2], [6, 1, 3], [6, 1, 4], [6, 2, 2], [6, 2, 3], [6, 2, 4], [6, 1, 1], 0, [5, 1, 1], [3, 1, 1], [1, 1, 1], [6, 2, 1], [5, 2, 1], [4, 1, 1], [3, 2, 1], [1, 2, 1], [2, 1, 1], [4, 2, 1], [2, 2, 1]]
16	-4.87339	43.2917	61	28	12	pensionerII	[[1, 1, 3], [1, 1, 4], [1, 2, 3], [1, 2, 4], [2, 1, 3], [2, 1, 4], [2, 2, 3], [2, 2, 4], [3, 1, 3], [3, 1, 4], [3, 2, 3], [3, 2, 4], [4, 1, 3], [4, 1, 4], [4, 2, 3], [4, 2, 4], [5, 1, 3], [5, 1, 4], [5, 2, 3], [5, 2, 4], [6, 1, 3], [6, 1, 4], [6, 2, 3], [6, 2, 4], [6, 1, 2], 0, [6, 1, 1], [2, 1, 2], [2, 1, 1], [5, 1, 2], [5, 1, 1], [4, 1, 2], [4, 1, 1], [3, 1, 2], [3, 1, 1], [1, 1, 2], [1, 1, 1], [6, 2, 2], [6, 2, 1], [2, 2, 2], [2, 2, 1], [5, 2, 2], [5, 2, 1], [4, 2, 2], [4, 2, 1], [3, 2, 2], [3, 2, 1], [1, 2, 2], [1, 2, 1]]
17	-4.87183	43.29664	61	46	12	businessI	[[1, 1, 4], [1, 2, 4], [2, 1, 4], [2, 2, 4], [3, 1, 1], [3, 1, 2], [3, 1, 3], [3, 1, 4], [3, 2, 1], [3, 2, 2], [3, 2, 3], [3, 2, 4], [4, 1, 1], [4, 1, 2], [4, 1, 3], [4, 1, 4], [4, 2, 1], [4, 2, 2], [4, 2, 3], [4, 2, 4], [5, 1, 4], [5, 2, 4], [6, 1, 4], [6, 2, 4], [2, 1, 3], 0, [2, 1, 2], [2, 1, 1], [1, 1, 3], [1, 1, 2], [1, 1, 1], [6, 1, 3], [6, 1, 2], [6, 1, 1], [5, 1, 3], [5, 1, 2], [5, 1, 1], [2, 2, 3], [2, 2, 2], [2, 2, 1], [1, 2, 3], [1, 2, 2], [1, 2, 1], [6, 2, 3], [6, 2, 2], [6, 2, 1], [5, 2, 3], [5, 2, 2], [5, 2, 1]]
18	-4.86128	43.28178	61	22	12	pensionerII	[[1, 1, 3], [1, 1, 4], [1, 2, 3], [1, 2, 4], [2, 1, 3], [2, 1, 4], [2, 2, 3], [2, 2, 4], [3, 1, 3], [3, 1, 4], [3, 2, 3], [3, 2, 4], [4, 1, 3], [4, 1, 4], [4, 2, 3], [4, 2, 4], [5, 1, 3], [5, 1, 4], [5, 2, 3], [5, 2, 4], [6, 1, 3], [6, 1, 4], [6, 2, 3], [6, 2, 4], [5, 1, 2], 0, [5, 1, 1], [6, 1, 2], [6, 1, 1], [2, 1, 2], [2, 1, 1], [3, 1, 2], [3, 1, 1], [1, 1, 2], [1, 1, 1], [4, 1, 2], [4, 1, 1], [5, 2, 2], [5, 2, 1], [6, 2, 2], [6, 2, 1], [2, 2, 2], [2, 2, 1], [3, 2, 2], [3, 2, 1], [1, 2, 2], [1, 2, 1], [4, 2, 2], [4, 2, 1]]
19	-4.85356	43.27291	61	47	12	businessI	[[1, 1, 4], [1, 2, 4], [2, 1, 4], [2, 2, 4], [3, 1, 1], [3, 1, 2], [3, 1, 3], [3, 1, 4], [3, 2, 1], [3, 2, 2], [3, 2, 3], [3, 2, 4], [4, 1, 1], [4, 1, 2], [4, 1, 3], [4, 1, 4], [4, 2, 1], [4, 2, 2], [4, 2, 3], [4, 2, 4], [5, 1, 4], [5, 2, 4], [6, 1, 4], [6, 2, 4], [1, 1, 3], 0, [2, 1, 3], [1, 1, 2], [6, 1, 3], [2, 1, 2], [1, 1, 1], [6, 1, 2], [2, 1, 1], [6, 1, 1], [5, 1, 3], [5, 1, 2], [5, 1, 1], [1, 2, 3], [2, 2, 3], [1, 2, 2], [6, 2, 3], [2, 2, 2], [1, 2, 1], [6, 2, 2], [2, 2, 1], [6, 2, 1], [5, 2, 3], [5, 2, 2], [5, 2, 1]]
20	-4.86651	43.27296	61	20	12	pensionerII	[[1, 1, 3], [1, 1, 4], [1, 2, 3], [1, 2, 4], [2, 1, 3], [2, 1, 4], [2, 2, 3], [2, 2, 4], [3, 1, 3], [3, 1, 4], [3, 2, 3], [3, 2, 4], [4, 1, 3], [4, 1, 4], [4, 2, 3], [4, 2, 4], [5, 1, 3], [5, 1, 4], [5, 2, 3], [5, 2, 4], [6, 1, 3], [6, 1, 4], [6, 2, 3], [6, 2, 4], [5, 2, 2], 0, [5, 2, 1], [6, 2, 2], [6, 2, 1], [2, 2, 2], [2, 2, 1], [5, 1, 2], [5, 1, 1], [6, 1, 2], [6, 1, 1], [2, 1, 2], [2, 1, 1], [1, 2, 2], [4, 2, 2], [1, 2, 1], [4, 2, 1], [3, 2, 2], [3, 2, 1], [1, 1, 2], [4, 1, 2], [1, 1, 1], [4, 1, 1], [3, 1, 2], [3, 1, 1]]
21	-4.86552	43.27626	61	37	12	pensionerII	[[1, 1, 3], [1, 1, 4], [1, 2, 3], [1, 2, 4], [2, 1, 3], [2, 1, 4], [2, 2, 3], [2, 2, 4], [3, 1, 3], [3, 1, 4], [3, 2, 3], [3, 2, 4], [4, 1, 3], [4, 1, 4], [4, 2, 3], [4, 2, 4], [5, 1, 3], [5, 1, 4], [5, 2, 3], [5, 2, 4], [6, 1, 3], [6, 1, 4], [6, 2, 3], [6, 2, 4], [6, 2, 2], 0, [6, 2, 1], [2, 2, 2], [2, 2, 1], [5, 2, 2], [5, 2, 1], [1, 2, 2], [1, 2, 1], [3, 2, 2], [6, 1, 2], [3, 2, 1], [6, 1, 1], [2, 1, 2], [4, 2, 2], [2, 1, 1], [4, 2, 1], [5, 1, 2], [5, 1, 1], [1, 1, 2], [1, 1, 1], [3, 1, 2], [3, 1, 1], [4, 1, 2], [4, 1, 1]]
22	-4.85684	43.28709	61	64	12	familyII	[[1, 1, 4], [1, 2, 4], [2, 1, 4], [2, 2, 4], [3, 1, 4], [3, 2, 4], [4, 1, 4], [4, 2, 4], [5, 1, 4], [5, 2, 4], [6, 1, 4], [6, 2, 4], [6, 1, 3], 0, [1, 1, 3], [6, 1, 2], [5, 1, 3], [1, 1, 2], [6, 1, 1], [5, 1, 2], [1, 1, 1], [5, 1, 1], [3, 1, 3], [6, 2, 3], [1, 2, 3], [3, 1, 2], [4, 1, 3], [2, 1, 3], [6, 2, 2], [5, 2, 3], [1, 2, 2], [3, 1, 1], [4, 1, 2], [2, 1, 2], [6, 2, 1], [5, 2, 2], [1, 2, 1], [4, 1, 1], [2, 1, 1], [5, 2, 1], [3, 2, 3], [3, 2, 2], [4, 2, 3], [2, 2, 3], [3, 2, 1], [4, 2, 2], [2, 2, 2], [4, 2, 1], [2, 2, 1]]
23	-4.86082	43.28601	61	26	12	pensionerII	[[1, 1, 3], [1, 1, 4], [1, 2, 3], [1, 2, 4], [2, 1, 3], [2, 1, 4], [2, 2, 3], [2, 2, 4], [3, 1, 3], [3, 1, 4], [3, 2, 3], [3, 2, 4], [4, 1, 3], [4, 1, 4], [4, 2, 3], [4, 2, 4], [5, 1, 3], [5, 1, 4], [5, 2, 3], [5, 2, 4], [6, 1, 3], [6, 1, 4], [6, 2, 3], [6, 2, 4], [6, 2, 2], 0, [5, 2, 2], [2, 2, 2], [6, 2, 1], [5, 2, 1], [2, 2, 1], [6, 1, 2], [5, 1, 2], [2, 1, 2], [6, 1, 1], [5, 1, 1], [2, 1, 1], [3, 2, 2], [4, 2, 2], [3, 2, 1], [4, 2, 1], [3, 1, 2], [4, 1, 2], [3, 1, 1], [4, 1, 1], [1, 2, 2], [1, 2, 1], [1, 1, 2], [1, 1, 1]]
24	-4.8549	43.28358	61	39	12	pensionerI	[[1, 1, 2], [1, 1, 3], [1, 1, 4], [1, 2, 2], [1, 2, 3], [1, 2, 4], [2, 1, 2], [2, 1, 3], [2, 1, 4], [2, 2, 2], [2, 2, 3], [2, 2, 4], [3, 1, 2], [3, 1, 3], [3, 1, 4], [3, 2, 2], [3, 2, 3], [3, 2, 4], [4, 1, 2], [4, 1, 3], [4, 1, 4], [4, 2, 2], [4, 2, 3], [4, 2, 4], [5, 1, 2], [5, 1, 3], [5, 1, 4], [5, 2, 2], [5, 2, 3], [5, 2, 4], [6, 1, 2], [6, 1, 3], [6, 1, 4], [6, 2, 2], [6, 2, 3], [6, 2, 4], [1, 2, 1], 0, [2, 2, 1], [5, 2, 1], [4, 2, 1], [1, 1, 1], [2, 1, 1], [5, 1, 1], [4, 1, 1], [6, 2, 1], [3, 2, 1], [6, 1, 1], [3, 1, 1]]
25	-4.87735	43.31027	61	77	12	familyI	[[1, 1, 2], [1, 1, 3], [1, 1, 4], [1, 2, 2], [1, 2, 3], [1, 2, 4], [2, 1, 2], [2, 1, 3], [2, 1, 4], [2, 2, 2], [2, 2, 3], [2, 2, 4], [3, 1, 2], [3, 1, 3], [3, 1, 4], [3, 2, 2], [3, 2, 3], [3, 2, 4], [4, 1, 2], [4, 1, 3], [4, 1, 4], [4, 2, 2], [4, 2, 3], [4, 2, 4], [5, 1, 2], [5, 1, 3], [5, 1, 4], [5, 2, 2], [5, 2, 3], [5, 2, 4], [6, 1, 2], [6, 1, 3], [6, 1, 4], [6, 2, 2], [6, 2, 3], [6, 2, 4], [3, 1, 1], 0, [5, 1, 1], [1, 1, 1], [6, 1, 1], [3, 2, 1], [4, 1, 1], [5, 2, 1], [2, 1, 1], [1, 2, 1], [6, 2, 1], [4, 2, 1], [2, 2, 1]]
26	-4.86545	43.28531	61	43	12	businessI	[[1, 1, 4], [1, 2, 4], [2, 1, 4], [2, 2, 4], [3, 1, 1], [3, 1, 2], [3, 1, 3], [3, 1, 4], [3, 2, 1], [3, 2, 2], [3, 2, 3], [3, 2, 4], [4, 1, 1], [4, 1, 2], [4, 1, 3], [4, 1, 4], [4, 2, 1], [4, 2, 2], [4, 2, 3], [4, 2, 4], [5, 1, 4], [5, 2, 4], [6, 1, 4], [6, 2, 4], [2, 1, 3], 0, [1, 1, 3], [2, 1, 2], [1, 1, 2], [2, 1, 1], [1, 1, 1], [6, 1, 3], [6, 1, 2], [6, 1, 1], [5, 1, 3], [5, 1, 2], [5, 1, 1], [2, 2, 3], [1, 2, 3], [2, 2, 2], [1, 2, 2], [2, 2, 1], [1, 2, 1], [6, 2, 3], [6, 2, 2], [6, 2, 1], [5, 2, 3], [5, 2, 2], [5, 2, 1]]
27	-4.79928	43.28307	62	69	12	familyI	[[1, 1, 2], [1, 1, 3], [1, 1, 4], [1, 2, 2], [1, 2, 3], [1, 2, 4], [2, 1, 2], [2, 1, 3], [2, 1, 4], [2, 2, 2], [2, 2, 3], [2, 2, 4], [3, 1, 2], [3, 1, 3], [3, 1, 4], [3, 2, 2], [3, 2, 3], [3, 2, 4], [4, 1, 2], [4, 1, 3], [4, 1, 4], [4, 2, 2], [4, 2, 3], [4, 2, 4], [5, 1, 2], [5, 1, 3], [5, 1, 4], [5, 2, 2], [5, 2, 3], [5, 2, 4], [6, 1, 2], [6, 1, 3], [6, 1, 4], [6, 2, 2], [6, 2, 3], [6, 2, 4], [6, 1, 1], 0, [3, 1, 1], [5, 1, 1], [6, 2, 1], [3, 2, 1], [1, 1, 1], [5, 2, 1], [1, 2, 1], [4, 1, 1], [2, 1, 1], [4, 2, 1], [2, 2, 1]]
28	-4.82976	43.29694	57	33	12	pensionerII	[[1, 1, 3], [1, 1, 4], [1, 2, 3], [1, 2, 4], [2, 1, 3], [2, 1, 4], [2, 2, 3], [2, 2, 4], [3, 1, 3], [3, 1, 4], [3, 2, 3], [3, 2, 4], [4, 1, 3], [4, 1, 4], [4, 2, 3], [4, 2, 4], [5, 1, 3], [5, 1, 4], [5, 2, 3], [5, 2, 4], [6, 1, 3], [6, 1, 4], [6, 2, 3], [6, 2, 4], [6, 1, 2], 0, [5, 1, 2], [6, 1, 1], [5, 1, 1], [2, 1, 2], [2, 1, 1], [6, 2, 2], [5, 2, 2], [6, 2, 1], [5, 2, 1], [2, 2, 2], [2, 2, 1], [4, 1, 2], [3, 1, 2], [4, 1, 1], [3, 1, 1], [1, 1, 2], [1, 1, 1], [4, 2, 2], [3, 2, 2], [4, 2, 1], [3, 2, 1], [1, 2, 2], [1, 2, 1]]
29	-4.83025	43.29638	57	70	12	familyI	[[1, 1, 2], [1, 1, 3], [1, 1, 4], [1, 2, 2], [1, 2, 3], [1, 2, 4], [2, 1, 2], [2, 1, 3], [2, 1, 4], [2, 2, 2], [2, 2, 3], [2, 2, 4], [3, 1, 2], [3, 1, 3], [3, 1, 4], [3, 2, 2], [3, 2, 3], [3, 2, 4], [4, 1, 2], [4, 1, 3], [4, 1, 4], [4, 2, 2], [4, 2, 3], [4, 2, 4], [5, 1, 2], [5, 1, 3], [5, 1, 4], [5, 2, 2], [5, 2, 3], [5, 2, 4], [6, 1, 2], [6, 1, 3], [6, 1, 4], [6, 2, 2], [6, 2, 3], [6, 2, 4], [5, 1, 1], 0, [1, 1, 1], [6, 1, 1], [3, 1, 1], [5, 2, 1], [4, 1, 1], [2, 1, 1], [1, 2, 1], [6, 2, 1], [3, 2, 1], [4, 2, 1], [2, 2, 1]]
30	-4.86266	43.27679	61	25	12	pensionerII	[[1, 1, 3], [1, 1, 4], [1, 2, 3], [1, 2, 4], [2, 1, 3], [2, 1, 4], [2, 2, 3], [2, 2, 4], [3, 1, 3], [3, 1, 4], [3, 2, 3], [3, 2, 4], [4, 1, 3], [4, 1, 4], [4, 2, 3], [4, 2, 4], [5, 1, 3], [5, 1, 4], [5, 2, 3], [5, 2, 4], [6, 1, 3], [6, 1, 4], [6, 2, 3], [6, 2, 4], [5, 2, 2], 0, [5, 2, 1], [2, 2, 2], [2, 2, 1], [6, 2, 2], [6, 2, 1], [5, 1, 2], [5, 1, 1], [2, 1, 2], [2, 1, 1], [6, 1, 2], [6, 1, 1], [3, 2, 2], [4, 2, 2], [3, 2, 1], [4, 2, 1], [1, 2, 2], [1, 2, 1], [3, 1, 2], [4, 1, 2], [3, 1, 1], [4, 1, 1], [1, 1, 2], [1, 1, 1]]
31	-4.79076	43.27921	62	45	12	familyI	[[1, 1, 2], [1, 1, 3], [1, 1, 4], [1, 2, 2], [1, 2, 3], [1, 2, 4], [2, 1, 2], [2, 1, 3], [2, 1, 4], [2, 2, 2], [2, 2, 3], [2, 2, 4], [3, 1, 2], [3, 1, 3], [3, 1, 4], [3, 2, 2], [3, 2, 3], [3, 2, 4], [4, 1, 2], [4, 1, 3], [4, 1, 4], [4, 2, 2], [4, 2, 3], [4, 2, 4], [5, 1, 2], [5, 1, 3], [5, 1, 4], [5, 2, 2], [5, 2, 3], [5, 2, 4], [6, 1, 2], [6, 1, 3], [6, 1, 4], [6, 2, 2], [6, 2, 3], [6, 2, 4], [5, 1, 1], 0, [6, 1, 1], [1, 1, 1], [3, 1, 1], [5, 2, 1], [6, 2, 1], [1, 2, 1], [3, 2, 1], [4, 1, 1], [2, 1, 1], [4, 2, 1], [2, 2, 1]]
32	-4.791	43.27066	62	77	12	familyII	[[1, 1, 4], [1, 2, 4], [2, 1, 4], [2, 2, 4], [3, 1, 4], [3, 2, 4], [4, 1, 4], [4, 2, 4], [5, 1, 4], [5, 2, 4], [6, 1, 4], [6, 2, 4], [1, 1, 3], 0, [1, 2, 3], [5, 1, 3], [5, 2, 3], [1, 1, 2], [6, 1, 3], [1, 2, 2], [6, 2, 3], [5, 1, 2], [5, 2, 2], [1, 1, 1], [6, 1, 2], [1, 2, 1], [6, 2, 2], [5, 1, 1], [5, 2, 1], [6, 1, 1], [6, 2, 1], [3, 1, 3], [3, 2, 3], [4, 1, 3], [4, 2, 3], [3, 1, 2], [2, 1, 3], [3, 2, 2], [2, 2, 3], [4, 1, 2], [4, 2, 2], [3, 1, 1], [2, 1, 2], [3, 2, 1], [2, 2, 2], [4, 1, 1], [4, 2, 1], [2, 1, 1], [2, 2, 1]]
33	-4.77844	43.26574	62	55	12	businessII	[[1, 1, 4], [1, 2, 4], [2, 1, 1], [2, 1, 2], [2, 1, 3], [2, 1, 4], [2, 2, 1], [2, 2, 2], [2, 2, 3], [2, 2, 4], [3, 1, 1], [3, 1, 2], [3, 1, 3], [3, 1, 4], [3, 2, 1], [3, 2, 2], [3, 2, 3], [3, 2, 4], [4, 1, 1], [4, 1, 2], [4, 1, 3], [4, 1, 4], [4, 2, 1], [4, 2, 2], [4, 2, 3], [4, 2, 4], [5, 1, 1], [5, 1, 2], [5, 1, 3], [5, 1, 4], [5, 2, 1], [5, 2, 2], [5, 2, 3], [5, 2, 4], [6, 1, 4], [6, 2, 4], [1, 1, 3], 0, [1, 1, 2], [1, 1, 1], [1, 2, 3], [1, 2, 2], [1, 2, 1], [6, 1, 3], [6, 1, 2], [6, 1, 1], [6, 2, 3], [6, 2, 2], [6, 2, 1]]
34	-4.77801	43.26448	62	49	12	businessI	[[1, 1, 4], [1, 2, 4], [2, 1, 4], [2, 2, 4], [3, 1, 1], [3, 1, 2], [3, 1, 3], [3, 1, 4], [3, 2, 1], [3, 2, 2], [3, 2, 3], [3, 2, 4], [4, 1, 1], [4, 1, 2], [4, 1, 3], [4, 1, 4], [4, 2, 1], [4, 2, 2], [4, 2, 3], [4, 2, 4], [5, 1, 4], [5, 2, 4], [6, 1, 4], [6, 2, 4], [1, 1, 3], 0, [1, 1, 2], [2, 1, 3], [1, 1, 1], [2, 1, 2], [5, 1, 3], [2, 1, 1], [5, 1, 2], [5, 1, 1], [6, 1, 3], [6, 1, 2], [6, 1, 1], [1, 2, 3], [1, 2, 2], [2, 2, 3], [1, 2, 1], [2, 2, 2], [5, 2, 3], [2, 2, 1], [5, 2, 2], [5, 2, 1], [6, 2, 3], [6, 2, 2], [6, 2, 1]]
35	-4.78615	43.28275	62	75	12	familyII	[[1, 1, 4], [1, 2, 4], [2, 1, 4], [2, 2, 4], [3, 1, 4], [3, 2, 4], [4, 1, 4], [4, 2, 4], [5, 1, 4], [5, 2, 4], [6, 1, 4], [6, 2, 4], [5, 1, 3], 0, [6, 1, 3], [1, 1, 3], [5, 1, 2], [6, 1, 2], [1, 1, 2], [5, 1, 1], [6, 1, 1], [1, 1, 1], [4, 1, 3], [2, 1, 3], [4, 1, 2], [5, 2, 3], [6, 2, 3], [2, 1, 2], [1, 2, 3], [4, 1, 1], [5, 2, 2], [6, 2, 2], [2, 1, 1], [3, 1, 3], [1, 2, 2], [5, 2, 1], [6, 2, 1], [3, 1, 2], [1, 2, 1], [3, 1, 1], [4, 2, 3], [2, 2, 3], [4, 2, 2], [2, 2, 2], [4, 2, 1], [2, 2, 1], [3, 2, 3], [3, 2, 2], [3, 2, 1]]
36	-4.78371	43.2824	62	40	12	businessII	[[1, 1, 4], [1, 2, 4], [2, 1, 1], [2, 1, 2], [2, 1, 3], [2, 1, 4], [2, 2, 1], [2, 2, 2], [2, 2, 3], [2, 2, 4], [3, 1, 1], [3, 1, 2], [3, 1, 3], [3, 1, 4], [3, 2, 1], [3, 2, 2], [3, 2, 3], [3, 2, 4], [4, 1, 1], [4, 1, 2], [4, 1, 3], [4, 1, 4], [4, 2, 1], [4, 2, 2], [4, 2, 3], [4, 2, 4], [5, 1, 1], [5, 1, 2], [5, 1, 3], [5, 1, 4], [5, 2, 1], [5, 2, 2], [5, 2, 3], [5, 2, 4], [6, 1, 4], [6, 2, 4], [1, 1, 3], 0, [1, 1, 2], [1, 1, 1], [1, 2, 3], [1, 2, 2], [1, 2, 1], [6, 1, 3], [6, 1, 2], [6, 1, 1], [6, 2, 3], [6, 2, 2], [6, 2, 1]]
37	-4.76017	43.30097	62	49	12	businessI	[[1, 1, 4], [1, 2, 4], [2, 1, 4], [2, 2, 4], [3, 1, 1], [3, 1, 2], [3, 1, 3], [3, 1, 4], [3, 2, 1], [3, 2, 2], [3, 2, 3], [3, 2, 4], [4, 1, 1], [4, 1, 2], [4, 1, 3], [4, 1, 4], [4, 2, 1], [4, 2, 2], [4, 2, 3], [4, 2, 4], [5, 1, 4], [5, 2, 4], [6, 1, 4], [6, 2, 4], [6, 1, 3], 0, [6, 1, 2], [6, 1, 1], [1, 1, 3], [1, 1, 2], [1, 1, 1], [2, 1, 3], [2, 1, 2], [2, 1, 1], [6, 2, 3], [6, 2, 2], [6, 2, 1], [1, 2, 3], [1, 2, 2], [1, 2, 1], [2, 2, 3], [2, 2, 2], [5, 1, 3], [2, 2, 1], [5, 1, 2], [5, 1, 1], [5, 2, 3], [5, 2, 2], [5, 2, 1]]
38	-4.75578	43.29145	62	79	12	familyII	[[1, 1, 4], [1, 2, 4], [2, 1, 4], [2, 2, 4], [3, 1, 4], [3, 2, 4], [4, 1, 4], [4, 2, 4], [5, 1, 4], [5, 2, 4], [6, 1, 4], [6, 2, 4], [6, 2, 3], 0, [1, 2, 3], [5, 2, 3], [6, 2, 2], [1, 2, 2], [5, 2, 2], [6, 2, 1], [1, 2, 1], [5, 2, 1], [6, 1, 3], [1, 1, 3], [5, 1, 3], [6, 1, 2], [1, 1, 2], [5, 1, 2], [4, 2, 3], [6, 1, 1], [1, 1, 1], [5, 1, 1], [4, 2, 2], [2, 2, 3], [3, 2, 3], [4, 2, 1], [2, 2, 2], [3, 2, 2], [4, 1, 3], [2, 2, 1], [3, 2, 1], [4, 1, 2], [2, 1, 3], [3, 1, 3], [4, 1, 1], [2, 1, 2], [3, 1, 2], [2, 1, 1], [3, 1, 1]]
39	-4.75717	43.29149	62	55	12	familyII	[[1, 1, 4], [1, 2, 4], [2, 1, 4], [2, 2, 4], [3, 1, 4], [3, 2, 4], [4, 1, 4], [4, 2, 4], [5, 1, 4], [5, 2, 4], [6, 1, 4], [6, 2, 4], [5, 2, 3], 0, [1, 2, 3], [5, 2, 2], [6, 2, 3], [1, 2, 2], [5, 2, 1], [6, 2, 2], [1, 2, 1], [6, 2, 1], [4, 2, 3], [3, 2, 3], [5, 1, 3], [4, 2, 2], [3, 2, 2], [1, 1, 3], [2, 2, 3], [5, 1, 2], [4, 2, 1], [6, 1, 3], [3, 2, 1], [1, 1, 2], [2, 2, 2], [5, 1, 1], [6, 1, 2], [1, 1, 1], [2, 2, 1], [6, 1, 1], [4, 1, 3], [3, 1, 3], [4, 1, 2], [3, 1, 2], [2, 1, 3], [4, 1, 1], [3, 1, 1], [2, 1, 2], [2, 1, 1]]
40	-4.78823	43.29043	62	59	12	familyI	[[1, 1, 2], [1, 1, 3], [1, 1, 4], [1, 2, 2], [1, 2, 3], [1, 2, 4], [2, 1, 2], [2, 1, 3], [2, 1, 4], [2, 2, 2], [2, 2, 3], [2, 2, 4], [3, 1, 2], [3, 1, 3], [3, 1, 4], [3, 2, 2], [3, 2, 3], [3, 2, 4], [4, 1, 2], [4, 1, 3], [4, 1, 4], [4, 2, 2], [4, 2, 3], [4, 2, 4], [5, 1, 2], [5, 1, 3], [5, 1, 4], [5, 2, 2], [5, 2, 3], [5, 2, 4], [6, 1, 2], [6, 1, 3], [6, 1, 4], [6, 2, 2], [6, 2, 3], [6, 2, 4], [6, 2, 1], 0, [3, 2, 1], [5, 2, 1], [1, 2, 1], [6, 1, 1], [3, 1, 1], [4, 2, 1], [5, 1, 1], [1, 1, 1], [2, 2, 1], [4, 1, 1], [2, 1, 1]]
41	-4.78524	43.28842	62	40	12	pensionerII	[[1, 1, 3], [1, 1, 4], [1, 2, 3], [1, 2, 4], [2, 1, 3], [2, 1, 4], [2, 2, 3], [2, 2, 4], [3, 1, 3], [3, 1, 4], [3, 2, 3], [3, 2, 4], [4, 1, 3], [4, 1, 4], [4, 2, 3], [4, 2, 4], [5, 1, 3], [5, 1, 4], [5, 2, 3], [5, 2, 4], [6, 1, 3], [6, 1, 4], [6, 2, 3], [6, 2, 4], [2, 2, 2], 0, [2, 2, 1], [6, 2, 2], [6, 2, 1], [5, 2, 2], [5, 2, 1], [2, 1, 2], [2, 1, 1], [6, 1, 2], [6, 1, 1], [1, 2, 2], [1, 2, 1], [5, 1, 2], [5, 1, 1], [4, 2, 2], [4, 2, 1], [3, 2, 2], [3, 2, 1], [1, 1, 2], [1, 1, 1], [4, 1, 2], [4, 1, 1], [3, 1, 2], [3, 1, 1]]
42	-4.78703	43.29019	62	24	12	pensionerI	[[1, 1, 2], [1, 1, 3], [1, 1, 4], [1, 2, 2], [1, 2, 3], [1, 2, 4], [2, 1, 2], [2, 1, 3], [2, 1, 4], [2, 2, 2], [2, 2, 3], [2, 2, 4], [3, 1, 2], [3, 1, 3], [3, 1, 4], [3, 2, 2], [3, 2, 3], [3, 2, 4], [4, 1, 2], [4, 1, 3], [4, 1, 4], [4, 2, 2], [4, 2, 3], [4, 2, 4], [5, 1, 2], [5, 1, 3], [5, 1, 4], [5, 2, 2], [5, 2, 3], [5, 2, 4], [6, 1, 2], [6, 1, 3], [6, 1, 4], [6, 2, 2], [6, 2, 3], [6, 2, 4], [3, 1, 1], 0, [2, 1, 1], [1, 1, 1], [4, 1, 1], [5, 1, 1], [3, 2, 1], [2, 2, 1], [1, 2, 1], [4, 2, 1], [6, 1, 1], [5, 2, 1], [6, 2, 1]]
43	-4.77823	43.28764	62	41	12	familyII	[[1, 1, 4], [1, 2, 4], [2, 1, 4], [2, 2, 4], [3, 1, 4], [3, 2, 4], [4, 1, 4], [4, 2, 4], [5, 1, 4], [5, 2, 4], [6, 1, 4], [6, 2, 4], [6, 2, 3], 0, [6, 2, 2], [1, 2, 3], [5, 2, 3], [6, 2, 1], [6, 1, 3], [1, 2, 2], [5, 2, 2], [6, 1, 2], [1, 2, 1], [1, 1, 3], [5, 2, 1], [5, 1, 3], [6, 1, 1], [1, 1, 2], [5, 1, 2], [2, 2, 3], [1, 1, 1], [4, 2, 3], [5, 1, 1], [2, 2, 2], [4, 2, 2], [3, 2, 3], [2, 2, 1], [2, 1, 3], [4, 2, 1], [4, 1, 3], [3, 2, 2], [2, 1, 2], [4, 1, 2], [3, 2, 1], [3, 1, 3], [2, 1, 1], [4, 1, 1], [3, 1, 2], [3, 1, 1]]
44	-4.7679	43.3009	62	34	12	pensionerI	[[1, 1, 2], [1, 1, 3], [1, 1, 4], [1, 2, 2], [1, 2, 3], [1, 2, 4], [2, 1, 2], [2, 1, 3], [2, 1, 4], [2, 2, 2], [2, 2, 3], [2, 2, 4], [3, 1, 2], [3, 1, 3], [3, 1, 4], [3, 2, 2], [3, 2, 3], [3, 2, 4], [4, 1, 2], [4, 1, 3], [4, 1, 4], [4, 2, 2], [4, 2, 3], [4, 2, 4], [5, 1, 2], [5, 1, 3], [5, 1, 4], [5, 2, 2], [5, 2, 3], [5, 2, 4], [6, 1, 2], [6, 1, 3], [6, 1, 4], [6, 2, 2], [6, 2, 3], [6, 2, 4], [1, 2, 1], 0, [4, 2, 1], [2, 2, 1], [3, 2, 1], [5, 2, 1], [6, 2, 1], [1, 1, 1], [4, 1, 1], [2, 1, 1], [3, 1, 1], [5, 1, 1], [6, 1, 1]]
45	-4.76687	43.30671	62	34	12	pensionerII	[[1, 1, 3], [1, 1, 4], [1, 2, 3], [1, 2, 4], [2, 1, 3], [2, 1, 4], [2, 2, 3], [2, 2, 4], [3, 1, 3], [3, 1, 4], [3, 2, 3], [3, 2, 4], [4, 1, 3], [4, 1, 4], [4, 2, 3], [4, 2, 4], [5, 1, 3], [5, 1, 4], [5, 2, 3], [5, 2, 4], [6, 1, 3], [6, 1, 4], [6, 2, 3], [6, 2, 4], [6, 1, 2], 0, [6, 1, 1], [2, 1, 2], [2, 1, 1], [5, 1, 2], [5, 1, 1], [6, 2, 2], [6, 2, 1], [2, 2, 2], [2, 2, 1], [5, 2, 2], [5, 2, 1], [3, 1, 2], [3, 1, 1], [1, 1, 2], [4, 1, 2], [1, 1, 1], [4, 1, 1], [3, 2, 2], [3, 2, 1], [1, 2, 2], [4, 2, 2], [1, 2, 1], [4, 2, 1]]
46	-4.7665	43.30674	62	31	12	pensionerI	[[1, 1, 2], [1, 1, 3], [1, 1, 4], [1, 2, 2], [1, 2, 3], [1, 2, 4], [2, 1, 2], [2, 1, 3], [2, 1, 4], [2, 2, 2], [2, 2, 3], [2, 2, 4], [3, 1, 2], [3, 1, 3], [3, 1, 4], [3, 2, 2], [3, 2, 3], [3, 2, 4], [4, 1, 2], [4, 1, 3], [4, 1, 4], [4, 2, 2], [4, 2, 3], [4, 2, 4], [5, 1, 2], [5, 1, 3], [5, 1, 4], [5, 2, 2], [5, 2, 3], [5, 2, 4], [6, 1, 2], [6, 1, 3], [6, 1, 4], [6, 2, 2], [6, 2, 3], [6, 2, 4], [1, 1, 1], 0, [3, 1, 1], [5, 1, 1], [2, 1, 1], [6, 1, 1], [4, 1, 1], [1, 2, 1], [3, 2, 1], [5, 2, 1], [2, 2, 1], [6, 2, 1], [4, 2, 1]]
47	-4.7596	43.28139	62	69	12	familyI	[[1, 1, 2], [1, 1, 3], [1, 1, 4], [1, 2, 2], [1, 2, 3], [1, 2, 4], [2, 1, 2], [2, 1, 3], [2, 1, 4], [2, 2, 2], [2, 2, 3], [2, 2, 4], [3, 1, 2], [3, 1, 3], [3, 1, 4], [3, 2, 2], [3, 2, 3], [3, 2, 4], [4, 1, 2], [4, 1, 3], [4, 1, 4], [4, 2, 2], [4, 2, 3], [4, 2, 4], [5, 1, 2], [5, 1, 3], [5, 1, 4], [5, 2, 2], [5, 2, 3], [5, 2, 4], [6, 1, 2], [6, 1, 3], [6, 1, 4], [6, 2, 2], [6, 2, 3], [6, 2, 4], [5, 2, 1], 0, [3, 2, 1], [6, 2, 1], [1, 2, 1], [5, 1, 1], [3, 1, 1], [6, 1, 1], [1, 1, 1], [4, 2, 1], [4, 1, 1], [2, 2, 1], [2, 1, 1]]
48	-4.81771	43.31352	57	24	12	pensionerI	[[1, 1, 2], [1, 1, 3], [1, 1, 4], [1, 2, 2], [1, 2, 3], [1, 2, 4], [2, 1, 2], [2, 1, 3], [2, 1, 4], [2, 2, 2], [2, 2, 3], [2, 2, 4], [3, 1, 2], [3, 1, 3], [3, 1, 4], [3, 2, 2], [3, 2, 3], [3, 2, 4], [4, 1, 2], [4, 1, 3], [4, 1, 4], [4, 2, 2], [4, 2, 3], [4, 2, 4], [5, 1, 2], [5, 1, 3], [5, 1, 4], [5, 2, 2], [5, 2, 3], [5, 2, 4], [6, 1, 2], [6, 1, 3], [6, 1, 4], [6, 2, 2], [6, 2, 3], [6, 2, 4], [5, 1, 1], 0, [1, 1, 1], [2, 1, 1], [3, 1, 1], [5, 2, 1], [1, 2, 1], [4, 1, 1], [2, 2, 1], [3, 2, 1], [4, 2, 1], [6, 1, 1], [6, 2, 1]]
49	-4.76436	43.27298	62	60	12	familyII	[[1, 1, 4], [1, 2, 4], [2, 1, 4], [2, 2, 4], [3, 1, 4], [3, 2, 4], [4, 1, 4], [4, 2, 4], [5, 1, 4], [5, 2, 4], [6, 1, 4], [6, 2, 4], [1, 1, 3], 0, [6, 1, 3], [5, 1, 3], [1, 1, 2], [6, 1, 2], [5, 1, 2], [1, 1, 1], [6, 1, 1], [5, 1, 1], [3, 1, 3], [4, 1, 3], [3, 1, 2], [2, 1, 3], [1, 2, 3], [4, 1, 2], [3, 1, 1], [6, 2, 3], [2, 1, 2], [5, 2, 3], [1, 2, 2], [4, 1, 1], [6, 2, 2], [2, 1, 1], [5, 2, 2], [1, 2, 1], [6, 2, 1], [5, 2, 1], [3, 2, 3], [4, 2, 3], [3, 2, 2], [2, 2, 3], [4, 2, 2], [3, 2, 1], [2, 2, 2], [4, 2, 1], [2, 2, 1]]
50	-4.77401	43.27487	62	72	12	familyI	[[1, 1, 2], [1, 1, 3], [1, 1, 4], [1, 2, 2], [1, 2, 3], [1, 2, 4], [2, 1, 2], [2, 1, 3], [2, 1, 4], [2, 2, 2], [2, 2, 3], [2, 2, 4], [3, 1, 2], [3, 1, 3], [3, 1, 4], [3, 2, 2], [3, 2, 3], [3, 2, 4], [4, 1, 2], [4, 1, 3], [4, 1, 4], [4, 2, 2], [4, 2, 3], [4, 2, 4], [5, 1, 2], [5, 1, 3], [5, 1, 4], [5, 2, 2], [5, 2, 3], [5, 2, 4], [6, 1, 2], [6, 1, 3], [6, 1, 4], [6, 2, 2], [6, 2, 3], [6, 2, 4], [1, 2, 1], 0, [3, 2, 1], [6, 2, 1], [5, 2, 1], [1, 1, 1], [3, 1, 1], [6, 1, 1], [5, 1, 1], [2, 2, 1], [4, 2, 1], [2, 1, 1], [4, 1, 1]]
51	-4.76011	43.29094	62	54	12	familyI	[[1, 1, 2], [1, 1, 3], [1, 1, 4], [1, 2, 2], [1, 2, 3], [1, 2, 4], [2, 1, 2], [2, 1, 3], [2, 1, 4], [2, 2, 2], [2, 2, 3], [2, 2, 4], [3, 1, 2], [3, 1, 3], [3, 1, 4], [3, 2, 2], [3, 2, 3], [3, 2, 4], [4, 1, 2], [4, 1, 3], [4, 1, 4], [4, 2, 2], [4, 2, 3], [4, 2, 4], [5, 1, 2], [5, 1, 3], [5, 1, 4], [5, 2, 2], [5, 2, 3], [5, 2, 4], [6, 1, 2], [6, 1, 3], [6, 1, 4], [6, 2, 2], [6, 2, 3], [6, 2, 4], [3, 2, 1], 0, [5, 2, 1], [6, 2, 1], [3, 1, 1], [5, 1, 1], [6, 1, 1], [1, 2, 1], [1, 1, 1], [4, 2, 1], [2, 2, 1], [4, 1, 1], [2, 1, 1]]
52	-4.76434	43.28701	62	38	12	businessII	[[1, 1, 4], [1, 2, 4], [2, 1, 1], [2, 1, 2], [2, 1, 3], [2, 1, 4], [2, 2, 1], [2, 2, 2], [2, 2, 3], [2, 2, 4], [3, 1, 1], [3, 1, 2], [3, 1, 3], [3, 1, 4], [3, 2, 1], [3, 2, 2], [3, 2, 3], [3, 2, 4], [4, 1, 1], [4, 1, 2], [4, 1, 3], [4, 1, 4], [4, 2, 1], [4, 2, 2], [4, 2, 3], [4, 2, 4], [5, 1, 1], [5, 1, 2], [5, 1, 3], [5, 1, 4], [5, 2, 1], [5, 2, 2], [5, 2, 3], [5, 2, 4], [6, 1, 4], [6, 2, 4], [6, 1, 3], 0, [6, 1, 2], [6, 1, 1], [1, 1, 3], [6, 2, 3], [1, 1, 2], [6, 2, 2], [1, 1, 1], [6, 2, 1], [1, 2, 3], [1, 2, 2], [1, 2, 1]]
53	-4.78262	43.30619	62	34	12	pensionerII	[[1, 1, 3], [1, 1, 4], [1, 2, 3], [1, 2, 4], [2, 1, 3], [2, 1, 4], [2, 2, 3], [2, 2, 4], [3, 1, 3], [3, 1, 4], [3, 2, 3], [3, 2, 4], [4, 1, 3], [4, 1, 4], [4, 2, 3], [4, 2, 4], [5, 1, 3], [5, 1, 4], [5, 2, 3], [5, 2, 4], [6, 1, 3], [6, 1, 4], [6, 2, 3], [6, 2, 4], [2, 1, 2], 0, [5, 1, 2], [2, 1, 1], [5, 1, 1], [6, 1, 2], [6, 1, 1], [4, 1, 2], [4, 1, 1], [3, 1, 2], [3, 1, 1], [1, 1, 2], [1, 1, 1], [2, 2, 2], [5, 2, 2], [2, 2, 1], [5, 2, 1], [6, 2, 2], [6, 2, 1], [4, 2, 2], [4, 2, 1], [3, 2, 2], [3, 2, 1], [1, 2, 2], [1, 2, 1]]
54	-4.77055	43.33434	52	59	12	familyII	[[1, 1, 4], [1, 2, 4], [2, 1, 4], [2, 2, 4], [3, 1, 4], [3, 2, 4], [4, 1, 4], [4, 2, 4], [5, 1, 4], [5, 2, 4], [6, 1, 4], [6, 2, 4], [5, 2, 3], 0, [1, 2, 3], [6, 2, 3], [5, 2, 2], [1, 2, 2], [6, 2, 2], [5, 2, 1], [1, 2, 1], [6, 2, 1], [5, 1, 3], [3, 2, 3], [1, 1, 3], [2, 2, 3], [6, 1, 3], [5, 1, 2], [3, 2, 2], [1, 1, 2], [2, 2, 2], [6, 1, 2], [5, 1, 1], [3, 2, 1], [1, 1, 1], [2, 2, 1], [6, 1, 1], [4, 2, 3], [4, 2, 2], [4, 2, 1], [3, 1, 3], [2, 1, 3], [3, 1, 2], [2, 1, 2], [3, 1, 1], [2, 1, 1], [4, 1, 3], [4, 1, 2], [4, 1, 1]]
55	-4.7759	43.34519	52	51	12	businessI	[[1, 1, 4], [1, 2, 4], [2, 1, 4], [2, 2, 4], [3, 1, 1], [3, 1, 2], [3, 1, 3], [3, 1, 4], [3, 2, 1], [3, 2, 2], [3, 2, 3], [3, 2, 4], [4, 1, 1], [4, 1, 2], [4, 1, 3], [4, 1, 4], [4, 2, 1], [4, 2, 2], [4, 2, 3], [4, 2, 4], [5, 1, 4], [5, 2, 4], [6, 1, 4], [6, 2, 4], [2, 2, 3], 0, [2, 2, 2], [2, 2, 1], [6, 2, 3], [6, 2, 2], [1, 2, 3], [6, 2, 1], [5, 2, 3], [1, 2, 2], [2, 1, 3], [5, 2, 2], [1, 2, 1], [2, 1, 2], [5, 2, 1], [2, 1, 1], [6, 1, 3], [6, 1, 2], [1, 1, 3], [6, 1, 1], [5, 1, 3], [1, 1, 2], [5, 1, 2], [1, 1, 1], [5, 1, 1]]
56	-4.78208	43.34218	52	34	12	pensionerI	[[1, 1, 2], [1, 1, 3], [1, 1, 4], [1, 2, 2], [1, 2, 3], [1, 2, 4], [2, 1, 2], [2, 1, 3], [2, 1, 4], [2, 2, 2], [2, 2, 3], [2, 2, 4], [3, 1, 2], [3, 1, 3], [3, 1, 4], [3, 2, 2], [3, 2, 3], [3, 2, 4], [4, 1, 2], [4, 1, 3], [4, 1, 4], [4, 2, 2], [4, 2, 3], [4, 2, 4], [5, 1, 2], [5, 1, 3], [5, 1, 4], [5, 2, 2], [5, 2, 3], [5, 2, 4], [6, 1, 2], [6, 1, 3], [6, 1, 4], [6, 2, 2], [6, 2, 3], [6, 2, 4], [6, 2, 1], 0, [6, 1, 1], [4, 2, 1], [5, 2, 1], [3, 2, 1], [4, 1, 1], [5, 1, 1], [3, 1, 1], [1, 2, 1], [1, 1, 1], [2, 2, 1], [2, 1, 1]]
57	-4.82979	43.39325	47	71	12	familyI	[[1, 1, 2], [1, 1, 3], [1, 1, 4], [1, 2, 2], [1, 2, 3], [1, 2, 4], [2, 1, 2], [2, 1, 3], [2, 1, 4], [2, 2, 2], [2, 2, 3], [2, 2, 4], [3, 1, 2], [3, 1, 3], [3, 1, 4], [3, 2, 2], [3, 2, 3], [3, 2, 4], [4, 1, 2], [4, 1, 3], [4, 1, 4], [4, 2, 2], [4, 2, 3], [4, 2, 4], [5, 1, 2], [5, 1, 3], [5, 1, 4], [5, 2, 2], [5, 2, 3], [5, 2, 4], [6, 1, 2], [6, 1, 3], [6, 1, 4], [6, 2, 2], [6, 2, 3], [6, 2, 4], [1, 1, 1], 0, [5, 1, 1], [3, 1, 1], [6, 1, 1], [1, 2, 1], [5, 2, 1], [3, 2, 1], [6, 2, 1], [2, 1, 1], [4, 1, 1], [2, 2, 1], [4, 2, 1]]
58	-4.8464	43.38228	47	49	12	businessI	[[1, 1, 4], [1, 2, 4], [2, 1, 4], [2, 2, 4], [3, 1, 1], [3, 1, 2], [3, 1, 3], [3, 1, 4], [3, 2, 1], [3, 2, 2], [3, 2, 3], [3, 2, 4], [4, 1, 1], [4, 1, 2], [4, 1, 3], [4, 1, 4], [4, 2, 1], [4, 2, 2], [4, 2, 3], [4, 2, 4], [5, 1, 4], [5, 2, 4], [6, 1, 4], [6, 2, 4], [1, 2, 3], 0, [2, 2, 3], [1, 2, 2], [6, 2, 3], [2, 2, 2], [1, 2, 1], [6, 2, 2], [2, 2, 1], [6, 2, 1], [5, 2, 3], [5, 2, 2], [5, 2, 1], [1, 1, 3], [2, 1, 3], [1, 1, 2], [6, 1, 3], [2, 1, 2], [1, 1, 1], [6, 1, 2], [2, 1, 1], [6, 1, 1], [5, 1, 3], [5, 1, 2], [5, 1, 1]]
59	-4.81817	43.3319	57	45	12	businessI	[[1, 1, 4], [1, 2, 4], [2, 1, 4], [2, 2, 4], [3, 1, 1], [3, 1, 2], [3, 1, 3], [3, 1, 4], [3, 2, 1], [3, 2, 2], [3, 2, 3], [3, 2, 4], [4, 1, 1], [4, 1, 2], [4, 1, 3], [4, 1, 4], [4, 2, 1], [4, 2, 2], [4, 2, 3], [4, 2, 4], [5, 1, 4], [5, 2, 4], [6, 1, 4], [6, 2, 4], [6, 1, 3], 0, [6, 1, 2], [6, 1, 1], [1, 1, 3], [5, 1, 3], [1, 1, 2], [5, 1, 2], [1, 1, 1], [5, 1, 1], [2, 1, 3], [2, 1, 2], [2, 1, 1], [6, 2, 3], [6, 2, 2], [6, 2, 1], [1, 2, 3], [5, 2, 3], [1, 2, 2], [5, 2, 2], [1, 2, 1], [5, 2, 1], [2, 2, 3], [2, 2, 2], [2, 2, 1]]
60	-4.80148	43.36964	47	27	12	pensionerII	[[1, 1, 3], [1, 1, 4], [1, 2, 3], [1, 2, 4], [2, 1, 3], [2, 1, 4], [2, 2, 3], [2, 2, 4], [3, 1, 3], [3, 1, 4], [3, 2, 3], [3, 2, 4], [4, 1, 3], [4, 1, 4], [4, 2, 3], [4, 2, 4], [5, 1, 3], [5, 1, 4], [5, 2, 3], [5, 2, 4], [6, 1, 3], [6, 1, 4], [6, 2, 3], [6, 2, 4], [6, 2, 2], 0, [6, 2, 1], [5, 2, 2], [5, 2, 1], [2, 2, 2], [2, 2, 1], [4, 2, 2], [4, 2, 1], [6, 1, 2], [3, 2, 2], [6, 1, 1], [3, 2, 1], [5, 1, 2], [5, 1, 1], [1, 2, 2], [2, 1, 2], [1, 2, 1], [2, 1, 1], [4, 1, 2], [4, 1, 1], [3, 1, 2], [3, 1, 1], [1, 1, 2], [1, 1, 1]]
61	-4.80769	43.3737	47	50	12	familyII	[[1, 1, 4], [1, 2, 4], [2, 1, 4], [2, 2, 4], [3, 1, 4], [3, 2, 4], [4, 1, 4], [4, 2, 4], [5, 1, 4], [5, 2, 4], [6, 1, 4], [6, 2, 4], [5, 2, 3], 0, [5, 2, 2], [1, 2, 3], [6, 2, 3], [5, 2, 1], [1, 2, 2], [6, 2, 2], [5, 1, 3], [1, 2, 1], [6, 2, 1], [5, 1, 2], [1, 1, 3], [6, 1, 3], [5, 1, 1], [1, 1, 2], [3, 2, 3], [2, 2, 3], [6, 1, 2], [1, 1, 1], [3, 2, 2], [2, 2, 2], [6, 1, 1], [4, 2, 3], [3, 2, 1], [2, 2, 1], [3, 1, 3], [2, 1, 3], [4, 2, 2], [3, 1, 2], [2, 1, 2], [4, 2, 1], [4, 1, 3], [3, 1, 1], [2, 1, 1], [4, 1, 2], [4, 1, 1]]
62	-4.8034	43.37775	47	37	12	businessI	[[1, 1, 4], [1, 2, 4], [2, 1, 4], [2, 2, 4], [3, 1, 1], [3, 1, 2], [3, 1, 3], [3, 1, 4], [3, 2, 1], [3, 2, 2], [3, 2, 3], [3, 2, 4], [4, 1, 1], [4, 1, 2], [4, 1, 3], [4, 1, 4], [4, 2, 1], [4, 2, 2], [4, 2, 3], [4, 2, 4], [5, 1, 4], [5, 2, 4], [6, 1, 4], [6, 2, 4], [5, 2, 3], 0, [6, 2, 3], [5, 2, 2], [6, 2, 2], [5, 2, 1], [6, 2, 1], [2, 2, 3], [2, 2, 2], [2, 2, 1], [1, 2, 3], [1, 2, 2], [1, 2, 1], [5, 1, 3], [6, 1, 3], [5, 1, 2], [6, 1, 2], [5, 1, 1], [6, 1, 1], [2, 1, 3], [2, 1, 2], [2, 1, 1], [1, 1, 3], [1, 1, 2], [1, 1, 1]]
63	-4.80354	43.37808	47	36	12	businessI	[[1, 1, 4], [1, 2, 4], [2, 1, 4], [2, 2, 4], [3, 1, 1], [3, 1, 2], [3, 1, 3], [3, 1, 4], [3, 2, 1], [3, 2, 2], [3, 2, 3], [3, 2, 4], [4, 1, 1], [4, 1, 2], [4, 1, 3], [4, 1, 4], [4, 2, 1], [4, 2, 2], [4, 2, 3], [4, 2, 4], [5, 1, 4], [5, 2, 4], [6, 1, 4], [6, 2, 4], [5, 2, 3], 0, [5, 2, 2], [5, 2, 1], [6, 2, 3], [6, 2, 2], [6, 2, 1], [2, 2, 3], [2, 2, 2], [1, 2, 3], [2, 2, 1], [1, 2, 2], [1, 2, 1], [5, 1, 3], [5, 1, 2], [5, 1, 1], [6, 1, 3], [6, 1, 2], [6, 1, 1], [2, 1, 3], [2, 1, 2], [1, 1, 3], [2, 1, 1], [1, 1, 2], [1, 1, 1]]
64	-4.80587	43.37819	47	50	12	familyI	[[1, 1, 2], [1, 1, 3], [1, 1, 4], [1, 2, 2], [1, 2, 3], [1, 2, 4], [2, 1, 2], [2, 1, 3], [2, 1, 4], [2, 2, 2], [2, 2, 3], [2, 2, 4], [3, 1, 2], [3, 1, 3], [3, 1, 4], [3, 2, 2], [3, 2, 3], [3, 2, 4], [4, 1, 2], [4, 1, 3], [4, 1, 4], [4, 2, 2], [4, 2, 3], [4, 2, 4], [5, 1, 2], [5, 1, 3], [5, 1, 4], [5, 2, 2], [5, 2, 3], [5, 2, 4], [6, 1, 2], [6, 1, 3], [6, 1, 4], [6, 2, 2], [6, 2, 3], [6, 2, 4], [3, 2, 1], 0, [1, 2, 1], [6, 2, 1], [3, 1, 1], [1, 1, 1], [6, 1, 1], [5, 2, 1], [5, 1, 1], [2, 2, 1], [2, 1, 1], [4, 2, 1], [4, 1, 1]]
65	-4.82233	43.38714	47	29	12	pensionerII	[[1, 1, 3], [1, 1, 4], [1, 2, 3], [1, 2, 4], [2, 1, 3], [2, 1, 4], [2, 2, 3], [2, 2, 4], [3, 1, 3], [3, 1, 4], [3, 2, 3], [3, 2, 4], [4, 1, 3], [4, 1, 4], [4, 2, 3], [4, 2, 4], [5, 1, 3], [5, 1, 4], [5, 2, 3], [5, 2, 4], [6, 1, 3], [6, 1, 4], [6, 2, 3], [6, 2, 4], [5, 1, 2], 0, [5, 1, 1], [2, 1, 2], [2, 1, 1], [6, 1, 2], [6, 1, 1], [1, 1, 2], [1, 1, 1], [5, 2, 2], [5, 2, 1], [3, 1, 2], [3, 1, 1], [4, 1, 2], [4, 1, 1], [2, 2, 2], [2, 2, 1], [6, 2, 2], [6, 2, 1], [1, 2, 2], [1, 2, 1], [3, 2, 2], [3, 2, 1], [4, 2, 2], [4, 2, 1]]
66	-4.81892	43.38504	47	75	12	familyI	[[1, 1, 2], [1, 1, 3], [1, 1, 4], [1, 2, 2], [1, 2, 3], [1, 2, 4], [2, 1, 2], [2, 1, 3], [2, 1, 4], [2, 2, 2], [2, 2, 3], [2, 2, 4], [3, 1, 2], [3, 1, 3], [3, 1, 4], [3, 2, 2], [3, 2, 3], [3, 2, 4], [4, 1, 2], [4, 1, 3], [4, 1, 4], [4, 2, 2], [4, 2, 3], [4, 2, 4], [5, 1, 2], [5, 1, 3], [5, 1, 4], [5, 2, 2], [5, 2, 3], [5, 2, 4], [6, 1, 2], [6, 1, 3], [6, 1, 4], [6, 2, 2], [6, 2, 3], [6, 2, 4], [5, 2, 1], 0, [6, 2, 1], [3, 2, 1], [1, 2, 1], [5, 1, 1], [2, 2, 1], [6, 1, 1], [4, 2, 1], [3, 1, 1], [1, 1, 1], [2, 1, 1], [4, 1, 1]]
67	-4.82128	43.38349	47	76	12	familyII	[[1, 1, 4], [1, 2, 4], [2, 1, 4], [2, 2, 4], [3, 1, 4], [3, 2, 4], [4, 1, 4], [4, 2, 4], [5, 1, 4], [5, 2, 4], [6, 1, 4], [6, 2, 4], [5, 1, 3], 0, [1, 1, 3], [6, 1, 3], [5, 1, 2], [1, 1, 2], [6, 1, 2], [5, 1, 1], [1, 1, 1], [6, 1, 1], [5, 2, 3], [1, 2, 3], [6, 2, 3], [5, 2, 2], [2, 1, 3], [3, 1, 3], [1, 2, 2], [6, 2, 2], [5, 2, 1], [2, 1, 2], [3, 1, 2], [1, 2, 1], [4, 1, 3], [6, 2, 1], [2, 1, 1], [3, 1, 1], [4, 1, 2], [4, 1, 1], [2, 2, 3], [3, 2, 3], [2, 2, 2], [3, 2, 2], [4, 2, 3], [2, 2, 1], [3, 2, 1], [4, 2, 2], [4, 2, 1]]
68	-4.81313	43.37363	47	37	12	pensionerII	[[1, 1, 3], [1, 1, 4], [1, 2, 3], [1, 2, 4], [2, 1, 3], [2, 1, 4], [2, 2, 3], [2, 2, 4], [3, 1, 3], [3, 1, 4], [3, 2, 3], [3, 2, 4], [4, 1, 3], [4, 1, 4], [4, 2, 3], [4, 2, 4], [5, 1, 3], [5, 1, 4], [5, 2, 3], [5, 2, 4], [6, 1, 3], [6, 1, 4], [6, 2, 3], [6, 2, 4], [6, 2, 2], 0, [2, 2, 2], [6, 2, 1], [2, 2, 1], [5, 2, 2], [5, 2, 1], [6, 1, 2], [2, 1, 2], [6, 1, 1], [2, 1, 1], [5, 1, 2], [5, 1, 1], [4, 2, 2], [4, 2, 1], [3, 2, 2], [1, 2, 2], [3, 2, 1], [1, 2, 1], [4, 1, 2], [4, 1, 1], [3, 1, 2], [1, 1, 2], [3, 1, 1], [1, 1, 1]]
69	-4.79749	43.36553	52	53	12	familyII	[[1, 1, 4], [1, 2, 4], [2, 1, 4], [2, 2, 4], [3, 1, 4], [3, 2, 4], [4, 1, 4], [4, 2, 4], [5, 1, 4], [5, 2, 4], [6, 1, 4], [6, 2, 4], [5, 2, 3], 0, [6, 2, 3], [1, 2, 3], [5, 2, 2], [6, 2, 2], [1, 2, 2], [5, 2, 1], [5, 1, 3], [6, 2, 1], [6, 1, 3], [1, 2, 1], [1, 1, 3], [5, 1, 2], [6, 1, 2], [1, 1, 2], [5, 1, 1], [6, 1, 1], [1, 1, 1], [4, 2, 3], [3, 2, 3], [2, 2, 3], [4, 2, 2], [3, 2, 2], [2, 2, 2], [4, 2, 1], [4, 1, 3], [3, 2, 1], [3, 1, 3], [2, 2, 1], [2, 1, 3], [4, 1, 2], [3, 1, 2], [2, 1, 2], [4, 1, 1], [3, 1, 1], [2, 1, 1]]
70	-4.80582	43.37624	47	54	12	familyII	[[1, 1, 4], [1, 2, 4], [2, 1, 4], [2, 2, 4], [3, 1, 4], [3, 2, 4], [4, 1, 4], [4, 2, 4], [5, 1, 4], [5, 2, 4], [6, 1, 4], [6, 2, 4], [5, 1, 3], 0, [5, 2, 3], [5, 1, 2], [1, 1, 3], [6, 1, 3], [5, 2, 2], [5, 1, 1], [1, 2, 3], [1, 1, 2], [6, 2, 3], [6, 1, 2], [5, 2, 1], [1, 2, 2], [1, 1, 1], [6, 2, 2], [6, 1, 1], [1, 2, 1], [6, 2, 1], [4, 1, 3], [3, 1, 3], [2, 1, 3], [4, 2, 3], [3, 2, 3], [4, 1, 2], [3, 1, 2], [2, 2, 3], [2, 1, 2], [4, 2, 2], [3, 2, 2], [4, 1, 1], [3, 1, 1], [2, 2, 2], [2, 1, 1], [4, 2, 1], [3, 2, 1], [2, 2, 1]]
71	-4.82285	43.39232	47	40	12	pensionerII	[[1, 1, 3], [1, 1, 4], [1, 2, 3], [1, 2, 4], [2, 1, 3], [2, 1, 4], [2, 2, 3], [2, 2, 4], [3, 1, 3], [3, 1, 4], [3, 2, 3], [3, 2, 4], [4, 1, 3], [4, 1, 4], [4, 2, 3], [4, 2, 4], [5, 1, 3], [5, 1, 4], [5, 2, 3], [5, 2, 4], [6, 1, 3], [6, 1, 4], [6, 2, 3], [6, 2, 4], [6, 1, 2], 0, [6, 1, 1], [5, 1, 2], [5, 1, 1], [2, 1, 2], [2, 1, 1], [6, 2, 2], [6, 2, 1], [5, 2, 2], [5, 2, 1], [2, 2, 2], [2, 2, 1], [4, 1, 2], [4, 1, 1], [1, 1, 2], [1, 1, 1], [4, 2, 2], [4, 2, 1], [3, 1, 2], [3, 1, 1], [1, 2, 2], [1, 2, 1], [3, 2, 2], [3, 2, 1]]
72	-4.8168	43.39219	47	55	12	familyII	[[1, 1, 4], [1, 2, 4], [2, 1, 4], [2, 2, 4], [3, 1, 4], [3, 2, 4], [4, 1, 4], [4, 2, 4], [5, 1, 4], [5, 2, 4], [6, 1, 4], [6, 2, 4], [1, 2, 3], 0, [5, 2, 3], [6, 2, 3], [1, 2, 2], [5, 2, 2], [6, 2, 2], [1, 2, 1], [5, 2, 1], [6, 2, 1], [2, 2, 3], [4, 2, 3], [1, 1, 3], [5, 1, 3], [3, 2, 3], [2, 2, 2], [4, 2, 2], [6, 1, 3], [1, 1, 2], [5, 1, 2], [3, 2, 2], [2, 2, 1], [4, 2, 1], [6, 1, 2], [1, 1, 1], [5, 1, 1], [3, 2, 1], [6, 1, 1], [2, 1, 3], [4, 1, 3], [3, 1, 3], [2, 1, 2], [4, 1, 2], [3, 1, 2], [2, 1, 1], [4, 1, 1], [3, 1, 1]]