S3n72d2w6-120p5-4-8c6_1679308059

DAYS
2

WINDOWS
1	480	600
2	600	720
3	720	840
4	840	960
5	960	1080
6	1080	1200

FEES
1	5
2	6
3	7
4	8

CLUSTERS
CLUST NO.	LONCOORD.	LATCOORD.

47	-4.82743	43.36927
51	-4.87416	43.3423
52	-4.7807	43.3423
57	-4.82743	43.31532
61	-4.87416	43.28834
62	-4.7807	43.28834

CUSTOMERS
CUST NO.	LONCOORD.	LATCOORD.	CLUST NO.	BASKET.	SERVICE TIME.	SEGMENT.	PREF LIST.
0	-4.82743	43.31532	0	0	0	0	0
1	-4.84512	43.28997	61	46	12	businessI	[[1, 1, 4], [1, 2, 4], [2, 1, 4], [2, 2, 4], [3, 1, 1], [3, 1, 2], [3, 1, 3], [3, 1, 4], [3, 2, 1], [3, 2, 2], [3, 2, 3], [3, 2, 4], [4, 1, 1], [4, 1, 2], [4, 1, 3], [4, 1, 4], [4, 2, 1], [4, 2, 2], [4, 2, 3], [4, 2, 4], [5, 1, 4], [5, 2, 4], [6, 1, 4], [6, 2, 4], [2, 1, 3], 0, [2, 1, 2], [2, 1, 1], [6, 1, 3], [1, 1, 3], [6, 1, 2], [1, 1, 2], [6, 1, 1], [1, 1, 1], [2, 2, 3], [2, 2, 2], [5, 1, 3], [2, 2, 1], [6, 2, 3], [5, 1, 2], [1, 2, 3], [6, 2, 2], [5, 1, 1], [1, 2, 2], [6, 2, 1], [1, 2, 1], [5, 2, 3], [5, 2, 2], [5, 2, 1]]
2	-4.8454	43.29319	57	23	12	pensionerII	[[1, 1, 3], [1, 1, 4], [1, 2, 3], [1, 2, 4], [2, 1, 3], [2, 1, 4], [2, 2, 3], [2, 2, 4], [3, 1, 3], [3, 1, 4], [3, 2, 3], [3, 2, 4], [4, 1, 3], [4, 1, 4], [4, 2, 3], [4, 2, 4], [5, 1, 3], [5, 1, 4], [5, 2, 3], [5, 2, 4], [6, 1, 3], [6, 1, 4], [6, 2, 3], [6, 2, 4], [5, 2, 2], 0, [5, 2, 1], [2, 2, 2], [2, 2, 1], [5, 1, 2], [5, 1, 1], [2, 1, 2], [2, 1, 1], [6, 2, 2], [6, 2, 1], [3, 2, 2], [3, 2, 1], [4, 2, 2], [4, 2, 1], [1, 2, 2], [1, 2, 1], [6, 1, 2], [6, 1, 1], [3, 1, 2], [3, 1, 1], [4, 1, 2], [4, 1, 1], [1, 1, 2], [1, 1, 1]]
3	-4.8459	43.29537	57	48	12	familyI	[[1, 1, 2], [1, 1, 3], [1, 1, 4], [1, 2, 2], [1, 2, 3], [1, 2, 4], [2, 1, 2], [2, 1, 3], [2, 1, 4], [2, 2, 2], [2, 2, 3], [2, 2, 4], [3, 1, 2], [3, 1, 3], [3, 1, 4], [3, 2, 2], [3, 2, 3], [3, 2, 4], [4, 1, 2], [4, 1, 3], [4, 1, 4], [4, 2, 2], [4, 2, 3], [4, 2, 4], [5, 1, 2], [5, 1, 3], [5, 1, 4], [5, 2, 2], [5, 2, 3], [5, 2, 4], [6, 1, 2], [6, 1, 3], [6, 1, 4], [6, 2, 2], [6, 2, 3], [6, 2, 4], [5, 2, 1], 0, [1, 2, 1], [6, 2, 1], [3, 2, 1], [5, 1, 1], [1, 1, 1], [6, 1, 1], [3, 1, 1], [4, 2, 1], [2, 2, 1], [4, 1, 1], [2, 1, 1]]
4	-4.81099	43.3088	57	64	12	familyII	[[1, 1, 4], [1, 2, 4], [2, 1, 4], [2, 2, 4], [3, 1, 4], [3, 2, 4], [4, 1, 4], [4, 2, 4], [5, 1, 4], [5, 2, 4], [6, 1, 4], [6, 2, 4], [5, 1, 3], 0, [6, 1, 3], [1, 1, 3], [5, 1, 2], [6, 1, 2], [5, 2, 3], [1, 1, 2], [5, 1, 1], [6, 2, 3], [1, 2, 3], [6, 1, 1], [5, 2, 2], [1, 1, 1], [6, 2, 2], [1, 2, 2], [5, 2, 1], [6, 2, 1], [1, 2, 1], [2, 1, 3], [2, 1, 2], [3, 1, 3], [4, 1, 3], [2, 2, 3], [2, 1, 1], [3, 1, 2], [4, 1, 2], [2, 2, 2], [3, 2, 3], [3, 1, 1], [4, 2, 3], [4, 1, 1], [2, 2, 1], [3, 2, 2], [4, 2, 2], [3, 2, 1], [4, 2, 1]]
5	-4.81882	43.3084	57	44	12	businessII	[[1, 1, 4], [1, 2, 4], [2, 1, 1], [2, 1, 2], [2, 1, 3], [2, 1, 4], [2, 2, 1], [2, 2, 2], [2, 2, 3], [2, 2, 4], [3, 1, 1], [3, 1, 2], [3, 1, 3], [3, 1, 4], [3, 2, 1], [3, 2, 2], [3, 2, 3], [3, 2, 4], [4, 1, 1], [4, 1, 2], [4, 1, 3], [4, 1, 4], [4, 2, 1], [4, 2, 2], [4, 2, 3], [4, 2, 4], [5, 1, 1], [5, 1, 2], [5, 1, 3], [5, 1, 4], [5, 2, 1], [5, 2, 2], [5, 2, 3], [5, 2, 4], [6, 1, 4], [6, 2, 4], [1, 1, 3], 0, [1, 1, 2], [1, 1, 1], [1, 2, 3], [1, 2, 2], [6, 1, 3], [1, 2, 1], [6, 1, 2], [6, 1, 1], [6, 2, 3], [6, 2, 2], [6, 2, 1]]
6	-4.83132	43.29	57	26	12	pensionerII	[[1, 1, 3], [1, 1, 4], [1, 2, 3], [1, 2, 4], [2, 1, 3], [2, 1, 4], [2, 2, 3], [2, 2, 4], [3, 1, 3], [3, 1, 4], [3, 2, 3], [3, 2, 4], [4, 1, 3], [4, 1, 4], [4, 2, 3], [4, 2, 4], [5, 1, 3], [5, 1, 4], [5, 2, 3], [5, 2, 4], [6, 1, 3], [6, 1, 4], [6, 2, 3], [6, 2, 4], [2, 1, 2], 0, [2, 1, 1], [5, 1, 2], [5, 1, 1], [6, 1, 2], [6, 1, 1], [2, 2, 2], [2, 2, 1], [5, 2, 2], [5, 2, 1], [6, 2, 2], [6, 2, 1], [1, 1, 2], [4, 1, 2], [1, 1, 1], [4, 1, 1], [3, 1, 2], [3, 1, 1], [1, 2, 2], [4, 2, 2], [1, 2, 1], [4, 2, 1], [3, 2, 2], [3, 2, 1]]
7	-4.80719	43.30503	57	34	12	pensionerII	[[1, 1, 3], [1, 1, 4], [1, 2, 3], [1, 2, 4], [2, 1, 3], [2, 1, 4], [2, 2, 3], [2, 2, 4], [3, 1, 3], [3, 1, 4], [3, 2, 3], [3, 2, 4], [4, 1, 3], [4, 1, 4], [4, 2, 3], [4, 2, 4], [5, 1, 3], [5, 1, 4], [5, 2, 3], [5, 2, 4], [6, 1, 3], [6, 1, 4], [6, 2, 3], [6, 2, 4], [2, 1, 2], 0, [2, 1, 1], [6, 1, 2], [6, 1, 1], [5, 1, 2], [5, 1, 1], [2, 2, 2], [2, 2, 1], [6, 2, 2], [6, 2, 1], [3, 1, 2], [3, 1, 1], [5, 2, 2], [5, 2, 1], [1, 1, 2], [1, 1, 1], [4, 1, 2], [4, 1, 1], [3, 2, 2], [3, 2, 1], [1, 2, 2], [1, 2, 1], [4, 2, 2], [4, 2, 1]]
8	-4.78824	43.31291	62	32	12	pensionerII	[[1, 1, 3], [1, 1, 4], [1, 2, 3], [1, 2, 4], [2, 1, 3], [2, 1, 4], [2, 2, 3], [2, 2, 4], [3, 1, 3], [3, 1, 4], [3, 2, 3], [3, 2, 4], [4, 1, 3], [4, 1, 4], [4, 2, 3], [4, 2, 4], [5, 1, 3], [5, 1, 4], [5, 2, 3], [5, 2, 4], [6, 1, 3], [6, 1, 4], [6, 2, 3], [6, 2, 4], [6, 1, 2], 0, [6, 1, 1], [2, 1, 2], [2, 1, 1], [6, 2, 2], [6, 2, 1], [2, 2, 2], [2, 2, 1], [5, 1, 2], [5, 1, 1], [5, 2, 2], [5, 2, 1], [3, 1, 2], [1, 1, 2], [3, 1, 1], [1, 1, 1], [3, 2, 2], [1, 2, 2], [3, 2, 1], [1, 2, 1], [4, 1, 2], [4, 1, 1], [4, 2, 2], [4, 2, 1]]
9	-4.86263	43.32516	51	77	12	familyII	[[1, 1, 4], [1, 2, 4], [2, 1, 4], [2, 2, 4], [3, 1, 4], [3, 2, 4], [4, 1, 4], [4, 2, 4], [5, 1, 4], [5, 2, 4], [6, 1, 4], [6, 2, 4], [5, 2, 3], 0, [6, 2, 3], [5, 2, 2], [6, 2, 2], [5, 2, 1], [1, 2, 3], [6, 2, 1], [5, 1, 3], [1, 2, 2], [6, 1, 3], [5, 1, 2], [1, 2, 1], [6, 1, 2], [5, 1, 1], [2, 2, 3], [3, 2, 3], [1, 1, 3], [4, 2, 3], [6, 1, 1], [2, 2, 2], [3, 2, 2], [1, 1, 2], [4, 2, 2], [2, 2, 1], [3, 2, 1], [1, 1, 1], [4, 2, 1], [2, 1, 3], [3, 1, 3], [4, 1, 3], [2, 1, 2], [3, 1, 2], [4, 1, 2], [2, 1, 1], [3, 1, 1], [4, 1, 1]]
10	-4.88083	43.32822	51	28	12	pensionerII	[[1, 1, 3], [1, 1, 4], [1, 2, 3], [1, 2, 4], [2, 1, 3], [2, 1, 4], [2, 2, 3], [2, 2, 4], [3, 1, 3], [3, 1, 4], [3, 2, 3], [3, 2, 4], [4, 1, 3], [4, 1, 4], [4, 2, 3], [4, 2, 4], [5, 1, 3], [5, 1, 4], [5, 2, 3], [5, 2, 4], [6, 1, 3], [6, 1, 4], [6, 2, 3], [6, 2, 4], [5, 1, 2], 0, [6, 1, 2], [5, 1, 1], [6, 1, 1], [5, 2, 2], [6, 2, 2], [2, 1, 2], [5, 2, 1], [6, 2, 1], [2, 1, 1], [2, 2, 2], [2, 2, 1], [4, 1, 2], [4, 1, 1], [1, 1, 2], [1, 1, 1], [3, 1, 2], [3, 1, 1], [4, 2, 2], [4, 2, 1], [1, 2, 2], [1, 2, 1], [3, 2, 2], [3, 2, 1]]
11	-4.87372	43.33095	51	35	12	businessII	[[1, 1, 4], [1, 2, 4], [2, 1, 1], [2, 1, 2], [2, 1, 3], [2, 1, 4], [2, 2, 1], [2, 2, 2], [2, 2, 3], [2, 2, 4], [3, 1, 1], [3, 1, 2], [3, 1, 3], [3, 1, 4], [3, 2, 1], [3, 2, 2], [3, 2, 3], [3, 2, 4], [4, 1, 1], [4, 1, 2], [4, 1, 3], [4, 1, 4], [4, 2, 1], [4, 2, 2], [4, 2, 3], [4, 2, 4], [5, 1, 1], [5, 1, 2], [5, 1, 3], [5, 1, 4], [5, 2, 1], [5, 2, 2], [5, 2, 3], [5, 2, 4], [6, 1, 4], [6, 2, 4], [1, 1, 3], 0, [1, 1, 2], [1, 1, 1], [6, 1, 3], [6, 1, 2], [6, 1, 1], [1, 2, 3], [1, 2, 2], [1, 2, 1], [6, 2, 3], [6, 2, 2], [6, 2, 1]]
12	-4.7964	43.31129	62	77	12	familyII	[[1, 1, 4], [1, 2, 4], [2, 1, 4], [2, 2, 4], [3, 1, 4], [3, 2, 4], [4, 1, 4], [4, 2, 4], [5, 1, 4], [5, 2, 4], [6, 1, 4], [6, 2, 4], [5, 2, 3], 0, [6, 2, 3], [5, 2, 2], [6, 2, 2], [1, 2, 3], [5, 2, 1], [6, 2, 1], [1, 2, 2], [5, 1, 3], [6, 1, 3], [1, 2, 1], [5, 1, 2], [6, 1, 2], [3, 2, 3], [1, 1, 3], [2, 2, 3], [5, 1, 1], [6, 1, 1], [3, 2, 2], [1, 1, 2], [2, 2, 2], [4, 2, 3], [3, 2, 1], [1, 1, 1], [2, 2, 1], [4, 2, 2], [3, 1, 3], [2, 1, 3], [4, 2, 1], [3, 1, 2], [2, 1, 2], [4, 1, 3], [3, 1, 1], [2, 1, 1], [4, 1, 2], [4, 1, 1]]
13	-4.79894	43.3164	57	25	12	pensionerI	[[1, 1, 2], [1, 1, 3], [1, 1, 4], [1, 2, 2], [1, 2, 3], [1, 2, 4], [2, 1, 2], [2, 1, 3], [2, 1, 4], [2, 2, 2], [2, 2, 3], [2, 2, 4], [3, 1, 2], [3, 1, 3], [3, 1, 4], [3, 2, 2], [3, 2, 3], [3, 2, 4], [4, 1, 2], [4, 1, 3], [4, 1, 4], [4, 2, 2], [4, 2, 3], [4, 2, 4], [5, 1, 2], [5, 1, 3], [5, 1, 4], [5, 2, 2], [5, 2, 3], [5, 2, 4], [6, 1, 2], [6, 1, 3], [6, 1, 4], [6, 2, 2], [6, 2, 3], [6, 2, 4], [3, 1, 1], 0, [3, 2, 1], [2, 1, 1], [4, 1, 1], [2, 2, 1], [4, 2, 1], [5, 1, 1], [1, 1, 1], [5, 2, 1], [1, 2, 1], [6, 1, 1], [6, 2, 1]]
14	-4.79233	43.31235	62	48	12	businessI	[[1, 1, 4], [1, 2, 4], [2, 1, 4], [2, 2, 4], [3, 1, 1], [3, 1, 2], [3, 1, 3], [3, 1, 4], [3, 2, 1], [3, 2, 2], [3, 2, 3], [3, 2, 4], [4, 1, 1], [4, 1, 2], [4, 1, 3], [4, 1, 4], [4, 2, 1], [4, 2, 2], [4, 2, 3], [4, 2, 4], [5, 1, 4], [5, 2, 4], [6, 1, 4], [6, 2, 4], [2, 1, 3], 0, [2, 1, 2], [2, 1, 1], [1, 1, 3], [5, 1, 3], [1, 1, 2], [5, 1, 2], [1, 1, 1], [5, 1, 1], [6, 1, 3], [6, 1, 2], [6, 1, 1], [2, 2, 3], [2, 2, 2], [2, 2, 1], [1, 2, 3], [5, 2, 3], [1, 2, 2], [5, 2, 2], [1, 2, 1], [5, 2, 1], [6, 2, 3], [6, 2, 2], [6, 2, 1]]
15	-4.80562	43.30863	57	50	12	businessI	[[1, 1, 4], [1, 2, 4], [2, 1, 4], [2, 2, 4], [3, 1, 1], [3, 1, 2], [3, 1, 3], [3, 1, 4], [3, 2, 1], [3, 2, 2], [3, 2, 3], [3, 2, 4], [4, 1, 1], [4, 1, 2], [4, 1, 3], [4, 1, 4], [4, 2, 1], [4, 2, 2], [4, 2, 3], [4, 2, 4], [5, 1, 4], [5, 2, 4], [6, 1, 4], [6, 2, 4], [6, 2, 3], 0, [2, 2, 3], [6, 2, 2], [2, 2, 2], [6, 2, 1], [2, 2, 1], [1, 2, 3], [1, 2, 2], [1, 2, 1], [5, 2, 3], [5, 2, 2], [5, 2, 1], [6, 1, 3], [2, 1, 3], [6, 1, 2], [2, 1, 2], [6, 1, 1], [2, 1, 1], [1, 1, 3], [1, 1, 2], [1, 1, 1], [5, 1, 3], [5, 1, 2], [5, 1, 1]]
16	-4.86242	43.30403	61	20	12	pensionerI	[[1, 1, 2], [1, 1, 3], [1, 1, 4], [1, 2, 2], [1, 2, 3], [1, 2, 4], [2, 1, 2], [2, 1, 3], [2, 1, 4], [2, 2, 2], [2, 2, 3], [2, 2, 4], [3, 1, 2], [3, 1, 3], [3, 1, 4], [3, 2, 2], [3, 2, 3], [3, 2, 4], [4, 1, 2], [4, 1, 3], [4, 1, 4], [4, 2, 2], [4, 2, 3], [4, 2, 4], [5, 1, 2], [5, 1, 3], [5, 1, 4], [5, 2, 2], [5, 2, 3], [5, 2, 4], [6, 1, 2], [6, 1, 3], [6, 1, 4], [6, 2, 2], [6, 2, 3], [6, 2, 4], [6, 1, 1], 0, [5, 1, 1], [2, 1, 1], [3, 1, 1], [4, 1, 1], [6, 2, 1], [5, 2, 1], [1, 1, 1], [2, 2, 1], [3, 2, 1], [4, 2, 1], [1, 2, 1]]
17	-4.75781	43.27525	62	48	12	familyII	[[1, 1, 4], [1, 2, 4], [2, 1, 4], [2, 2, 4], [3, 1, 4], [3, 2, 4], [4, 1, 4], [4, 2, 4], [5, 1, 4], [5, 2, 4], [6, 1, 4], [6, 2, 4], [1, 2, 3], 0, [6, 2, 3], [5, 2, 3], [1, 2, 2], [6, 2, 2], [5, 2, 2], [1, 2, 1], [6, 2, 1], [5, 2, 1], [3, 2, 3], [4, 2, 3], [2, 2, 3], [3, 2, 2], [4, 2, 2], [2, 2, 2], [3, 2, 1], [1, 1, 3], [6, 1, 3], [4, 2, 1], [5, 1, 3], [2, 2, 1], [1, 1, 2], [6, 1, 2], [5, 1, 2], [1, 1, 1], [6, 1, 1], [5, 1, 1], [3, 1, 3], [4, 1, 3], [2, 1, 3], [3, 1, 2], [4, 1, 2], [2, 1, 2], [3, 1, 1], [4, 1, 1], [2, 1, 1]]
18	-4.87076	43.29908	61	40	12	businessII	[[1, 1, 4], [1, 2, 4], [2, 1, 1], [2, 1, 2], [2, 1, 3], [2, 1, 4], [2, 2, 1], [2, 2, 2], [2, 2, 3], [2, 2, 4], [3, 1, 1], [3, 1, 2], [3, 1, 3], [3, 1, 4], [3, 2, 1], [3, 2, 2], [3, 2, 3], [3, 2, 4], [4, 1, 1], [4, 1, 2], [4, 1, 3], [4, 1, 4], [4, 2, 1], [4, 2, 2], [4, 2, 3], [4, 2, 4], [5, 1, 1], [5, 1, 2], [5, 1, 3], [5, 1, 4], [5, 2, 1], [5, 2, 2], [5, 2, 3], [5, 2, 4], [6, 1, 4], [6, 2, 4], [1, 2, 3], 0, [1, 2, 2], [1, 2, 1], [6, 2, 3], [6, 2, 2], [6, 2, 1], [1, 1, 3], [1, 1, 2], [1, 1, 1], [6, 1, 3], [6, 1, 2], [6, 1, 1]]
19	-4.87046	43.30644	61	25	12	pensionerI	[[1, 1, 2], [1, 1, 3], [1, 1, 4], [1, 2, 2], [1, 2, 3], [1, 2, 4], [2, 1, 2], [2, 1, 3], [2, 1, 4], [2, 2, 2], [2, 2, 3], [2, 2, 4], [3, 1, 2], [3, 1, 3], [3, 1, 4], [3, 2, 2], [3, 2, 3], [3, 2, 4], [4, 1, 2], [4, 1, 3], [4, 1, 4], [4, 2, 2], [4, 2, 3], [4, 2, 4], [5, 1, 2], [5, 1, 3], [5, 1, 4], [5, 2, 2], [5, 2, 3], [5, 2, 4], [6, 1, 2], [6, 1, 3], [6, 1, 4], [6, 2, 2], [6, 2, 3], [6, 2, 4], [6, 2, 1], 0, [5, 2, 1], [3, 2, 1], [2, 2, 1], [4, 2, 1], [6, 1, 1], [5, 1, 1], [3, 1, 1], [2, 1, 1], [4, 1, 1], [1, 2, 1], [1, 1, 1]]
20	-4.87375	43.30443	61	53	12	businessII	[[1, 1, 4], [1, 2, 4], [2, 1, 1], [2, 1, 2], [2, 1, 3], [2, 1, 4], [2, 2, 1], [2, 2, 2], [2, 2, 3], [2, 2, 4], [3, 1, 1], [3, 1, 2], [3, 1, 3], [3, 1, 4], [3, 2, 1], [3, 2, 2], [3, 2, 3], [3, 2, 4], [4, 1, 1], [4, 1, 2], [4, 1, 3], [4, 1, 4], [4, 2, 1], [4, 2, 2], [4, 2, 3], [4, 2, 4], [5, 1, 1], [5, 1, 2], [5, 1, 3], [5, 1, 4], [5, 2, 1], [5, 2, 2], [5, 2, 3], [5, 2, 4], [6, 1, 4], [6, 2, 4], [1, 2, 3], 0, [1, 2, 2], [1, 2, 1], [6, 2, 3], [6, 2, 2], [6, 2, 1], [1, 1, 3], [1, 1, 2], [1, 1, 1], [6, 1, 3], [6, 1, 2], [6, 1, 1]]
21	-4.86727	43.28872	61	75	12	familyI	[[1, 1, 2], [1, 1, 3], [1, 1, 4], [1, 2, 2], [1, 2, 3], [1, 2, 4], [2, 1, 2], [2, 1, 3], [2, 1, 4], [2, 2, 2], [2, 2, 3], [2, 2, 4], [3, 1, 2], [3, 1, 3], [3, 1, 4], [3, 2, 2], [3, 2, 3], [3, 2, 4], [4, 1, 2], [4, 1, 3], [4, 1, 4], [4, 2, 2], [4, 2, 3], [4, 2, 4], [5, 1, 2], [5, 1, 3], [5, 1, 4], [5, 2, 2], [5, 2, 3], [5, 2, 4], [6, 1, 2], [6, 1, 3], [6, 1, 4], [6, 2, 2], [6, 2, 3], [6, 2, 4], [6, 2, 1], 0, [5, 2, 1], [1, 2, 1], [6, 1, 1], [5, 1, 1], [3, 2, 1], [1, 1, 1], [3, 1, 1], [2, 2, 1], [4, 2, 1], [2, 1, 1], [4, 1, 1]]
22	-4.8478	43.30087	57	22	12	pensionerI	[[1, 1, 2], [1, 1, 3], [1, 1, 4], [1, 2, 2], [1, 2, 3], [1, 2, 4], [2, 1, 2], [2, 1, 3], [2, 1, 4], [2, 2, 2], [2, 2, 3], [2, 2, 4], [3, 1, 2], [3, 1, 3], [3, 1, 4], [3, 2, 2], [3, 2, 3], [3, 2, 4], [4, 1, 2], [4, 1, 3], [4, 1, 4], [4, 2, 2], [4, 2, 3], [4, 2, 4], [5, 1, 2], [5, 1, 3], [5, 1, 4], [5, 2, 2], [5, 2, 3], [5, 2, 4], [6, 1, 2], [6, 1, 3], [6, 1, 4], [6, 2, 2], [6, 2, 3], [6, 2, 4], [1, 2, 1], 0, [3, 2, 1], [2, 2, 1], [5, 2, 1], [6, 2, 1], [4, 2, 1], [1, 1, 1], [3, 1, 1], [2, 1, 1], [5, 1, 1], [6, 1, 1], [4, 1, 1]]
23	-4.84954	43.28837	61	20	12	pensionerI	[[1, 1, 2], [1, 1, 3], [1, 1, 4], [1, 2, 2], [1, 2, 3], [1, 2, 4], [2, 1, 2], [2, 1, 3], [2, 1, 4], [2, 2, 2], [2, 2, 3], [2, 2, 4], [3, 1, 2], [3, 1, 3], [3, 1, 4], [3, 2, 2], [3, 2, 3], [3, 2, 4], [4, 1, 2], [4, 1, 3], [4, 1, 4], [4, 2, 2], [4, 2, 3], [4, 2, 4], [5, 1, 2], [5, 1, 3], [5, 1, 4], [5, 2, 2], [5, 2, 3], [5, 2, 4], [6, 1, 2], [6, 1, 3], [6, 1, 4], [6, 2, 2], [6, 2, 3], [6, 2, 4], [2, 2, 1], 0, [4, 2, 1], [6, 2, 1], [5, 2, 1], [1, 2, 1], [2, 1, 1], [4, 1, 1], [6, 1, 1], [3, 2, 1], [5, 1, 1], [1, 1, 1], [3, 1, 1]]
24	-4.85457	43.27958	61	47	12	businessI	[[1, 1, 4], [1, 2, 4], [2, 1, 4], [2, 2, 4], [3, 1, 1], [3, 1, 2], [3, 1, 3], [3, 1, 4], [3, 2, 1], [3, 2, 2], [3, 2, 3], [3, 2, 4], [4, 1, 1], [4, 1, 2], [4, 1, 3], [4, 1, 4], [4, 2, 1], [4, 2, 2], [4, 2, 3], [4, 2, 4], [5, 1, 4], [5, 2, 4], [6, 1, 4], [6, 2, 4], [2, 1, 3], 0, [2, 1, 2], [1, 1, 3], [2, 1, 1], [1, 1, 2], [1, 1, 1], [5, 1, 3], [5, 1, 2], [5, 1, 1], [6, 1, 3], [6, 1, 2], [6, 1, 1], [2, 2, 3], [2, 2, 2], [1, 2, 3], [2, 2, 1], [1, 2, 2], [1, 2, 1], [5, 2, 3], [5, 2, 2], [5, 2, 1], [6, 2, 3], [6, 2, 2], [6, 2, 1]]
25	-4.85752	43.28661	61	40	12	businessII	[[1, 1, 4], [1, 2, 4], [2, 1, 1], [2, 1, 2], [2, 1, 3], [2, 1, 4], [2, 2, 1], [2, 2, 2], [2, 2, 3], [2, 2, 4], [3, 1, 1], [3, 1, 2], [3, 1, 3], [3, 1, 4], [3, 2, 1], [3, 2, 2], [3, 2, 3], [3, 2, 4], [4, 1, 1], [4, 1, 2], [4, 1, 3], [4, 1, 4], [4, 2, 1], [4, 2, 2], [4, 2, 3], [4, 2, 4], [5, 1, 1], [5, 1, 2], [5, 1, 3], [5, 1, 4], [5, 2, 1], [5, 2, 2], [5, 2, 3], [5, 2, 4], [6, 1, 4], [6, 2, 4], [1, 1, 3], 0, [1, 1, 2], [1, 1, 1], [6, 1, 3], [6, 1, 2], [6, 1, 1], [1, 2, 3], [1, 2, 2], [1, 2, 1], [6, 2, 3], [6, 2, 2], [6, 2, 1]]
26	-4.85965	43.27553	61	62	12	familyII	[[1, 1, 4], [1, 2, 4], [2, 1, 4], [2, 2, 4], [3, 1, 4], [3, 2, 4], [4, 1, 4], [4, 2, 4], [5, 1, 4], [5, 2, 4], [6, 1, 4], [6, 2, 4], [1, 1, 3], 0, [6, 1, 3], [5, 1, 3], [1, 1, 2], [6, 1, 2], [5, 1, 2], [1, 1, 1], [6, 1, 1], [5, 1, 1], [3, 1, 3], [2, 1, 3], [1, 2, 3], [3, 1, 2], [6, 2, 3], [5, 2, 3], [2, 1, 2], [4, 1, 3], [1, 2, 2], [3, 1, 1], [6, 2, 2], [5, 2, 2], [2, 1, 1], [4, 1, 2], [1, 2, 1], [6, 2, 1], [5, 2, 1], [4, 1, 1], [3, 2, 3], [2, 2, 3], [3, 2, 2], [2, 2, 2], [4, 2, 3], [3, 2, 1], [2, 2, 1], [4, 2, 2], [4, 2, 1]]
27	-4.86308	43.27428	61	73	12	familyI	[[1, 1, 2], [1, 1, 3], [1, 1, 4], [1, 2, 2], [1, 2, 3], [1, 2, 4], [2, 1, 2], [2, 1, 3], [2, 1, 4], [2, 2, 2], [2, 2, 3], [2, 2, 4], [3, 1, 2], [3, 1, 3], [3, 1, 4], [3, 2, 2], [3, 2, 3], [3, 2, 4], [4, 1, 2], [4, 1, 3], [4, 1, 4], [4, 2, 2], [4, 2, 3], [4, 2, 4], [5, 1, 2], [5, 1, 3], [5, 1, 4], [5, 2, 2], [5, 2, 3], [5, 2, 4], [6, 1, 2], [6, 1, 3], [6, 1, 4], [6, 2, 2], [6, 2, 3], [6, 2, 4], [5, 1, 1], 0, [6, 1, 1], [1, 1, 1], [3, 1, 1], [5, 2, 1], [6, 2, 1], [1, 2, 1], [3, 2, 1], [2, 1, 1], [4, 1, 1], [2, 2, 1], [4, 2, 1]]
28	-4.84885	43.28826	61	53	12	businessII	[[1, 1, 4], [1, 2, 4], [2, 1, 1], [2, 1, 2], [2, 1, 3], [2, 1, 4], [2, 2, 1], [2, 2, 2], [2, 2, 3], [2, 2, 4], [3, 1, 1], [3, 1, 2], [3, 1, 3], [3, 1, 4], [3, 2, 1], [3, 2, 2], [3, 2, 3], [3, 2, 4], [4, 1, 1], [4, 1, 2], [4, 1, 3], [4, 1, 4], [4, 2, 1], [4, 2, 2], [4, 2, 3], [4, 2, 4], [5, 1, 1], [5, 1, 2], [5, 1, 3], [5, 1, 4], [5, 2, 1], [5, 2, 2], [5, 2, 3], [5, 2, 4], [6, 1, 4], [6, 2, 4], [1, 1, 3], 0, [1, 1, 2], [1, 1, 1], [6, 1, 3], [1, 2, 3], [6, 1, 2], [1, 2, 2], [6, 1, 1], [1, 2, 1], [6, 2, 3], [6, 2, 2], [6, 2, 1]]
29	-4.86252	43.27577	61	64	12	familyII	[[1, 1, 4], [1, 2, 4], [2, 1, 4], [2, 2, 4], [3, 1, 4], [3, 2, 4], [4, 1, 4], [4, 2, 4], [5, 1, 4], [5, 2, 4], [6, 1, 4], [6, 2, 4], [5, 2, 3], 0, [1, 2, 3], [6, 2, 3], [5, 2, 2], [5, 1, 3], [1, 2, 2], [1, 1, 3], [6, 2, 2], [6, 1, 3], [5, 2, 1], [5, 1, 2], [1, 2, 1], [1, 1, 2], [6, 2, 1], [6, 1, 2], [5, 1, 1], [1, 1, 1], [6, 1, 1], [3, 2, 3], [3, 2, 2], [3, 1, 3], [4, 2, 3], [2, 2, 3], [3, 2, 1], [3, 1, 2], [4, 2, 2], [2, 2, 2], [4, 1, 3], [2, 1, 3], [3, 1, 1], [4, 2, 1], [2, 2, 1], [4, 1, 2], [2, 1, 2], [4, 1, 1], [2, 1, 1]]
30	-4.85474	43.27443	61	45	12	businessI	[[1, 1, 4], [1, 2, 4], [2, 1, 4], [2, 2, 4], [3, 1, 1], [3, 1, 2], [3, 1, 3], [3, 1, 4], [3, 2, 1], [3, 2, 2], [3, 2, 3], [3, 2, 4], [4, 1, 1], [4, 1, 2], [4, 1, 3], [4, 1, 4], [4, 2, 1], [4, 2, 2], [4, 2, 3], [4, 2, 4], [5, 1, 4], [5, 2, 4], [6, 1, 4], [6, 2, 4], [6, 2, 3], 0, [6, 2, 2], [6, 2, 1], [5, 2, 3], [1, 2, 3], [5, 2, 2], [1, 2, 2], [5, 2, 1], [1, 2, 1], [2, 2, 3], [2, 2, 2], [2, 2, 1], [6, 1, 3], [6, 1, 2], [6, 1, 1], [5, 1, 3], [1, 1, 3], [5, 1, 2], [1, 1, 2], [5, 1, 1], [1, 1, 1], [2, 1, 3], [2, 1, 2], [2, 1, 1]]
31	-4.87009	43.27595	61	77	12	familyI	[[1, 1, 2], [1, 1, 3], [1, 1, 4], [1, 2, 2], [1, 2, 3], [1, 2, 4], [2, 1, 2], [2, 1, 3], [2, 1, 4], [2, 2, 2], [2, 2, 3], [2, 2, 4], [3, 1, 2], [3, 1, 3], [3, 1, 4], [3, 2, 2], [3, 2, 3], [3, 2, 4], [4, 1, 2], [4, 1, 3], [4, 1, 4], [4, 2, 2], [4, 2, 3], [4, 2, 4], [5, 1, 2], [5, 1, 3], [5, 1, 4], [5, 2, 2], [5, 2, 3], [5, 2, 4], [6, 1, 2], [6, 1, 3], [6, 1, 4], [6, 2, 2], [6, 2, 3], [6, 2, 4], [6, 1, 1], 0, [5, 1, 1], [3, 1, 1], [1, 1, 1], [6, 2, 1], [5, 2, 1], [3, 2, 1], [2, 1, 1], [1, 2, 1], [4, 1, 1], [2, 2, 1], [4, 2, 1]]
32	-4.87891	43.31088	61	49	12	businessI	[[1, 1, 4], [1, 2, 4], [2, 1, 4], [2, 2, 4], [3, 1, 1], [3, 1, 2], [3, 1, 3], [3, 1, 4], [3, 2, 1], [3, 2, 2], [3, 2, 3], [3, 2, 4], [4, 1, 1], [4, 1, 2], [4, 1, 3], [4, 1, 4], [4, 2, 1], [4, 2, 2], [4, 2, 3], [4, 2, 4], [5, 1, 4], [5, 2, 4], [6, 1, 4], [6, 2, 4], [1, 1, 3], 0, [5, 1, 3], [1, 1, 2], [5, 1, 2], [1, 1, 1], [5, 1, 1], [2, 1, 3], [2, 1, 2], [2, 1, 1], [1, 2, 3], [5, 2, 3], [1, 2, 2], [5, 2, 2], [1, 2, 1], [5, 2, 1], [2, 2, 3], [2, 2, 2], [6, 1, 3], [2, 2, 1], [6, 1, 2], [6, 1, 1], [6, 2, 3], [6, 2, 2], [6, 2, 1]]
33	-4.8007	43.28274	62	58	12	familyII	[[1, 1, 4], [1, 2, 4], [2, 1, 4], [2, 2, 4], [3, 1, 4], [3, 2, 4], [4, 1, 4], [4, 2, 4], [5, 1, 4], [5, 2, 4], [6, 1, 4], [6, 2, 4], [1, 1, 3], 0, [5, 1, 3], [1, 1, 2], [1, 2, 3], [6, 1, 3], [5, 1, 2], [5, 2, 3], [1, 1, 1], [1, 2, 2], [6, 1, 2], [5, 1, 1], [6, 2, 3], [5, 2, 2], [1, 2, 1], [6, 1, 1], [6, 2, 2], [5, 2, 1], [6, 2, 1], [4, 1, 3], [2, 1, 3], [4, 1, 2], [3, 1, 3], [4, 2, 3], [2, 1, 2], [2, 2, 3], [4, 1, 1], [3, 1, 2], [4, 2, 2], [3, 2, 3], [2, 1, 1], [2, 2, 2], [3, 1, 1], [4, 2, 1], [3, 2, 2], [2, 2, 1], [3, 2, 1]]
34	-4.8015	43.29509	62	78	12	familyII	[[1, 1, 4], [1, 2, 4], [2, 1, 4], [2, 2, 4], [3, 1, 4], [3, 2, 4], [4, 1, 4], [4, 2, 4], [5, 1, 4], [5, 2, 4], [6, 1, 4], [6, 2, 4], [1, 2, 3], 0, [5, 2, 3], [1, 2, 2], [6, 2, 3], [5, 2, 2], [1, 2, 1], [6, 2, 2], [5, 2, 1], [6, 2, 1], [1, 1, 3], [5, 1, 3], [1, 1, 2], [6, 1, 3], [4, 2, 3], [2, 2, 3], [5, 1, 2], [3, 2, 3], [1, 1, 1], [6, 1, 2], [4, 2, 2], [2, 2, 2], [5, 1, 1], [3, 2, 2], [6, 1, 1], [4, 2, 1], [2, 2, 1], [3, 2, 1], [4, 1, 3], [2, 1, 3], [3, 1, 3], [4, 1, 2], [2, 1, 2], [3, 1, 2], [4, 1, 1], [2, 1, 1], [3, 1, 1]]
35	-4.80595	43.28424	62	27	12	pensionerII	[[1, 1, 3], [1, 1, 4], [1, 2, 3], [1, 2, 4], [2, 1, 3], [2, 1, 4], [2, 2, 3], [2, 2, 4], [3, 1, 3], [3, 1, 4], [3, 2, 3], [3, 2, 4], [4, 1, 3], [4, 1, 4], [4, 2, 3], [4, 2, 4], [5, 1, 3], [5, 1, 4], [5, 2, 3], [5, 2, 4], [6, 1, 3], [6, 1, 4], [6, 2, 3], [6, 2, 4], [6, 1, 2], 0, [6, 1, 1], [2, 1, 2], [2, 1, 1], [5, 1, 2], [5, 1, 1], [6, 2, 2], [6, 2, 1], [2, 2, 2], [2, 2, 1], [5, 2, 2], [5, 2, 1], [3, 1, 2], [3, 1, 1], [1, 1, 2], [1, 1, 1], [3, 2, 2], [3, 2, 1], [1, 2, 2], [1, 2, 1], [4, 1, 2], [4, 1, 1], [4, 2, 2], [4, 2, 1]]
36	-4.80901	43.28415	62	64	12	familyII	[[1, 1, 4], [1, 2, 4], [2, 1, 4], [2, 2, 4], [3, 1, 4], [3, 2, 4], [4, 1, 4], [4, 2, 4], [5, 1, 4], [5, 2, 4], [6, 1, 4], [6, 2, 4], [5, 1, 3], 0, [5, 1, 2], [1, 1, 3], [5, 1, 1], [1, 1, 2], [1, 1, 1], [6, 1, 3], [6, 1, 2], [2, 1, 3], [6, 1, 1], [3, 1, 3], [4, 1, 3], [2, 1, 2], [3, 1, 2], [4, 1, 2], [5, 2, 3], [2, 1, 1], [3, 1, 1], [4, 1, 1], [5, 2, 2], [1, 2, 3], [5, 2, 1], [1, 2, 2], [1, 2, 1], [6, 2, 3], [6, 2, 2], [2, 2, 3], [6, 2, 1], [3, 2, 3], [4, 2, 3], [2, 2, 2], [3, 2, 2], [4, 2, 2], [2, 2, 1], [3, 2, 1], [4, 2, 1]]
37	-4.79578	43.27406	62	36	12	pensionerI	[[1, 1, 2], [1, 1, 3], [1, 1, 4], [1, 2, 2], [1, 2, 3], [1, 2, 4], [2, 1, 2], [2, 1, 3], [2, 1, 4], [2, 2, 2], [2, 2, 3], [2, 2, 4], [3, 1, 2], [3, 1, 3], [3, 1, 4], [3, 2, 2], [3, 2, 3], [3, 2, 4], [4, 1, 2], [4, 1, 3], [4, 1, 4], [4, 2, 2], [4, 2, 3], [4, 2, 4], [5, 1, 2], [5, 1, 3], [5, 1, 4], [5, 2, 2], [5, 2, 3], [5, 2, 4], [6, 1, 2], [6, 1, 3], [6, 1, 4], [6, 2, 2], [6, 2, 3], [6, 2, 4], [3, 1, 1], 0, [4, 1, 1], [3, 2, 1], [4, 2, 1], [2, 1, 1], [1, 1, 1], [2, 2, 1], [1, 2, 1], [5, 1, 1], [5, 2, 1], [6, 1, 1], [6, 2, 1]]
38	-4.78638	43.27237	62	52	12	businessII	[[1, 1, 4], [1, 2, 4], [2, 1, 1], [2, 1, 2], [2, 1, 3], [2, 1, 4], [2, 2, 1], [2, 2, 2], [2, 2, 3], [2, 2, 4], [3, 1, 1], [3, 1, 2], [3, 1, 3], [3, 1, 4], [3, 2, 1], [3, 2, 2], [3, 2, 3], [3, 2, 4], [4, 1, 1], [4, 1, 2], [4, 1, 3], [4, 1, 4], [4, 2, 1], [4, 2, 2], [4, 2, 3], [4, 2, 4], [5, 1, 1], [5, 1, 2], [5, 1, 3], [5, 1, 4], [5, 2, 1], [5, 2, 2], [5, 2, 3], [5, 2, 4], [6, 1, 4], [6, 2, 4], [6, 1, 3], 0, [6, 1, 2], [6, 1, 1], [1, 1, 3], [1, 1, 2], [1, 1, 1], [6, 2, 3], [6, 2, 2], [6, 2, 1], [1, 2, 3], [1, 2, 2], [1, 2, 1]]
39	-4.76595	43.26583	62	45	12	familyII	[[1, 1, 4], [1, 2, 4], [2, 1, 4], [2, 2, 4], [3, 1, 4], [3, 2, 4], [4, 1, 4], [4, 2, 4], [5, 1, 4], [5, 2, 4], [6, 1, 4], [6, 2, 4], [1, 2, 3], 0, [1, 2, 2], [5, 2, 3], [1, 2, 1], [5, 2, 2], [6, 2, 3], [5, 2, 1], [6, 2, 2], [6, 2, 1], [3, 2, 3], [4, 2, 3], [2, 2, 3], [3, 2, 2], [4, 2, 2], [2, 2, 2], [1, 1, 3], [3, 2, 1], [4, 2, 1], [2, 2, 1], [1, 1, 2], [5, 1, 3], [1, 1, 1], [5, 1, 2], [6, 1, 3], [5, 1, 1], [6, 1, 2], [6, 1, 1], [3, 1, 3], [4, 1, 3], [2, 1, 3], [3, 1, 2], [4, 1, 2], [2, 1, 2], [3, 1, 1], [4, 1, 1], [2, 1, 1]]
40	-4.78293	43.28111	62	34	12	pensionerI	[[1, 1, 2], [1, 1, 3], [1, 1, 4], [1, 2, 2], [1, 2, 3], [1, 2, 4], [2, 1, 2], [2, 1, 3], [2, 1, 4], [2, 2, 2], [2, 2, 3], [2, 2, 4], [3, 1, 2], [3, 1, 3], [3, 1, 4], [3, 2, 2], [3, 2, 3], [3, 2, 4], [4, 1, 2], [4, 1, 3], [4, 1, 4], [4, 2, 2], [4, 2, 3], [4, 2, 4], [5, 1, 2], [5, 1, 3], [5, 1, 4], [5, 2, 2], [5, 2, 3], [5, 2, 4], [6, 1, 2], [6, 1, 3], [6, 1, 4], [6, 2, 2], [6, 2, 3], [6, 2, 4], [6, 1, 1], 0, [1, 1, 1], [5, 1, 1], [2, 1, 1], [3, 1, 1], [4, 1, 1], [6, 2, 1], [1, 2, 1], [5, 2, 1], [2, 2, 1], [3, 2, 1], [4, 2, 1]]
41	-4.78052	43.28188	62	65	12	familyI	[[1, 1, 2], [1, 1, 3], [1, 1, 4], [1, 2, 2], [1, 2, 3], [1, 2, 4], [2, 1, 2], [2, 1, 3], [2, 1, 4], [2, 2, 2], [2, 2, 3], [2, 2, 4], [3, 1, 2], [3, 1, 3], [3, 1, 4], [3, 2, 2], [3, 2, 3], [3, 2, 4], [4, 1, 2], [4, 1, 3], [4, 1, 4], [4, 2, 2], [4, 2, 3], [4, 2, 4], [5, 1, 2], [5, 1, 3], [5, 1, 4], [5, 2, 2], [5, 2, 3], [5, 2, 4], [6, 1, 2], [6, 1, 3], [6, 1, 4], [6, 2, 2], [6, 2, 3], [6, 2, 4], [5, 1, 1], 0, [3, 1, 1], [1, 1, 1], [6, 1, 1], [5, 2, 1], [3, 2, 1], [1, 2, 1], [6, 2, 1], [4, 1, 1], [2, 1, 1], [4, 2, 1], [2, 2, 1]]
42	-4.78208	43.28236	62	37	12	businessII	[[1, 1, 4], [1, 2, 4], [2, 1, 1], [2, 1, 2], [2, 1, 3], [2, 1, 4], [2, 2, 1], [2, 2, 2], [2, 2, 3], [2, 2, 4], [3, 1, 1], [3, 1, 2], [3, 1, 3], [3, 1, 4], [3, 2, 1], [3, 2, 2], [3, 2, 3], [3, 2, 4], [4, 1, 1], [4, 1, 2], [4, 1, 3], [4, 1, 4], [4, 2, 1], [4, 2, 2], [4, 2, 3], [4, 2, 4], [5, 1, 1], [5, 1, 2], [5, 1, 3], [5, 1, 4], [5, 2, 1], [5, 2, 2], [5, 2, 3], [5, 2, 4], [6, 1, 4], [6, 2, 4], [6, 1, 3], 0, [1, 1, 3], [6, 1, 2], [1, 1, 2], [6, 1, 1], [1, 1, 1], [6, 2, 3], [1, 2, 3], [6, 2, 2], [1, 2, 2], [6, 2, 1], [1, 2, 1]]
43	-4.75738	43.294	62	48	12	familyI	[[1, 1, 2], [1, 1, 3], [1, 1, 4], [1, 2, 2], [1, 2, 3], [1, 2, 4], [2, 1, 2], [2, 1, 3], [2, 1, 4], [2, 2, 2], [2, 2, 3], [2, 2, 4], [3, 1, 2], [3, 1, 3], [3, 1, 4], [3, 2, 2], [3, 2, 3], [3, 2, 4], [4, 1, 2], [4, 1, 3], [4, 1, 4], [4, 2, 2], [4, 2, 3], [4, 2, 4], [5, 1, 2], [5, 1, 3], [5, 1, 4], [5, 2, 2], [5, 2, 3], [5, 2, 4], [6, 1, 2], [6, 1, 3], [6, 1, 4], [6, 2, 2], [6, 2, 3], [6, 2, 4], [1, 2, 1], 0, [6, 2, 1], [5, 2, 1], [3, 2, 1], [1, 1, 1], [6, 1, 1], [5, 1, 1], [3, 1, 1], [4, 2, 1], [4, 1, 1], [2, 2, 1], [2, 1, 1]]
44	-4.77777	43.27715	62	44	12	businessII	[[1, 1, 4], [1, 2, 4], [2, 1, 1], [2, 1, 2], [2, 1, 3], [2, 1, 4], [2, 2, 1], [2, 2, 2], [2, 2, 3], [2, 2, 4], [3, 1, 1], [3, 1, 2], [3, 1, 3], [3, 1, 4], [3, 2, 1], [3, 2, 2], [3, 2, 3], [3, 2, 4], [4, 1, 1], [4, 1, 2], [4, 1, 3], [4, 1, 4], [4, 2, 1], [4, 2, 2], [4, 2, 3], [4, 2, 4], [5, 1, 1], [5, 1, 2], [5, 1, 3], [5, 1, 4], [5, 2, 1], [5, 2, 2], [5, 2, 3], [5, 2, 4], [6, 1, 4], [6, 2, 4], [6, 1, 3], 0, [6, 1, 2], [6, 1, 1], [1, 1, 3], [1, 1, 2], [1, 1, 1], [6, 2, 3], [6, 2, 2], [6, 2, 1], [1, 2, 3], [1, 2, 2], [1, 2, 1]]
45	-4.77805	43.2737	62	33	12	pensionerI	[[1, 1, 2], [1, 1, 3], [1, 1, 4], [1, 2, 2], [1, 2, 3], [1, 2, 4], [2, 1, 2], [2, 1, 3], [2, 1, 4], [2, 2, 2], [2, 2, 3], [2, 2, 4], [3, 1, 2], [3, 1, 3], [3, 1, 4], [3, 2, 2], [3, 2, 3], [3, 2, 4], [4, 1, 2], [4, 1, 3], [4, 1, 4], [4, 2, 2], [4, 2, 3], [4, 2, 4], [5, 1, 2], [5, 1, 3], [5, 1, 4], [5, 2, 2], [5, 2, 3], [5, 2, 4], [6, 1, 2], [6, 1, 3], [6, 1, 4], [6, 2, 2], [6, 2, 3], [6, 2, 4], [4, 1, 1], 0, [6, 1, 1], [4, 2, 1], [6, 2, 1], [1, 1, 1], [3, 1, 1], [1, 2, 1], [2, 1, 1], [3, 2, 1], [2, 2, 1], [5, 1, 1], [5, 2, 1]]
46	-4.76304	43.27253	62	62	12	familyII	[[1, 1, 4], [1, 2, 4], [2, 1, 4], [2, 2, 4], [3, 1, 4], [3, 2, 4], [4, 1, 4], [4, 2, 4], [5, 1, 4], [5, 2, 4], [6, 1, 4], [6, 2, 4], [5, 1, 3], 0, [1, 1, 3], [6, 1, 3], [5, 1, 2], [1, 1, 2], [6, 1, 2], [5, 1, 1], [1, 1, 1], [6, 1, 1], [5, 2, 3], [1, 2, 3], [6, 2, 3], [5, 2, 2], [1, 2, 2], [4, 1, 3], [6, 2, 2], [5, 2, 1], [1, 2, 1], [4, 1, 2], [3, 1, 3], [6, 2, 1], [2, 1, 3], [4, 1, 1], [3, 1, 2], [2, 1, 2], [3, 1, 1], [4, 2, 3], [2, 1, 1], [4, 2, 2], [3, 2, 3], [2, 2, 3], [4, 2, 1], [3, 2, 2], [2, 2, 2], [3, 2, 1], [2, 2, 1]]
47	-4.76798	43.27123	62	37	12	pensionerI	[[1, 1, 2], [1, 1, 3], [1, 1, 4], [1, 2, 2], [1, 2, 3], [1, 2, 4], [2, 1, 2], [2, 1, 3], [2, 1, 4], [2, 2, 2], [2, 2, 3], [2, 2, 4], [3, 1, 2], [3, 1, 3], [3, 1, 4], [3, 2, 2], [3, 2, 3], [3, 2, 4], [4, 1, 2], [4, 1, 3], [4, 1, 4], [4, 2, 2], [4, 2, 3], [4, 2, 4], [5, 1, 2], [5, 1, 3], [5, 1, 4], [5, 2, 2], [5, 2, 3], [5, 2, 4], [6, 1, 2], [6, 1, 3], [6, 1, 4], [6, 2, 2], [6, 2, 3], [6, 2, 4], [5, 2, 1], 0, [2, 2, 1], [6, 2, 1], [4, 2, 1], [5, 1, 1], [1, 2, 1], [2, 1, 1], [6, 1, 1], [3, 2, 1], [4, 1, 1], [1, 1, 1], [3, 1, 1]]
48	-4.76814	43.26968	62	77	12	familyI	[[1, 1, 2], [1, 1, 3], [1, 1, 4], [1, 2, 2], [1, 2, 3], [1, 2, 4], [2, 1, 2], [2, 1, 3], [2, 1, 4], [2, 2, 2], [2, 2, 3], [2, 2, 4], [3, 1, 2], [3, 1, 3], [3, 1, 4], [3, 2, 2], [3, 2, 3], [3, 2, 4], [4, 1, 2], [4, 1, 3], [4, 1, 4], [4, 2, 2], [4, 2, 3], [4, 2, 4], [5, 1, 2], [5, 1, 3], [5, 1, 4], [5, 2, 2], [5, 2, 3], [5, 2, 4], [6, 1, 2], [6, 1, 3], [6, 1, 4], [6, 2, 2], [6, 2, 3], [6, 2, 4], [3, 2, 1], 0, [5, 2, 1], [6, 2, 1], [1, 2, 1], [3, 1, 1], [5, 1, 1], [2, 2, 1], [4, 2, 1], [6, 1, 1], [1, 1, 1], [2, 1, 1], [4, 1, 1]]
49	-4.77358	43.2732	62	51	12	businessII	[[1, 1, 4], [1, 2, 4], [2, 1, 1], [2, 1, 2], [2, 1, 3], [2, 1, 4], [2, 2, 1], [2, 2, 2], [2, 2, 3], [2, 2, 4], [3, 1, 1], [3, 1, 2], [3, 1, 3], [3, 1, 4], [3, 2, 1], [3, 2, 2], [3, 2, 3], [3, 2, 4], [4, 1, 1], [4, 1, 2], [4, 1, 3], [4, 1, 4], [4, 2, 1], [4, 2, 2], [4, 2, 3], [4, 2, 4], [5, 1, 1], [5, 1, 2], [5, 1, 3], [5, 1, 4], [5, 2, 1], [5, 2, 2], [5, 2, 3], [5, 2, 4], [6, 1, 4], [6, 2, 4], [6, 1, 3], 0, [6, 1, 2], [1, 1, 3], [6, 1, 1], [1, 1, 2], [1, 1, 1], [6, 2, 3], [6, 2, 2], [1, 2, 3], [6, 2, 1], [1, 2, 2], [1, 2, 1]]
50	-4.77419	43.27383	62	43	12	businessI	[[1, 1, 4], [1, 2, 4], [2, 1, 4], [2, 2, 4], [3, 1, 1], [3, 1, 2], [3, 1, 3], [3, 1, 4], [3, 2, 1], [3, 2, 2], [3, 2, 3], [3, 2, 4], [4, 1, 1], [4, 1, 2], [4, 1, 3], [4, 1, 4], [4, 2, 1], [4, 2, 2], [4, 2, 3], [4, 2, 4], [5, 1, 4], [5, 2, 4], [6, 1, 4], [6, 2, 4], [5, 2, 3], 0, [5, 2, 2], [1, 2, 3], [2, 2, 3], [5, 2, 1], [1, 2, 2], [2, 2, 2], [1, 2, 1], [6, 2, 3], [2, 2, 1], [6, 2, 2], [6, 2, 1], [5, 1, 3], [5, 1, 2], [1, 1, 3], [2, 1, 3], [5, 1, 1], [1, 1, 2], [2, 1, 2], [1, 1, 1], [6, 1, 3], [2, 1, 1], [6, 1, 2], [6, 1, 1]]
51	-4.76666	43.27691	62	80	12	familyI	[[1, 1, 2], [1, 1, 3], [1, 1, 4], [1, 2, 2], [1, 2, 3], [1, 2, 4], [2, 1, 2], [2, 1, 3], [2, 1, 4], [2, 2, 2], [2, 2, 3], [2, 2, 4], [3, 1, 2], [3, 1, 3], [3, 1, 4], [3, 2, 2], [3, 2, 3], [3, 2, 4], [4, 1, 2], [4, 1, 3], [4, 1, 4], [4, 2, 2], [4, 2, 3], [4, 2, 4], [5, 1, 2], [5, 1, 3], [5, 1, 4], [5, 2, 2], [5, 2, 3], [5, 2, 4], [6, 1, 2], [6, 1, 3], [6, 1, 4], [6, 2, 2], [6, 2, 3], [6, 2, 4], [1, 2, 1], 0, [5, 2, 1], [3, 2, 1], [6, 2, 1], [1, 1, 1], [4, 2, 1], [5, 1, 1], [2, 2, 1], [3, 1, 1], [6, 1, 1], [4, 1, 1], [2, 1, 1]]
52	-4.76999	43.2882	62	68	12	familyI	[[1, 1, 2], [1, 1, 3], [1, 1, 4], [1, 2, 2], [1, 2, 3], [1, 2, 4], [2, 1, 2], [2, 1, 3], [2, 1, 4], [2, 2, 2], [2, 2, 3], [2, 2, 4], [3, 1, 2], [3, 1, 3], [3, 1, 4], [3, 2, 2], [3, 2, 3], [3, 2, 4], [4, 1, 2], [4, 1, 3], [4, 1, 4], [4, 2, 2], [4, 2, 3], [4, 2, 4], [5, 1, 2], [5, 1, 3], [5, 1, 4], [5, 2, 2], [5, 2, 3], [5, 2, 4], [6, 1, 2], [6, 1, 3], [6, 1, 4], [6, 2, 2], [6, 2, 3], [6, 2, 4], [5, 2, 1], 0, [3, 2, 1], [1, 2, 1], [6, 2, 1], [5, 1, 1], [3, 1, 1], [1, 1, 1], [6, 1, 1], [2, 2, 1], [4, 2, 1], [2, 1, 1], [4, 1, 1]]
53	-4.76849	43.28622	62	35	12	businessII	[[1, 1, 4], [1, 2, 4], [2, 1, 1], [2, 1, 2], [2, 1, 3], [2, 1, 4], [2, 2, 1], [2, 2, 2], [2, 2, 3], [2, 2, 4], [3, 1, 1], [3, 1, 2], [3, 1, 3], [3, 1, 4], [3, 2, 1], [3, 2, 2], [3, 2, 3], [3, 2, 4], [4, 1, 1], [4, 1, 2], [4, 1, 3], [4, 1, 4], [4, 2, 1], [4, 2, 2], [4, 2, 3], [4, 2, 4], [5, 1, 1], [5, 1, 2], [5, 1, 3], [5, 1, 4], [5, 2, 1], [5, 2, 2], [5, 2, 3], [5, 2, 4], [6, 1, 4], [6, 2, 4], [1, 2, 3], 0, [1, 1, 3], [1, 2, 2], [1, 1, 2], [1, 2, 1], [1, 1, 1], [6, 2, 3], [6, 1, 3], [6, 2, 2], [6, 1, 2], [6, 2, 1], [6, 1, 1]]
54	-4.77743	43.30229	62	68	12	familyII	[[1, 1, 4], [1, 2, 4], [2, 1, 4], [2, 2, 4], [3, 1, 4], [3, 2, 4], [4, 1, 4], [4, 2, 4], [5, 1, 4], [5, 2, 4], [6, 1, 4], [6, 2, 4], [6, 2, 3], 0, [5, 2, 3], [6, 2, 2], [5, 2, 2], [6, 2, 1], [5, 2, 1], [1, 2, 3], [1, 2, 2], [1, 2, 1], [2, 2, 3], [6, 1, 3], [5, 1, 3], [3, 2, 3], [4, 2, 3], [2, 2, 2], [6, 1, 2], [5, 1, 2], [3, 2, 2], [4, 2, 2], [2, 2, 1], [6, 1, 1], [5, 1, 1], [1, 1, 3], [3, 2, 1], [4, 2, 1], [1, 1, 2], [1, 1, 1], [2, 1, 3], [3, 1, 3], [4, 1, 3], [2, 1, 2], [3, 1, 2], [4, 1, 2], [2, 1, 1], [3, 1, 1], [4, 1, 1]]
55	-4.76468	43.31687	52	28	12	pensionerII	[[1, 1, 3], [1, 1, 4], [1, 2, 3], [1, 2, 4], [2, 1, 3], [2, 1, 4], [2, 2, 3], [2, 2, 4], [3, 1, 3], [3, 1, 4], [3, 2, 3], [3, 2, 4], [4, 1, 3], [4, 1, 4], [4, 2, 3], [4, 2, 4], [5, 1, 3], [5, 1, 4], [5, 2, 3], [5, 2, 4], [6, 1, 3], [6, 1, 4], [6, 2, 3], [6, 2, 4], [6, 2, 2], 0, [6, 2, 1], [2, 2, 2], [2, 2, 1], [5, 2, 2], [5, 2, 1], [6, 1, 2], [6, 1, 1], [4, 2, 2], [4, 2, 1], [2, 1, 2], [3, 2, 2], [2, 1, 1], [3, 2, 1], [1, 2, 2], [1, 2, 1], [5, 1, 2], [5, 1, 1], [4, 1, 2], [4, 1, 1], [3, 1, 2], [3, 1, 1], [1, 1, 2], [1, 1, 1]]
56	-4.77118	43.27539	62	37	12	businessI	[[1, 1, 4], [1, 2, 4], [2, 1, 4], [2, 2, 4], [3, 1, 1], [3, 1, 2], [3, 1, 3], [3, 1, 4], [3, 2, 1], [3, 2, 2], [3, 2, 3], [3, 2, 4], [4, 1, 1], [4, 1, 2], [4, 1, 3], [4, 1, 4], [4, 2, 1], [4, 2, 2], [4, 2, 3], [4, 2, 4], [5, 1, 4], [5, 2, 4], [6, 1, 4], [6, 2, 4], [2, 2, 3], 0, [6, 2, 3], [2, 2, 2], [6, 2, 2], [2, 2, 1], [6, 2, 1], [1, 2, 3], [1, 2, 2], [1, 2, 1], [5, 2, 3], [5, 2, 2], [5, 2, 1], [2, 1, 3], [6, 1, 3], [2, 1, 2], [6, 1, 2], [2, 1, 1], [6, 1, 1], [1, 1, 3], [1, 1, 2], [1, 1, 1], [5, 1, 3], [5, 1, 2], [5, 1, 1]]
57	-4.77097	43.36346	52	24	12	pensionerI	[[1, 1, 2], [1, 1, 3], [1, 1, 4], [1, 2, 2], [1, 2, 3], [1, 2, 4], [2, 1, 2], [2, 1, 3], [2, 1, 4], [2, 2, 2], [2, 2, 3], [2, 2, 4], [3, 1, 2], [3, 1, 3], [3, 1, 4], [3, 2, 2], [3, 2, 3], [3, 2, 4], [4, 1, 2], [4, 1, 3], [4, 1, 4], [4, 2, 2], [4, 2, 3], [4, 2, 4], [5, 1, 2], [5, 1, 3], [5, 1, 4], [5, 2, 2], [5, 2, 3], [5, 2, 4], [6, 1, 2], [6, 1, 3], [6, 1, 4], [6, 2, 2], [6, 2, 3], [6, 2, 4], [2, 1, 1], 0, [5, 1, 1], [1, 1, 1], [6, 1, 1], [2, 2, 1], [5, 2, 1], [4, 1, 1], [3, 1, 1], [1, 2, 1], [6, 2, 1], [4, 2, 1], [3, 2, 1]]
58	-4.77339	43.33029	52	45	12	familyII	[[1, 1, 4], [1, 2, 4], [2, 1, 4], [2, 2, 4], [3, 1, 4], [3, 2, 4], [4, 1, 4], [4, 2, 4], [5, 1, 4], [5, 2, 4], [6, 1, 4], [6, 2, 4], [6, 1, 3], 0, [1, 1, 3], [5, 1, 3], [6, 1, 2], [1, 1, 2], [5, 1, 2], [6, 1, 1], [1, 1, 1], [5, 1, 1], [2, 1, 3], [3, 1, 3], [6, 2, 3], [1, 2, 3], [5, 2, 3], [2, 1, 2], [3, 1, 2], [6, 2, 2], [1, 2, 2], [4, 1, 3], [5, 2, 2], [2, 1, 1], [3, 1, 1], [6, 2, 1], [1, 2, 1], [4, 1, 2], [5, 2, 1], [4, 1, 1], [2, 2, 3], [3, 2, 3], [2, 2, 2], [3, 2, 2], [4, 2, 3], [2, 2, 1], [3, 2, 1], [4, 2, 2], [4, 2, 1]]
59	-4.76963	43.32971	52	38	12	businessII	[[1, 1, 4], [1, 2, 4], [2, 1, 1], [2, 1, 2], [2, 1, 3], [2, 1, 4], [2, 2, 1], [2, 2, 2], [2, 2, 3], [2, 2, 4], [3, 1, 1], [3, 1, 2], [3, 1, 3], [3, 1, 4], [3, 2, 1], [3, 2, 2], [3, 2, 3], [3, 2, 4], [4, 1, 1], [4, 1, 2], [4, 1, 3], [4, 1, 4], [4, 2, 1], [4, 2, 2], [4, 2, 3], [4, 2, 4], [5, 1, 1], [5, 1, 2], [5, 1, 3], [5, 1, 4], [5, 2, 1], [5, 2, 2], [5, 2, 3], [5, 2, 4], [6, 1, 4], [6, 2, 4], [6, 1, 3], 0, [6, 1, 2], [6, 1, 1], [1, 1, 3], [1, 1, 2], [1, 1, 1], [6, 2, 3], [6, 2, 2], [6, 2, 1], [1, 2, 3], [1, 2, 2], [1, 2, 1]]
60	-4.76816	43.34206	52	24	12	pensionerII	[[1, 1, 3], [1, 1, 4], [1, 2, 3], [1, 2, 4], [2, 1, 3], [2, 1, 4], [2, 2, 3], [2, 2, 4], [3, 1, 3], [3, 1, 4], [3, 2, 3], [3, 2, 4], [4, 1, 3], [4, 1, 4], [4, 2, 3], [4, 2, 4], [5, 1, 3], [5, 1, 4], [5, 2, 3], [5, 2, 4], [6, 1, 3], [6, 1, 4], [6, 2, 3], [6, 2, 4], [2, 2, 2], 0, [2, 2, 1], [5, 2, 2], [5, 2, 1], [6, 2, 2], [6, 2, 1], [2, 1, 2], [2, 1, 1], [5, 1, 2], [5, 1, 1], [6, 1, 2], [6, 1, 1], [4, 2, 2], [4, 2, 1], [3, 2, 2], [3, 2, 1], [4, 1, 2], [4, 1, 1], [3, 1, 2], [3, 1, 1], [1, 2, 2], [1, 2, 1], [1, 1, 2], [1, 1, 1]]
61	-4.75517	43.34746	52	49	12	businessII	[[1, 1, 4], [1, 2, 4], [2, 1, 1], [2, 1, 2], [2, 1, 3], [2, 1, 4], [2, 2, 1], [2, 2, 2], [2, 2, 3], [2, 2, 4], [3, 1, 1], [3, 1, 2], [3, 1, 3], [3, 1, 4], [3, 2, 1], [3, 2, 2], [3, 2, 3], [3, 2, 4], [4, 1, 1], [4, 1, 2], [4, 1, 3], [4, 1, 4], [4, 2, 1], [4, 2, 2], [4, 2, 3], [4, 2, 4], [5, 1, 1], [5, 1, 2], [5, 1, 3], [5, 1, 4], [5, 2, 1], [5, 2, 2], [5, 2, 3], [5, 2, 4], [6, 1, 4], [6, 2, 4], [6, 2, 3], 0, [6, 2, 2], [6, 2, 1], [1, 2, 3], [1, 2, 2], [1, 2, 1], [6, 1, 3], [6, 1, 2], [6, 1, 1], [1, 1, 3], [1, 1, 2], [1, 1, 1]]
62	-4.75403	43.33541	52	63	12	familyII	[[1, 1, 4], [1, 2, 4], [2, 1, 4], [2, 2, 4], [3, 1, 4], [3, 2, 4], [4, 1, 4], [4, 2, 4], [5, 1, 4], [5, 2, 4], [6, 1, 4], [6, 2, 4], [5, 1, 3], 0, [1, 1, 3], [6, 1, 3], [5, 1, 2], [1, 1, 2], [6, 1, 2], [5, 1, 1], [1, 1, 1], [6, 1, 1], [2, 1, 3], [3, 1, 3], [5, 2, 3], [2, 1, 2], [4, 1, 3], [1, 2, 3], [3, 1, 2], [6, 2, 3], [5, 2, 2], [2, 1, 1], [4, 1, 2], [1, 2, 2], [3, 1, 1], [6, 2, 2], [5, 2, 1], [4, 1, 1], [1, 2, 1], [6, 2, 1], [2, 2, 3], [3, 2, 3], [2, 2, 2], [4, 2, 3], [3, 2, 2], [2, 2, 1], [4, 2, 2], [3, 2, 1], [4, 2, 1]]
63	-4.76482	43.32982	52	53	12	businessI	[[1, 1, 4], [1, 2, 4], [2, 1, 4], [2, 2, 4], [3, 1, 1], [3, 1, 2], [3, 1, 3], [3, 1, 4], [3, 2, 1], [3, 2, 2], [3, 2, 3], [3, 2, 4], [4, 1, 1], [4, 1, 2], [4, 1, 3], [4, 1, 4], [4, 2, 1], [4, 2, 2], [4, 2, 3], [4, 2, 4], [5, 1, 4], [5, 2, 4], [6, 1, 4], [6, 2, 4], [1, 1, 3], 0, [1, 1, 2], [6, 1, 3], [1, 1, 1], [6, 1, 2], [5, 1, 3], [6, 1, 1], [5, 1, 2], [2, 1, 3], [5, 1, 1], [2, 1, 2], [2, 1, 1], [1, 2, 3], [1, 2, 2], [6, 2, 3], [1, 2, 1], [6, 2, 2], [5, 2, 3], [6, 2, 1], [5, 2, 2], [2, 2, 3], [5, 2, 1], [2, 2, 2], [2, 2, 1]]
64	-4.78631	43.35107	52	42	12	businessI	[[1, 1, 4], [1, 2, 4], [2, 1, 4], [2, 2, 4], [3, 1, 1], [3, 1, 2], [3, 1, 3], [3, 1, 4], [3, 2, 1], [3, 2, 2], [3, 2, 3], [3, 2, 4], [4, 1, 1], [4, 1, 2], [4, 1, 3], [4, 1, 4], [4, 2, 1], [4, 2, 2], [4, 2, 3], [4, 2, 4], [5, 1, 4], [5, 2, 4], [6, 1, 4], [6, 2, 4], [1, 2, 3], 0, [6, 2, 3], [1, 2, 2], [6, 2, 2], [1, 2, 1], [6, 2, 1], [5, 2, 3], [5, 2, 2], [5, 2, 1], [2, 2, 3], [2, 2, 2], [2, 2, 1], [1, 1, 3], [6, 1, 3], [1, 1, 2], [6, 1, 2], [1, 1, 1], [6, 1, 1], [5, 1, 3], [5, 1, 2], [5, 1, 1], [2, 1, 3], [2, 1, 2], [2, 1, 1]]
65	-4.78611	43.34523	52	66	12	familyII	[[1, 1, 4], [1, 2, 4], [2, 1, 4], [2, 2, 4], [3, 1, 4], [3, 2, 4], [4, 1, 4], [4, 2, 4], [5, 1, 4], [5, 2, 4], [6, 1, 4], [6, 2, 4], [6, 1, 3], 0, [5, 1, 3], [1, 1, 3], [6, 1, 2], [5, 1, 2], [1, 1, 2], [6, 1, 1], [5, 1, 1], [1, 1, 1], [3, 1, 3], [6, 2, 3], [4, 1, 3], [3, 1, 2], [5, 2, 3], [1, 2, 3], [6, 2, 2], [4, 1, 2], [3, 1, 1], [5, 2, 2], [1, 2, 2], [6, 2, 1], [2, 1, 3], [4, 1, 1], [5, 2, 1], [1, 2, 1], [2, 1, 2], [2, 1, 1], [3, 2, 3], [4, 2, 3], [3, 2, 2], [4, 2, 2], [3, 2, 1], [2, 2, 3], [4, 2, 1], [2, 2, 2], [2, 2, 1]]
66	-4.83681	43.37637	47	48	12	businessI	[[1, 1, 4], [1, 2, 4], [2, 1, 4], [2, 2, 4], [3, 1, 1], [3, 1, 2], [3, 1, 3], [3, 1, 4], [3, 2, 1], [3, 2, 2], [3, 2, 3], [3, 2, 4], [4, 1, 1], [4, 1, 2], [4, 1, 3], [4, 1, 4], [4, 2, 1], [4, 2, 2], [4, 2, 3], [4, 2, 4], [5, 1, 4], [5, 2, 4], [6, 1, 4], [6, 2, 4], [1, 1, 3], 0, [1, 1, 2], [1, 1, 1], [2, 1, 3], [2, 1, 2], [5, 1, 3], [2, 1, 1], [5, 1, 2], [5, 1, 1], [6, 1, 3], [6, 1, 2], [6, 1, 1], [1, 2, 3], [1, 2, 2], [1, 2, 1], [2, 2, 3], [2, 2, 2], [5, 2, 3], [2, 2, 1], [5, 2, 2], [5, 2, 1], [6, 2, 3], [6, 2, 2], [6, 2, 1]]
67	-4.8357	43.38032	47	35	12	businessII	[[1, 1, 4], [1, 2, 4], [2, 1, 1], [2, 1, 2], [2, 1, 3], [2, 1, 4], [2, 2, 1], [2, 2, 2], [2, 2, 3], [2, 2, 4], [3, 1, 1], [3, 1, 2], [3, 1, 3], [3, 1, 4], [3, 2, 1], [3, 2, 2], [3, 2, 3], [3, 2, 4], [4, 1, 1], [4, 1, 2], [4, 1, 3], [4, 1, 4], [4, 2, 1], [4, 2, 2], [4, 2, 3], [4, 2, 4], [5, 1, 1], [5, 1, 2], [5, 1, 3], [5, 1, 4], [5, 2, 1], [5, 2, 2], [5, 2, 3], [5, 2, 4], [6, 1, 4], [6, 2, 4], [6, 2, 3], 0, [6, 2, 2], [6, 2, 1], [1, 2, 3], [1, 2, 2], [1, 2, 1], [6, 1, 3], [6, 1, 2], [6, 1, 1], [1, 1, 3], [1, 1, 2], [1, 1, 1]]
68	-4.80245	43.36524	47	62	12	familyI	[[1, 1, 2], [1, 1, 3], [1, 1, 4], [1, 2, 2], [1, 2, 3], [1, 2, 4], [2, 1, 2], [2, 1, 3], [2, 1, 4], [2, 2, 2], [2, 2, 3], [2, 2, 4], [3, 1, 2], [3, 1, 3], [3, 1, 4], [3, 2, 2], [3, 2, 3], [3, 2, 4], [4, 1, 2], [4, 1, 3], [4, 1, 4], [4, 2, 2], [4, 2, 3], [4, 2, 4], [5, 1, 2], [5, 1, 3], [5, 1, 4], [5, 2, 2], [5, 2, 3], [5, 2, 4], [6, 1, 2], [6, 1, 3], [6, 1, 4], [6, 2, 2], [6, 2, 3], [6, 2, 4], [1, 1, 1], 0, [6, 1, 1], [3, 1, 1], [5, 1, 1], [1, 2, 1], [4, 1, 1], [2, 1, 1], [6, 2, 1], [3, 2, 1], [5, 2, 1], [4, 2, 1], [2, 2, 1]]
69	-4.80332	43.36925	47	48	12	familyII	[[1, 1, 4], [1, 2, 4], [2, 1, 4], [2, 2, 4], [3, 1, 4], [3, 2, 4], [4, 1, 4], [4, 2, 4], [5, 1, 4], [5, 2, 4], [6, 1, 4], [6, 2, 4], [6, 2, 3], 0, [5, 2, 3], [1, 2, 3], [6, 2, 2], [5, 2, 2], [1, 2, 2], [6, 2, 1], [6, 1, 3], [5, 2, 1], [1, 2, 1], [5, 1, 3], [1, 1, 3], [6, 1, 2], [5, 1, 2], [1, 1, 2], [6, 1, 1], [5, 1, 1], [1, 1, 1], [4, 2, 3], [2, 2, 3], [4, 2, 2], [3, 2, 3], [2, 2, 2], [4, 2, 1], [4, 1, 3], [3, 2, 2], [2, 2, 1], [2, 1, 3], [4, 1, 2], [3, 2, 1], [3, 1, 3], [2, 1, 2], [4, 1, 1], [3, 1, 2], [2, 1, 1], [3, 1, 1]]
70	-4.80053	43.35741	52	43	12	businessI	[[1, 1, 4], [1, 2, 4], [2, 1, 4], [2, 2, 4], [3, 1, 1], [3, 1, 2], [3, 1, 3], [3, 1, 4], [3, 2, 1], [3, 2, 2], [3, 2, 3], [3, 2, 4], [4, 1, 1], [4, 1, 2], [4, 1, 3], [4, 1, 4], [4, 2, 1], [4, 2, 2], [4, 2, 3], [4, 2, 4], [5, 1, 4], [5, 2, 4], [6, 1, 4], [6, 2, 4], [6, 2, 3], 0, [1, 2, 3], [6, 2, 2], [1, 2, 2], [6, 2, 1], [1, 2, 1], [2, 2, 3], [2, 2, 2], [2, 2, 1], [5, 2, 3], [5, 2, 2], [5, 2, 1], [6, 1, 3], [1, 1, 3], [6, 1, 2], [1, 1, 2], [6, 1, 1], [1, 1, 1], [2, 1, 3], [2, 1, 2], [2, 1, 1], [5, 1, 3], [5, 1, 2], [5, 1, 1]]
71	-4.81313	43.37363	47	38	12	businessI	[[1, 1, 4], [1, 2, 4], [2, 1, 4], [2, 2, 4], [3, 1, 1], [3, 1, 2], [3, 1, 3], [3, 1, 4], [3, 2, 1], [3, 2, 2], [3, 2, 3], [3, 2, 4], [4, 1, 1], [4, 1, 2], [4, 1, 3], [4, 1, 4], [4, 2, 1], [4, 2, 2], [4, 2, 3], [4, 2, 4], [5, 1, 4], [5, 2, 4], [6, 1, 4], [6, 2, 4], [5, 1, 3], 0, [5, 1, 2], [5, 1, 1], [1, 1, 3], [1, 1, 2], [1, 1, 1], [5, 2, 3], [5, 2, 2], [5, 2, 1], [6, 1, 3], [6, 1, 2], [2, 1, 3], [6, 1, 1], [2, 1, 2], [1, 2, 3], [2, 1, 1], [1, 2, 2], [1, 2, 1], [6, 2, 3], [6, 2, 2], [2, 2, 3], [6, 2, 1], [2, 2, 2], [2, 2, 1]]
72	-4.83534	43.36724	47	64	12	familyII	[[1, 1, 4], [1, 2, 4], [2, 1, 4], [2, 2, 4], [3, 1, 4], [3, 2, 4], [4, 1, 4], [4, 2, 4], [5, 1, 4], [5, 2, 4], [6, 1, 4], [6, 2, 4], [1, 1, 3], 0, [6, 1, 3], [5, 1, 3], [1, 1, 2], [6, 1, 2], [5, 1, 2], [1, 1, 1], [6, 1, 1], [5, 1, 1], [3, 1, 3], [2, 1, 3], [1, 2, 3], [6, 2, 3], [5, 2, 3], [3, 1, 2], [2, 1, 2], [1, 2, 2], [6, 2, 2], [5, 2, 2], [3, 1, 1], [2, 1, 1], [1, 2, 1], [6, 2, 1], [5, 2, 1], [4, 1, 3], [4, 1, 2], [3, 2, 3], [2, 2, 3], [4, 1, 1], [3, 2, 2], [2, 2, 2], [3, 2, 1], [2, 2, 1], [4, 2, 3], [4, 2, 2], [4, 2, 1]]