S3n72d2w6-120p5-4-8c6_1679308116

DAYS
2

WINDOWS
1	480	600
2	600	720
3	720	840
4	840	960
5	960	1080
6	1080	1200

FEES
1	5
2	6
3	7
4	8

CLUSTERS
CLUST NO.	LONCOORD.	LATCOORD.

47	-4.82743	43.36927
51	-4.87416	43.3423
52	-4.7807	43.3423
57	-4.82743	43.31532
61	-4.87416	43.28834
62	-4.7807	43.28834

CUSTOMERS
CUST NO.	LONCOORD.	LATCOORD.	CLUST NO.	BASKET.	SERVICE TIME.	SEGMENT.	PREF LIST.
0	-4.82743	43.31532	0	0	0	0	0
1	-4.80992	43.29806	57	36	12	pensionerI	[[1, 1, 2], [1, 1, 3], [1, 1, 4], [1, 2, 2], [1, 2, 3], [1, 2, 4], [2, 1, 2], [2, 1, 3], [2, 1, 4], [2, 2, 2], [2, 2, 3], [2, 2, 4], [3, 1, 2], [3, 1, 3], [3, 1, 4], [3, 2, 2], [3, 2, 3], [3, 2, 4], [4, 1, 2], [4, 1, 3], [4, 1, 4], [4, 2, 2], [4, 2, 3], [4, 2, 4], [5, 1, 2], [5, 1, 3], [5, 1, 4], [5, 2, 2], [5, 2, 3], [5, 2, 4], [6, 1, 2], [6, 1, 3], [6, 1, 4], [6, 2, 2], [6, 2, 3], [6, 2, 4], [6, 1, 1], 0, [2, 1, 1], [5, 1, 1], [1, 1, 1], [4, 1, 1], [6, 2, 1], [2, 2, 1], [5, 2, 1], [1, 2, 1], [4, 2, 1], [3, 1, 1], [3, 2, 1]]
2	-4.83977	43.29197	57	54	12	businessI	[[1, 1, 4], [1, 2, 4], [2, 1, 4], [2, 2, 4], [3, 1, 1], [3, 1, 2], [3, 1, 3], [3, 1, 4], [3, 2, 1], [3, 2, 2], [3, 2, 3], [3, 2, 4], [4, 1, 1], [4, 1, 2], [4, 1, 3], [4, 1, 4], [4, 2, 1], [4, 2, 2], [4, 2, 3], [4, 2, 4], [5, 1, 4], [5, 2, 4], [6, 1, 4], [6, 2, 4], [2, 2, 3], 0, [2, 2, 2], [2, 2, 1], [1, 2, 3], [1, 2, 2], [1, 2, 1], [5, 2, 3], [5, 2, 2], [5, 2, 1], [6, 2, 3], [6, 2, 2], [6, 2, 1], [2, 1, 3], [2, 1, 2], [2, 1, 1], [1, 1, 3], [1, 1, 2], [1, 1, 1], [5, 1, 3], [5, 1, 2], [5, 1, 1], [6, 1, 3], [6, 1, 2], [6, 1, 1]]
3	-4.8482	43.291	61	37	12	businessI	[[1, 1, 4], [1, 2, 4], [2, 1, 4], [2, 2, 4], [3, 1, 1], [3, 1, 2], [3, 1, 3], [3, 1, 4], [3, 2, 1], [3, 2, 2], [3, 2, 3], [3, 2, 4], [4, 1, 1], [4, 1, 2], [4, 1, 3], [4, 1, 4], [4, 2, 1], [4, 2, 2], [4, 2, 3], [4, 2, 4], [5, 1, 4], [5, 2, 4], [6, 1, 4], [6, 2, 4], [2, 1, 3], 0, [5, 1, 3], [6, 1, 3], [2, 1, 2], [5, 1, 2], [1, 1, 3], [6, 1, 2], [2, 1, 1], [5, 1, 1], [1, 1, 2], [6, 1, 1], [1, 1, 1], [2, 2, 3], [5, 2, 3], [6, 2, 3], [2, 2, 2], [5, 2, 2], [1, 2, 3], [6, 2, 2], [2, 2, 1], [5, 2, 1], [1, 2, 2], [6, 2, 1], [1, 2, 1]]
4	-4.8446	43.2939	57	26	12	pensionerII	[[1, 1, 3], [1, 1, 4], [1, 2, 3], [1, 2, 4], [2, 1, 3], [2, 1, 4], [2, 2, 3], [2, 2, 4], [3, 1, 3], [3, 1, 4], [3, 2, 3], [3, 2, 4], [4, 1, 3], [4, 1, 4], [4, 2, 3], [4, 2, 4], [5, 1, 3], [5, 1, 4], [5, 2, 3], [5, 2, 4], [6, 1, 3], [6, 1, 4], [6, 2, 3], [6, 2, 4], [6, 1, 2], 0, [6, 1, 1], [5, 1, 2], [6, 2, 2], [5, 1, 1], [2, 1, 2], [6, 2, 1], [2, 1, 1], [5, 2, 2], [5, 2, 1], [2, 2, 2], [2, 2, 1], [1, 1, 2], [1, 1, 1], [3, 1, 2], [4, 1, 2], [3, 1, 1], [4, 1, 1], [1, 2, 2], [1, 2, 1], [3, 2, 2], [4, 2, 2], [3, 2, 1], [4, 2, 1]]
5	-4.81126	43.29832	57	62	12	familyI	[[1, 1, 2], [1, 1, 3], [1, 1, 4], [1, 2, 2], [1, 2, 3], [1, 2, 4], [2, 1, 2], [2, 1, 3], [2, 1, 4], [2, 2, 2], [2, 2, 3], [2, 2, 4], [3, 1, 2], [3, 1, 3], [3, 1, 4], [3, 2, 2], [3, 2, 3], [3, 2, 4], [4, 1, 2], [4, 1, 3], [4, 1, 4], [4, 2, 2], [4, 2, 3], [4, 2, 4], [5, 1, 2], [5, 1, 3], [5, 1, 4], [5, 2, 2], [5, 2, 3], [5, 2, 4], [6, 1, 2], [6, 1, 3], [6, 1, 4], [6, 2, 2], [6, 2, 3], [6, 2, 4], [6, 2, 1], 0, [3, 2, 1], [5, 2, 1], [1, 2, 1], [6, 1, 1], [3, 1, 1], [5, 1, 1], [1, 1, 1], [2, 2, 1], [4, 2, 1], [2, 1, 1], [4, 1, 1]]
6	-4.79682	43.30983	62	48	12	businessII	[[1, 1, 4], [1, 2, 4], [2, 1, 1], [2, 1, 2], [2, 1, 3], [2, 1, 4], [2, 2, 1], [2, 2, 2], [2, 2, 3], [2, 2, 4], [3, 1, 1], [3, 1, 2], [3, 1, 3], [3, 1, 4], [3, 2, 1], [3, 2, 2], [3, 2, 3], [3, 2, 4], [4, 1, 1], [4, 1, 2], [4, 1, 3], [4, 1, 4], [4, 2, 1], [4, 2, 2], [4, 2, 3], [4, 2, 4], [5, 1, 1], [5, 1, 2], [5, 1, 3], [5, 1, 4], [5, 2, 1], [5, 2, 2], [5, 2, 3], [5, 2, 4], [6, 1, 4], [6, 2, 4], [1, 2, 3], 0, [1, 2, 2], [1, 2, 1], [6, 2, 3], [6, 2, 2], [6, 2, 1], [1, 1, 3], [1, 1, 2], [1, 1, 1], [6, 1, 3], [6, 1, 2], [6, 1, 1]]
7	-4.79934	43.30477	62	45	12	businessII	[[1, 1, 4], [1, 2, 4], [2, 1, 1], [2, 1, 2], [2, 1, 3], [2, 1, 4], [2, 2, 1], [2, 2, 2], [2, 2, 3], [2, 2, 4], [3, 1, 1], [3, 1, 2], [3, 1, 3], [3, 1, 4], [3, 2, 1], [3, 2, 2], [3, 2, 3], [3, 2, 4], [4, 1, 1], [4, 1, 2], [4, 1, 3], [4, 1, 4], [4, 2, 1], [4, 2, 2], [4, 2, 3], [4, 2, 4], [5, 1, 1], [5, 1, 2], [5, 1, 3], [5, 1, 4], [5, 2, 1], [5, 2, 2], [5, 2, 3], [5, 2, 4], [6, 1, 4], [6, 2, 4], [6, 1, 3], 0, [6, 1, 2], [6, 1, 1], [6, 2, 3], [6, 2, 2], [6, 2, 1], [1, 1, 3], [1, 1, 2], [1, 1, 1], [1, 2, 3], [1, 2, 2], [1, 2, 1]]
8	-4.80092	43.30236	62	70	12	familyII	[[1, 1, 4], [1, 2, 4], [2, 1, 4], [2, 2, 4], [3, 1, 4], [3, 2, 4], [4, 1, 4], [4, 2, 4], [5, 1, 4], [5, 2, 4], [6, 1, 4], [6, 2, 4], [1, 1, 3], 0, [6, 1, 3], [5, 1, 3], [1, 1, 2], [6, 1, 2], [1, 2, 3], [6, 2, 3], [5, 1, 2], [1, 1, 1], [6, 1, 1], [5, 2, 3], [1, 2, 2], [6, 2, 2], [5, 1, 1], [5, 2, 2], [1, 2, 1], [6, 2, 1], [5, 2, 1], [2, 1, 3], [2, 1, 2], [4, 1, 3], [3, 1, 3], [2, 2, 3], [2, 1, 1], [4, 1, 2], [3, 1, 2], [2, 2, 2], [4, 2, 3], [4, 1, 1], [3, 2, 3], [3, 1, 1], [2, 2, 1], [4, 2, 2], [3, 2, 2], [4, 2, 1], [3, 2, 1]]
9	-4.85919	43.3283	51	60	12	familyI	[[1, 1, 2], [1, 1, 3], [1, 1, 4], [1, 2, 2], [1, 2, 3], [1, 2, 4], [2, 1, 2], [2, 1, 3], [2, 1, 4], [2, 2, 2], [2, 2, 3], [2, 2, 4], [3, 1, 2], [3, 1, 3], [3, 1, 4], [3, 2, 2], [3, 2, 3], [3, 2, 4], [4, 1, 2], [4, 1, 3], [4, 1, 4], [4, 2, 2], [4, 2, 3], [4, 2, 4], [5, 1, 2], [5, 1, 3], [5, 1, 4], [5, 2, 2], [5, 2, 3], [5, 2, 4], [6, 1, 2], [6, 1, 3], [6, 1, 4], [6, 2, 2], [6, 2, 3], [6, 2, 4], [6, 1, 1], 0, [5, 1, 1], [3, 1, 1], [1, 1, 1], [6, 2, 1], [5, 2, 1], [2, 1, 1], [4, 1, 1], [3, 2, 1], [1, 2, 1], [2, 2, 1], [4, 2, 1]]
10	-4.86445	43.33779	51	50	12	businessI	[[1, 1, 4], [1, 2, 4], [2, 1, 4], [2, 2, 4], [3, 1, 1], [3, 1, 2], [3, 1, 3], [3, 1, 4], [3, 2, 1], [3, 2, 2], [3, 2, 3], [3, 2, 4], [4, 1, 1], [4, 1, 2], [4, 1, 3], [4, 1, 4], [4, 2, 1], [4, 2, 2], [4, 2, 3], [4, 2, 4], [5, 1, 4], [5, 2, 4], [6, 1, 4], [6, 2, 4], [1, 1, 3], 0, [1, 1, 2], [1, 1, 1], [6, 1, 3], [6, 1, 2], [6, 1, 1], [2, 1, 3], [5, 1, 3], [2, 1, 2], [5, 1, 2], [2, 1, 1], [5, 1, 1], [1, 2, 3], [1, 2, 2], [1, 2, 1], [6, 2, 3], [6, 2, 2], [6, 2, 1], [2, 2, 3], [5, 2, 3], [2, 2, 2], [5, 2, 2], [2, 2, 1], [5, 2, 1]]
11	-4.87566	43.32964	51	53	12	businessI	[[1, 1, 4], [1, 2, 4], [2, 1, 4], [2, 2, 4], [3, 1, 1], [3, 1, 2], [3, 1, 3], [3, 1, 4], [3, 2, 1], [3, 2, 2], [3, 2, 3], [3, 2, 4], [4, 1, 1], [4, 1, 2], [4, 1, 3], [4, 1, 4], [4, 2, 1], [4, 2, 2], [4, 2, 3], [4, 2, 4], [5, 1, 4], [5, 2, 4], [6, 1, 4], [6, 2, 4], [5, 1, 3], 0, [5, 1, 2], [2, 1, 3], [6, 1, 3], [5, 1, 1], [2, 1, 2], [6, 1, 2], [2, 1, 1], [6, 1, 1], [1, 1, 3], [1, 1, 2], [1, 1, 1], [5, 2, 3], [5, 2, 2], [2, 2, 3], [6, 2, 3], [5, 2, 1], [2, 2, 2], [6, 2, 2], [2, 2, 1], [6, 2, 1], [1, 2, 3], [1, 2, 2], [1, 2, 1]]
12	-4.86585	43.30776	61	54	12	familyII	[[1, 1, 4], [1, 2, 4], [2, 1, 4], [2, 2, 4], [3, 1, 4], [3, 2, 4], [4, 1, 4], [4, 2, 4], [5, 1, 4], [5, 2, 4], [6, 1, 4], [6, 2, 4], [6, 2, 3], 0, [1, 2, 3], [5, 2, 3], [6, 2, 2], [1, 2, 2], [5, 2, 2], [6, 2, 1], [6, 1, 3], [1, 2, 1], [1, 1, 3], [5, 2, 1], [5, 1, 3], [6, 1, 2], [1, 1, 2], [5, 1, 2], [6, 1, 1], [1, 1, 1], [5, 1, 1], [4, 2, 3], [3, 2, 3], [4, 2, 2], [3, 2, 2], [2, 2, 3], [4, 2, 1], [4, 1, 3], [3, 2, 1], [3, 1, 3], [2, 2, 2], [4, 1, 2], [3, 1, 2], [2, 2, 1], [2, 1, 3], [4, 1, 1], [3, 1, 1], [2, 1, 2], [2, 1, 1]]
13	-4.76784	43.26136	62	37	12	pensionerII	[[1, 1, 3], [1, 1, 4], [1, 2, 3], [1, 2, 4], [2, 1, 3], [2, 1, 4], [2, 2, 3], [2, 2, 4], [3, 1, 3], [3, 1, 4], [3, 2, 3], [3, 2, 4], [4, 1, 3], [4, 1, 4], [4, 2, 3], [4, 2, 4], [5, 1, 3], [5, 1, 4], [5, 2, 3], [5, 2, 4], [6, 1, 3], [6, 1, 4], [6, 2, 3], [6, 2, 4], [5, 2, 2], 0, [5, 2, 1], [6, 2, 2], [6, 2, 1], [2, 2, 2], [2, 2, 1], [1, 2, 2], [1, 2, 1], [3, 2, 2], [3, 2, 1], [5, 1, 2], [5, 1, 1], [6, 1, 2], [6, 1, 1], [2, 1, 2], [2, 1, 1], [4, 2, 2], [4, 2, 1], [1, 1, 2], [1, 1, 1], [3, 1, 2], [3, 1, 1], [4, 1, 2], [4, 1, 1]]
14	-4.84421	43.2914	57	35	12	pensionerII	[[1, 1, 3], [1, 1, 4], [1, 2, 3], [1, 2, 4], [2, 1, 3], [2, 1, 4], [2, 2, 3], [2, 2, 4], [3, 1, 3], [3, 1, 4], [3, 2, 3], [3, 2, 4], [4, 1, 3], [4, 1, 4], [4, 2, 3], [4, 2, 4], [5, 1, 3], [5, 1, 4], [5, 2, 3], [5, 2, 4], [6, 1, 3], [6, 1, 4], [6, 2, 3], [6, 2, 4], [6, 1, 2], 0, [6, 1, 1], [5, 1, 2], [5, 1, 1], [2, 1, 2], [2, 1, 1], [1, 1, 2], [1, 1, 1], [3, 1, 2], [3, 1, 1], [6, 2, 2], [6, 2, 1], [4, 1, 2], [4, 1, 1], [5, 2, 2], [5, 2, 1], [2, 2, 2], [2, 2, 1], [1, 2, 2], [1, 2, 1], [3, 2, 2], [3, 2, 1], [4, 2, 2], [4, 2, 1]]
15	-4.81813	43.31289	57	52	12	familyII	[[1, 1, 4], [1, 2, 4], [2, 1, 4], [2, 2, 4], [3, 1, 4], [3, 2, 4], [4, 1, 4], [4, 2, 4], [5, 1, 4], [5, 2, 4], [6, 1, 4], [6, 2, 4], [6, 2, 3], 0, [1, 2, 3], [6, 2, 2], [1, 2, 2], [5, 2, 3], [6, 2, 1], [1, 2, 1], [5, 2, 2], [5, 2, 1], [6, 1, 3], [2, 2, 3], [1, 1, 3], [3, 2, 3], [4, 2, 3], [6, 1, 2], [2, 2, 2], [1, 1, 2], [3, 2, 2], [5, 1, 3], [4, 2, 2], [6, 1, 1], [2, 2, 1], [1, 1, 1], [3, 2, 1], [5, 1, 2], [4, 2, 1], [5, 1, 1], [2, 1, 3], [3, 1, 3], [4, 1, 3], [2, 1, 2], [3, 1, 2], [4, 1, 2], [2, 1, 1], [3, 1, 1], [4, 1, 1]]
16	-4.81525	43.31867	57	39	12	businessI	[[1, 1, 4], [1, 2, 4], [2, 1, 4], [2, 2, 4], [3, 1, 1], [3, 1, 2], [3, 1, 3], [3, 1, 4], [3, 2, 1], [3, 2, 2], [3, 2, 3], [3, 2, 4], [4, 1, 1], [4, 1, 2], [4, 1, 3], [4, 1, 4], [4, 2, 1], [4, 2, 2], [4, 2, 3], [4, 2, 4], [5, 1, 4], [5, 2, 4], [6, 1, 4], [6, 2, 4], [1, 1, 3], 0, [1, 1, 2], [1, 1, 1], [2, 1, 3], [5, 1, 3], [2, 1, 2], [5, 1, 2], [6, 1, 3], [2, 1, 1], [5, 1, 1], [6, 1, 2], [6, 1, 1], [1, 2, 3], [1, 2, 2], [1, 2, 1], [2, 2, 3], [5, 2, 3], [2, 2, 2], [5, 2, 2], [6, 2, 3], [2, 2, 1], [5, 2, 1], [6, 2, 2], [6, 2, 1]]
17	-4.87615	43.3041	61	28	12	pensionerII	[[1, 1, 3], [1, 1, 4], [1, 2, 3], [1, 2, 4], [2, 1, 3], [2, 1, 4], [2, 2, 3], [2, 2, 4], [3, 1, 3], [3, 1, 4], [3, 2, 3], [3, 2, 4], [4, 1, 3], [4, 1, 4], [4, 2, 3], [4, 2, 4], [5, 1, 3], [5, 1, 4], [5, 2, 3], [5, 2, 4], [6, 1, 3], [6, 1, 4], [6, 2, 3], [6, 2, 4], [5, 1, 2], 0, [5, 1, 1], [6, 1, 2], [2, 1, 2], [6, 1, 1], [2, 1, 1], [4, 1, 2], [4, 1, 1], [3, 1, 2], [3, 1, 1], [5, 2, 2], [5, 2, 1], [1, 1, 2], [1, 1, 1], [6, 2, 2], [2, 2, 2], [6, 2, 1], [2, 2, 1], [4, 2, 2], [4, 2, 1], [3, 2, 2], [3, 2, 1], [1, 2, 2], [1, 2, 1]]
18	-4.86587	43.29942	61	71	12	familyII	[[1, 1, 4], [1, 2, 4], [2, 1, 4], [2, 2, 4], [3, 1, 4], [3, 2, 4], [4, 1, 4], [4, 2, 4], [5, 1, 4], [5, 2, 4], [6, 1, 4], [6, 2, 4], [5, 1, 3], 0, [6, 1, 3], [5, 1, 2], [1, 1, 3], [6, 1, 2], [5, 1, 1], [1, 1, 2], [5, 2, 3], [6, 1, 1], [6, 2, 3], [1, 1, 1], [5, 2, 2], [1, 2, 3], [6, 2, 2], [5, 2, 1], [1, 2, 2], [6, 2, 1], [2, 1, 3], [4, 1, 3], [3, 1, 3], [1, 2, 1], [2, 1, 2], [4, 1, 2], [3, 1, 2], [2, 1, 1], [2, 2, 3], [4, 1, 1], [3, 1, 1], [4, 2, 3], [3, 2, 3], [2, 2, 2], [4, 2, 2], [3, 2, 2], [2, 2, 1], [4, 2, 1], [3, 2, 1]]
19	-4.88562	43.29628	61	24	12	pensionerII	[[1, 1, 3], [1, 1, 4], [1, 2, 3], [1, 2, 4], [2, 1, 3], [2, 1, 4], [2, 2, 3], [2, 2, 4], [3, 1, 3], [3, 1, 4], [3, 2, 3], [3, 2, 4], [4, 1, 3], [4, 1, 4], [4, 2, 3], [4, 2, 4], [5, 1, 3], [5, 1, 4], [5, 2, 3], [5, 2, 4], [6, 1, 3], [6, 1, 4], [6, 2, 3], [6, 2, 4], [2, 2, 2], 0, [2, 2, 1], [5, 2, 2], [5, 2, 1], [6, 2, 2], [6, 2, 1], [2, 1, 2], [2, 1, 1], [4, 2, 2], [4, 2, 1], [1, 2, 2], [1, 2, 1], [5, 1, 2], [5, 1, 1], [3, 2, 2], [3, 2, 1], [6, 1, 2], [6, 1, 1], [4, 1, 2], [4, 1, 1], [1, 1, 2], [1, 1, 1], [3, 1, 2], [3, 1, 1]]
20	-4.88644	43.29751	61	32	12	pensionerI	[[1, 1, 2], [1, 1, 3], [1, 1, 4], [1, 2, 2], [1, 2, 3], [1, 2, 4], [2, 1, 2], [2, 1, 3], [2, 1, 4], [2, 2, 2], [2, 2, 3], [2, 2, 4], [3, 1, 2], [3, 1, 3], [3, 1, 4], [3, 2, 2], [3, 2, 3], [3, 2, 4], [4, 1, 2], [4, 1, 3], [4, 1, 4], [4, 2, 2], [4, 2, 3], [4, 2, 4], [5, 1, 2], [5, 1, 3], [5, 1, 4], [5, 2, 2], [5, 2, 3], [5, 2, 4], [6, 1, 2], [6, 1, 3], [6, 1, 4], [6, 2, 2], [6, 2, 3], [6, 2, 4], [4, 1, 1], 0, [3, 1, 1], [4, 2, 1], [5, 1, 1], [3, 2, 1], [1, 1, 1], [5, 2, 1], [6, 1, 1], [1, 2, 1], [6, 2, 1], [2, 1, 1], [2, 2, 1]]
21	-4.86931	43.28836	61	21	12	pensionerI	[[1, 1, 2], [1, 1, 3], [1, 1, 4], [1, 2, 2], [1, 2, 3], [1, 2, 4], [2, 1, 2], [2, 1, 3], [2, 1, 4], [2, 2, 2], [2, 2, 3], [2, 2, 4], [3, 1, 2], [3, 1, 3], [3, 1, 4], [3, 2, 2], [3, 2, 3], [3, 2, 4], [4, 1, 2], [4, 1, 3], [4, 1, 4], [4, 2, 2], [4, 2, 3], [4, 2, 4], [5, 1, 2], [5, 1, 3], [5, 1, 4], [5, 2, 2], [5, 2, 3], [5, 2, 4], [6, 1, 2], [6, 1, 3], [6, 1, 4], [6, 2, 2], [6, 2, 3], [6, 2, 4], [4, 2, 1], 0, [1, 2, 1], [2, 2, 1], [6, 2, 1], [5, 2, 1], [4, 1, 1], [1, 1, 1], [2, 1, 1], [6, 1, 1], [5, 1, 1], [3, 2, 1], [3, 1, 1]]
22	-4.85689	43.27982	61	54	12	businessI	[[1, 1, 4], [1, 2, 4], [2, 1, 4], [2, 2, 4], [3, 1, 1], [3, 1, 2], [3, 1, 3], [3, 1, 4], [3, 2, 1], [3, 2, 2], [3, 2, 3], [3, 2, 4], [4, 1, 1], [4, 1, 2], [4, 1, 3], [4, 1, 4], [4, 2, 1], [4, 2, 2], [4, 2, 3], [4, 2, 4], [5, 1, 4], [5, 2, 4], [6, 1, 4], [6, 2, 4], [2, 1, 3], 0, [2, 1, 2], [2, 1, 1], [5, 1, 3], [5, 1, 2], [5, 1, 1], [6, 1, 3], [6, 1, 2], [6, 1, 1], [1, 1, 3], [1, 1, 2], [1, 1, 1], [2, 2, 3], [2, 2, 2], [2, 2, 1], [5, 2, 3], [5, 2, 2], [5, 2, 1], [6, 2, 3], [6, 2, 2], [6, 2, 1], [1, 2, 3], [1, 2, 2], [1, 2, 1]]
23	-4.85686	43.27985	61	46	12	businessI	[[1, 1, 4], [1, 2, 4], [2, 1, 4], [2, 2, 4], [3, 1, 1], [3, 1, 2], [3, 1, 3], [3, 1, 4], [3, 2, 1], [3, 2, 2], [3, 2, 3], [3, 2, 4], [4, 1, 1], [4, 1, 2], [4, 1, 3], [4, 1, 4], [4, 2, 1], [4, 2, 2], [4, 2, 3], [4, 2, 4], [5, 1, 4], [5, 2, 4], [6, 1, 4], [6, 2, 4], [1, 1, 3], 0, [1, 1, 2], [1, 1, 1], [2, 1, 3], [5, 1, 3], [2, 1, 2], [5, 1, 2], [2, 1, 1], [5, 1, 1], [6, 1, 3], [6, 1, 2], [6, 1, 1], [1, 2, 3], [1, 2, 2], [1, 2, 1], [2, 2, 3], [5, 2, 3], [2, 2, 2], [5, 2, 2], [2, 2, 1], [5, 2, 1], [6, 2, 3], [6, 2, 2], [6, 2, 1]]
24	-4.85879	43.28296	61	52	12	businessII	[[1, 1, 4], [1, 2, 4], [2, 1, 1], [2, 1, 2], [2, 1, 3], [2, 1, 4], [2, 2, 1], [2, 2, 2], [2, 2, 3], [2, 2, 4], [3, 1, 1], [3, 1, 2], [3, 1, 3], [3, 1, 4], [3, 2, 1], [3, 2, 2], [3, 2, 3], [3, 2, 4], [4, 1, 1], [4, 1, 2], [4, 1, 3], [4, 1, 4], [4, 2, 1], [4, 2, 2], [4, 2, 3], [4, 2, 4], [5, 1, 1], [5, 1, 2], [5, 1, 3], [5, 1, 4], [5, 2, 1], [5, 2, 2], [5, 2, 3], [5, 2, 4], [6, 1, 4], [6, 2, 4], [6, 2, 3], 0, [6, 2, 2], [6, 2, 1], [6, 1, 3], [6, 1, 2], [6, 1, 1], [1, 2, 3], [1, 2, 2], [1, 2, 1], [1, 1, 3], [1, 1, 2], [1, 1, 1]]
25	-4.85356	43.27291	61	53	12	familyI	[[1, 1, 2], [1, 1, 3], [1, 1, 4], [1, 2, 2], [1, 2, 3], [1, 2, 4], [2, 1, 2], [2, 1, 3], [2, 1, 4], [2, 2, 2], [2, 2, 3], [2, 2, 4], [3, 1, 2], [3, 1, 3], [3, 1, 4], [3, 2, 2], [3, 2, 3], [3, 2, 4], [4, 1, 2], [4, 1, 3], [4, 1, 4], [4, 2, 2], [4, 2, 3], [4, 2, 4], [5, 1, 2], [5, 1, 3], [5, 1, 4], [5, 2, 2], [5, 2, 3], [5, 2, 4], [6, 1, 2], [6, 1, 3], [6, 1, 4], [6, 2, 2], [6, 2, 3], [6, 2, 4], [3, 1, 1], 0, [6, 1, 1], [5, 1, 1], [3, 2, 1], [6, 2, 1], [5, 2, 1], [1, 1, 1], [1, 2, 1], [2, 1, 1], [2, 2, 1], [4, 1, 1], [4, 2, 1]]
26	-4.85683	43.27503	61	29	12	pensionerII	[[1, 1, 3], [1, 1, 4], [1, 2, 3], [1, 2, 4], [2, 1, 3], [2, 1, 4], [2, 2, 3], [2, 2, 4], [3, 1, 3], [3, 1, 4], [3, 2, 3], [3, 2, 4], [4, 1, 3], [4, 1, 4], [4, 2, 3], [4, 2, 4], [5, 1, 3], [5, 1, 4], [5, 2, 3], [5, 2, 4], [6, 1, 3], [6, 1, 4], [6, 2, 3], [6, 2, 4], [2, 2, 2], 0, [2, 2, 1], [5, 2, 2], [5, 2, 1], [6, 2, 2], [6, 2, 1], [2, 1, 2], [2, 1, 1], [5, 1, 2], [5, 1, 1], [6, 1, 2], [6, 1, 1], [1, 2, 2], [1, 2, 1], [3, 2, 2], [4, 2, 2], [3, 2, 1], [4, 2, 1], [1, 1, 2], [1, 1, 1], [3, 1, 2], [4, 1, 2], [3, 1, 1], [4, 1, 1]]
27	-4.85976	43.27862	61	44	12	businessI	[[1, 1, 4], [1, 2, 4], [2, 1, 4], [2, 2, 4], [3, 1, 1], [3, 1, 2], [3, 1, 3], [3, 1, 4], [3, 2, 1], [3, 2, 2], [3, 2, 3], [3, 2, 4], [4, 1, 1], [4, 1, 2], [4, 1, 3], [4, 1, 4], [4, 2, 1], [4, 2, 2], [4, 2, 3], [4, 2, 4], [5, 1, 4], [5, 2, 4], [6, 1, 4], [6, 2, 4], [5, 2, 3], 0, [5, 2, 2], [5, 2, 1], [2, 2, 3], [2, 2, 2], [6, 2, 3], [2, 2, 1], [6, 2, 2], [6, 2, 1], [1, 2, 3], [1, 2, 2], [1, 2, 1], [5, 1, 3], [5, 1, 2], [5, 1, 1], [2, 1, 3], [2, 1, 2], [6, 1, 3], [2, 1, 1], [6, 1, 2], [6, 1, 1], [1, 1, 3], [1, 1, 2], [1, 1, 1]]
28	-4.85965	43.27553	61	52	12	familyI	[[1, 1, 2], [1, 1, 3], [1, 1, 4], [1, 2, 2], [1, 2, 3], [1, 2, 4], [2, 1, 2], [2, 1, 3], [2, 1, 4], [2, 2, 2], [2, 2, 3], [2, 2, 4], [3, 1, 2], [3, 1, 3], [3, 1, 4], [3, 2, 2], [3, 2, 3], [3, 2, 4], [4, 1, 2], [4, 1, 3], [4, 1, 4], [4, 2, 2], [4, 2, 3], [4, 2, 4], [5, 1, 2], [5, 1, 3], [5, 1, 4], [5, 2, 2], [5, 2, 3], [5, 2, 4], [6, 1, 2], [6, 1, 3], [6, 1, 4], [6, 2, 2], [6, 2, 3], [6, 2, 4], [6, 1, 1], 0, [5, 1, 1], [3, 1, 1], [1, 1, 1], [6, 2, 1], [5, 2, 1], [3, 2, 1], [1, 2, 1], [4, 1, 1], [2, 1, 1], [4, 2, 1], [2, 2, 1]]
29	-4.81389	43.32112	57	53	12	familyI	[[1, 1, 2], [1, 1, 3], [1, 1, 4], [1, 2, 2], [1, 2, 3], [1, 2, 4], [2, 1, 2], [2, 1, 3], [2, 1, 4], [2, 2, 2], [2, 2, 3], [2, 2, 4], [3, 1, 2], [3, 1, 3], [3, 1, 4], [3, 2, 2], [3, 2, 3], [3, 2, 4], [4, 1, 2], [4, 1, 3], [4, 1, 4], [4, 2, 2], [4, 2, 3], [4, 2, 4], [5, 1, 2], [5, 1, 3], [5, 1, 4], [5, 2, 2], [5, 2, 3], [5, 2, 4], [6, 1, 2], [6, 1, 3], [6, 1, 4], [6, 2, 2], [6, 2, 3], [6, 2, 4], [5, 1, 1], 0, [6, 1, 1], [1, 1, 1], [5, 2, 1], [6, 2, 1], [1, 2, 1], [3, 1, 1], [3, 2, 1], [4, 1, 1], [2, 1, 1], [4, 2, 1], [2, 2, 1]]
30	-4.87367	43.27244	61	45	12	businessI	[[1, 1, 4], [1, 2, 4], [2, 1, 4], [2, 2, 4], [3, 1, 1], [3, 1, 2], [3, 1, 3], [3, 1, 4], [3, 2, 1], [3, 2, 2], [3, 2, 3], [3, 2, 4], [4, 1, 1], [4, 1, 2], [4, 1, 3], [4, 1, 4], [4, 2, 1], [4, 2, 2], [4, 2, 3], [4, 2, 4], [5, 1, 4], [5, 2, 4], [6, 1, 4], [6, 2, 4], [6, 1, 3], 0, [6, 1, 2], [2, 1, 3], [6, 1, 1], [2, 1, 2], [2, 1, 1], [5, 1, 3], [5, 1, 2], [5, 1, 1], [1, 1, 3], [1, 1, 2], [1, 1, 1], [6, 2, 3], [6, 2, 2], [2, 2, 3], [6, 2, 1], [2, 2, 2], [2, 2, 1], [5, 2, 3], [5, 2, 2], [5, 2, 1], [1, 2, 3], [1, 2, 2], [1, 2, 1]]
31	-4.87119	43.27877	61	44	12	businessI	[[1, 1, 4], [1, 2, 4], [2, 1, 4], [2, 2, 4], [3, 1, 1], [3, 1, 2], [3, 1, 3], [3, 1, 4], [3, 2, 1], [3, 2, 2], [3, 2, 3], [3, 2, 4], [4, 1, 1], [4, 1, 2], [4, 1, 3], [4, 1, 4], [4, 2, 1], [4, 2, 2], [4, 2, 3], [4, 2, 4], [5, 1, 4], [5, 2, 4], [6, 1, 4], [6, 2, 4], [5, 1, 3], 0, [5, 1, 2], [6, 1, 3], [5, 1, 1], [6, 1, 2], [6, 1, 1], [1, 1, 3], [1, 1, 2], [1, 1, 1], [2, 1, 3], [2, 1, 2], [2, 1, 1], [5, 2, 3], [5, 2, 2], [6, 2, 3], [5, 2, 1], [6, 2, 2], [6, 2, 1], [1, 2, 3], [1, 2, 2], [1, 2, 1], [2, 2, 3], [2, 2, 2], [2, 2, 1]]
32	-4.8036	43.28306	62	43	12	businessI	[[1, 1, 4], [1, 2, 4], [2, 1, 4], [2, 2, 4], [3, 1, 1], [3, 1, 2], [3, 1, 3], [3, 1, 4], [3, 2, 1], [3, 2, 2], [3, 2, 3], [3, 2, 4], [4, 1, 1], [4, 1, 2], [4, 1, 3], [4, 1, 4], [4, 2, 1], [4, 2, 2], [4, 2, 3], [4, 2, 4], [5, 1, 4], [5, 2, 4], [6, 1, 4], [6, 2, 4], [6, 1, 3], 0, [6, 1, 2], [1, 1, 3], [6, 1, 1], [1, 1, 2], [1, 1, 1], [5, 1, 3], [5, 1, 2], [5, 1, 1], [2, 1, 3], [2, 1, 2], [2, 1, 1], [6, 2, 3], [6, 2, 2], [1, 2, 3], [6, 2, 1], [1, 2, 2], [1, 2, 1], [5, 2, 3], [5, 2, 2], [5, 2, 1], [2, 2, 3], [2, 2, 2], [2, 2, 1]]
33	-4.79895	43.28235	62	45	12	businessII	[[1, 1, 4], [1, 2, 4], [2, 1, 1], [2, 1, 2], [2, 1, 3], [2, 1, 4], [2, 2, 1], [2, 2, 2], [2, 2, 3], [2, 2, 4], [3, 1, 1], [3, 1, 2], [3, 1, 3], [3, 1, 4], [3, 2, 1], [3, 2, 2], [3, 2, 3], [3, 2, 4], [4, 1, 1], [4, 1, 2], [4, 1, 3], [4, 1, 4], [4, 2, 1], [4, 2, 2], [4, 2, 3], [4, 2, 4], [5, 1, 1], [5, 1, 2], [5, 1, 3], [5, 1, 4], [5, 2, 1], [5, 2, 2], [5, 2, 3], [5, 2, 4], [6, 1, 4], [6, 2, 4], [1, 1, 3], 0, [1, 1, 2], [1, 1, 1], [6, 1, 3], [6, 1, 2], [6, 1, 1], [1, 2, 3], [1, 2, 2], [1, 2, 1], [6, 2, 3], [6, 2, 2], [6, 2, 1]]
34	-4.80123	43.29052	62	38	12	pensionerII	[[1, 1, 3], [1, 1, 4], [1, 2, 3], [1, 2, 4], [2, 1, 3], [2, 1, 4], [2, 2, 3], [2, 2, 4], [3, 1, 3], [3, 1, 4], [3, 2, 3], [3, 2, 4], [4, 1, 3], [4, 1, 4], [4, 2, 3], [4, 2, 4], [5, 1, 3], [5, 1, 4], [5, 2, 3], [5, 2, 4], [6, 1, 3], [6, 1, 4], [6, 2, 3], [6, 2, 4], [6, 1, 2], 0, [2, 1, 2], [6, 1, 1], [2, 1, 1], [5, 1, 2], [5, 1, 1], [6, 2, 2], [2, 2, 2], [6, 2, 1], [2, 2, 1], [5, 2, 2], [5, 2, 1], [1, 1, 2], [1, 1, 1], [3, 1, 2], [3, 1, 1], [4, 1, 2], [4, 1, 1], [1, 2, 2], [1, 2, 1], [3, 2, 2], [3, 2, 1], [4, 2, 2], [4, 2, 1]]
35	-4.80875	43.28854	62	30	12	pensionerII	[[1, 1, 3], [1, 1, 4], [1, 2, 3], [1, 2, 4], [2, 1, 3], [2, 1, 4], [2, 2, 3], [2, 2, 4], [3, 1, 3], [3, 1, 4], [3, 2, 3], [3, 2, 4], [4, 1, 3], [4, 1, 4], [4, 2, 3], [4, 2, 4], [5, 1, 3], [5, 1, 4], [5, 2, 3], [5, 2, 4], [6, 1, 3], [6, 1, 4], [6, 2, 3], [6, 2, 4], [5, 1, 2], 0, [5, 1, 1], [5, 2, 2], [5, 2, 1], [6, 1, 2], [6, 1, 1], [6, 2, 2], [6, 2, 1], [2, 1, 2], [2, 1, 1], [2, 2, 2], [2, 2, 1], [1, 1, 2], [1, 1, 1], [1, 2, 2], [1, 2, 1], [3, 1, 2], [3, 1, 1], [3, 2, 2], [3, 2, 1], [4, 1, 2], [4, 1, 1], [4, 2, 2], [4, 2, 1]]
36	-4.80418	43.27657	62	22	12	pensionerII	[[1, 1, 3], [1, 1, 4], [1, 2, 3], [1, 2, 4], [2, 1, 3], [2, 1, 4], [2, 2, 3], [2, 2, 4], [3, 1, 3], [3, 1, 4], [3, 2, 3], [3, 2, 4], [4, 1, 3], [4, 1, 4], [4, 2, 3], [4, 2, 4], [5, 1, 3], [5, 1, 4], [5, 2, 3], [5, 2, 4], [6, 1, 3], [6, 1, 4], [6, 2, 3], [6, 2, 4], [6, 2, 2], 0, [6, 2, 1], [5, 2, 2], [5, 2, 1], [2, 2, 2], [2, 2, 1], [6, 1, 2], [6, 1, 1], [5, 1, 2], [5, 1, 1], [1, 2, 2], [4, 2, 2], [1, 2, 1], [4, 2, 1], [3, 2, 2], [3, 2, 1], [2, 1, 2], [2, 1, 1], [1, 1, 2], [4, 1, 2], [1, 1, 1], [4, 1, 1], [3, 1, 2], [3, 1, 1]]
37	-4.80758	43.28585	62	51	12	businessII	[[1, 1, 4], [1, 2, 4], [2, 1, 1], [2, 1, 2], [2, 1, 3], [2, 1, 4], [2, 2, 1], [2, 2, 2], [2, 2, 3], [2, 2, 4], [3, 1, 1], [3, 1, 2], [3, 1, 3], [3, 1, 4], [3, 2, 1], [3, 2, 2], [3, 2, 3], [3, 2, 4], [4, 1, 1], [4, 1, 2], [4, 1, 3], [4, 1, 4], [4, 2, 1], [4, 2, 2], [4, 2, 3], [4, 2, 4], [5, 1, 1], [5, 1, 2], [5, 1, 3], [5, 1, 4], [5, 2, 1], [5, 2, 2], [5, 2, 3], [5, 2, 4], [6, 1, 4], [6, 2, 4], [6, 1, 3], 0, [6, 1, 2], [6, 2, 3], [6, 1, 1], [6, 2, 2], [6, 2, 1], [1, 1, 3], [1, 1, 2], [1, 2, 3], [1, 1, 1], [1, 2, 2], [1, 2, 1]]
38	-4.7909	43.28037	62	77	12	familyII	[[1, 1, 4], [1, 2, 4], [2, 1, 4], [2, 2, 4], [3, 1, 4], [3, 2, 4], [4, 1, 4], [4, 2, 4], [5, 1, 4], [5, 2, 4], [6, 1, 4], [6, 2, 4], [5, 1, 3], 0, [6, 1, 3], [5, 2, 3], [6, 2, 3], [5, 1, 2], [6, 1, 2], [5, 2, 2], [6, 2, 2], [5, 1, 1], [6, 1, 1], [1, 1, 3], [5, 2, 1], [6, 2, 1], [1, 2, 3], [1, 1, 2], [1, 2, 2], [1, 1, 1], [3, 1, 3], [2, 1, 3], [1, 2, 1], [3, 2, 3], [3, 1, 2], [2, 2, 3], [2, 1, 2], [3, 2, 2], [4, 1, 3], [3, 1, 1], [2, 2, 2], [2, 1, 1], [4, 2, 3], [3, 2, 1], [4, 1, 2], [2, 2, 1], [4, 2, 2], [4, 1, 1], [4, 2, 1]]
39	-4.78943	43.27907	62	54	12	familyI	[[1, 1, 2], [1, 1, 3], [1, 1, 4], [1, 2, 2], [1, 2, 3], [1, 2, 4], [2, 1, 2], [2, 1, 3], [2, 1, 4], [2, 2, 2], [2, 2, 3], [2, 2, 4], [3, 1, 2], [3, 1, 3], [3, 1, 4], [3, 2, 2], [3, 2, 3], [3, 2, 4], [4, 1, 2], [4, 1, 3], [4, 1, 4], [4, 2, 2], [4, 2, 3], [4, 2, 4], [5, 1, 2], [5, 1, 3], [5, 1, 4], [5, 2, 2], [5, 2, 3], [5, 2, 4], [6, 1, 2], [6, 1, 3], [6, 1, 4], [6, 2, 2], [6, 2, 3], [6, 2, 4], [3, 2, 1], 0, [6, 2, 1], [1, 2, 1], [5, 2, 1], [3, 1, 1], [6, 1, 1], [1, 1, 1], [5, 1, 1], [2, 2, 1], [4, 2, 1], [2, 1, 1], [4, 1, 1]]
40	-4.77074	43.26242	62	23	12	pensionerI	[[1, 1, 2], [1, 1, 3], [1, 1, 4], [1, 2, 2], [1, 2, 3], [1, 2, 4], [2, 1, 2], [2, 1, 3], [2, 1, 4], [2, 2, 2], [2, 2, 3], [2, 2, 4], [3, 1, 2], [3, 1, 3], [3, 1, 4], [3, 2, 2], [3, 2, 3], [3, 2, 4], [4, 1, 2], [4, 1, 3], [4, 1, 4], [4, 2, 2], [4, 2, 3], [4, 2, 4], [5, 1, 2], [5, 1, 3], [5, 1, 4], [5, 2, 2], [5, 2, 3], [5, 2, 4], [6, 1, 2], [6, 1, 3], [6, 1, 4], [6, 2, 2], [6, 2, 3], [6, 2, 4], [4, 1, 1], 0, [3, 1, 1], [2, 1, 1], [6, 1, 1], [5, 1, 1], [4, 2, 1], [3, 2, 1], [2, 2, 1], [6, 2, 1], [5, 2, 1], [1, 1, 1], [1, 2, 1]]
41	-4.77748	43.27032	62	53	12	familyII	[[1, 1, 4], [1, 2, 4], [2, 1, 4], [2, 2, 4], [3, 1, 4], [3, 2, 4], [4, 1, 4], [4, 2, 4], [5, 1, 4], [5, 2, 4], [6, 1, 4], [6, 2, 4], [5, 2, 3], 0, [1, 2, 3], [5, 2, 2], [5, 1, 3], [1, 2, 2], [1, 1, 3], [5, 2, 1], [5, 1, 2], [6, 2, 3], [1, 2, 1], [1, 1, 2], [5, 1, 1], [6, 2, 2], [6, 1, 3], [1, 1, 1], [6, 2, 1], [6, 1, 2], [4, 2, 3], [2, 2, 3], [6, 1, 1], [3, 2, 3], [4, 2, 2], [4, 1, 3], [2, 2, 2], [3, 2, 2], [2, 1, 3], [3, 1, 3], [4, 2, 1], [4, 1, 2], [2, 2, 1], [3, 2, 1], [2, 1, 2], [3, 1, 2], [4, 1, 1], [2, 1, 1], [3, 1, 1]]
42	-4.78381	43.28104	62	30	12	pensionerI	[[1, 1, 2], [1, 1, 3], [1, 1, 4], [1, 2, 2], [1, 2, 3], [1, 2, 4], [2, 1, 2], [2, 1, 3], [2, 1, 4], [2, 2, 2], [2, 2, 3], [2, 2, 4], [3, 1, 2], [3, 1, 3], [3, 1, 4], [3, 2, 2], [3, 2, 3], [3, 2, 4], [4, 1, 2], [4, 1, 3], [4, 1, 4], [4, 2, 2], [4, 2, 3], [4, 2, 4], [5, 1, 2], [5, 1, 3], [5, 1, 4], [5, 2, 2], [5, 2, 3], [5, 2, 4], [6, 1, 2], [6, 1, 3], [6, 1, 4], [6, 2, 2], [6, 2, 3], [6, 2, 4], [4, 1, 1], 0, [5, 1, 1], [6, 1, 1], [1, 1, 1], [3, 1, 1], [4, 2, 1], [5, 2, 1], [6, 2, 1], [1, 2, 1], [3, 2, 1], [2, 1, 1], [2, 2, 1]]
43	-4.78739	43.28226	62	39	12	pensionerI	[[1, 1, 2], [1, 1, 3], [1, 1, 4], [1, 2, 2], [1, 2, 3], [1, 2, 4], [2, 1, 2], [2, 1, 3], [2, 1, 4], [2, 2, 2], [2, 2, 3], [2, 2, 4], [3, 1, 2], [3, 1, 3], [3, 1, 4], [3, 2, 2], [3, 2, 3], [3, 2, 4], [4, 1, 2], [4, 1, 3], [4, 1, 4], [4, 2, 2], [4, 2, 3], [4, 2, 4], [5, 1, 2], [5, 1, 3], [5, 1, 4], [5, 2, 2], [5, 2, 3], [5, 2, 4], [6, 1, 2], [6, 1, 3], [6, 1, 4], [6, 2, 2], [6, 2, 3], [6, 2, 4], [6, 1, 1], 0, [4, 1, 1], [3, 1, 1], [2, 1, 1], [1, 1, 1], [6, 2, 1], [4, 2, 1], [3, 2, 1], [2, 2, 1], [5, 1, 1], [1, 2, 1], [5, 2, 1]]
44	-4.7848	43.28575	62	26	12	pensionerI	[[1, 1, 2], [1, 1, 3], [1, 1, 4], [1, 2, 2], [1, 2, 3], [1, 2, 4], [2, 1, 2], [2, 1, 3], [2, 1, 4], [2, 2, 2], [2, 2, 3], [2, 2, 4], [3, 1, 2], [3, 1, 3], [3, 1, 4], [3, 2, 2], [3, 2, 3], [3, 2, 4], [4, 1, 2], [4, 1, 3], [4, 1, 4], [4, 2, 2], [4, 2, 3], [4, 2, 4], [5, 1, 2], [5, 1, 3], [5, 1, 4], [5, 2, 2], [5, 2, 3], [5, 2, 4], [6, 1, 2], [6, 1, 3], [6, 1, 4], [6, 2, 2], [6, 2, 3], [6, 2, 4], [2, 2, 1], 0, [6, 2, 1], [1, 2, 1], [4, 2, 1], [3, 2, 1], [5, 2, 1], [2, 1, 1], [6, 1, 1], [1, 1, 1], [4, 1, 1], [3, 1, 1], [5, 1, 1]]
45	-4.78805	43.28653	62	32	12	pensionerI	[[1, 1, 2], [1, 1, 3], [1, 1, 4], [1, 2, 2], [1, 2, 3], [1, 2, 4], [2, 1, 2], [2, 1, 3], [2, 1, 4], [2, 2, 2], [2, 2, 3], [2, 2, 4], [3, 1, 2], [3, 1, 3], [3, 1, 4], [3, 2, 2], [3, 2, 3], [3, 2, 4], [4, 1, 2], [4, 1, 3], [4, 1, 4], [4, 2, 2], [4, 2, 3], [4, 2, 4], [5, 1, 2], [5, 1, 3], [5, 1, 4], [5, 2, 2], [5, 2, 3], [5, 2, 4], [6, 1, 2], [6, 1, 3], [6, 1, 4], [6, 2, 2], [6, 2, 3], [6, 2, 4], [2, 2, 1], 0, [3, 2, 1], [2, 1, 1], [4, 2, 1], [3, 1, 1], [5, 2, 1], [4, 1, 1], [5, 1, 1], [6, 2, 1], [1, 2, 1], [6, 1, 1], [1, 1, 1]]
46	-4.86034	43.32038	51	42	12	familyII	[[1, 1, 4], [1, 2, 4], [2, 1, 4], [2, 2, 4], [3, 1, 4], [3, 2, 4], [4, 1, 4], [4, 2, 4], [5, 1, 4], [5, 2, 4], [6, 1, 4], [6, 2, 4], [5, 2, 3], 0, [1, 2, 3], [6, 2, 3], [5, 2, 2], [5, 1, 3], [1, 2, 2], [6, 2, 2], [1, 1, 3], [6, 1, 3], [5, 2, 1], [5, 1, 2], [1, 2, 1], [6, 2, 1], [1, 1, 2], [6, 1, 2], [5, 1, 1], [1, 1, 1], [6, 1, 1], [3, 2, 3], [3, 2, 2], [4, 2, 3], [3, 1, 3], [3, 2, 1], [4, 2, 2], [3, 1, 2], [4, 1, 3], [2, 2, 3], [4, 2, 1], [3, 1, 1], [4, 1, 2], [2, 2, 2], [2, 1, 3], [4, 1, 1], [2, 2, 1], [2, 1, 2], [2, 1, 1]]
47	-4.78042	43.28752	62	43	12	businessII	[[1, 1, 4], [1, 2, 4], [2, 1, 1], [2, 1, 2], [2, 1, 3], [2, 1, 4], [2, 2, 1], [2, 2, 2], [2, 2, 3], [2, 2, 4], [3, 1, 1], [3, 1, 2], [3, 1, 3], [3, 1, 4], [3, 2, 1], [3, 2, 2], [3, 2, 3], [3, 2, 4], [4, 1, 1], [4, 1, 2], [4, 1, 3], [4, 1, 4], [4, 2, 1], [4, 2, 2], [4, 2, 3], [4, 2, 4], [5, 1, 1], [5, 1, 2], [5, 1, 3], [5, 1, 4], [5, 2, 1], [5, 2, 2], [5, 2, 3], [5, 2, 4], [6, 1, 4], [6, 2, 4], [1, 2, 3], 0, [1, 2, 2], [1, 2, 1], [6, 2, 3], [6, 2, 2], [6, 2, 1], [1, 1, 3], [1, 1, 2], [1, 1, 1], [6, 1, 3], [6, 1, 2], [6, 1, 1]]
48	-4.76673	43.30604	62	47	12	businessI	[[1, 1, 4], [1, 2, 4], [2, 1, 4], [2, 2, 4], [3, 1, 1], [3, 1, 2], [3, 1, 3], [3, 1, 4], [3, 2, 1], [3, 2, 2], [3, 2, 3], [3, 2, 4], [4, 1, 1], [4, 1, 2], [4, 1, 3], [4, 1, 4], [4, 2, 1], [4, 2, 2], [4, 2, 3], [4, 2, 4], [5, 1, 4], [5, 2, 4], [6, 1, 4], [6, 2, 4], [2, 1, 3], 0, [2, 1, 2], [6, 1, 3], [2, 1, 1], [6, 1, 2], [6, 1, 1], [5, 1, 3], [5, 1, 2], [5, 1, 1], [1, 1, 3], [1, 1, 2], [1, 1, 1], [2, 2, 3], [2, 2, 2], [6, 2, 3], [2, 2, 1], [6, 2, 2], [6, 2, 1], [5, 2, 3], [5, 2, 2], [5, 2, 1], [1, 2, 3], [1, 2, 2], [1, 2, 1]]
49	-4.76254	43.29556	62	33	12	pensionerII	[[1, 1, 3], [1, 1, 4], [1, 2, 3], [1, 2, 4], [2, 1, 3], [2, 1, 4], [2, 2, 3], [2, 2, 4], [3, 1, 3], [3, 1, 4], [3, 2, 3], [3, 2, 4], [4, 1, 3], [4, 1, 4], [4, 2, 3], [4, 2, 4], [5, 1, 3], [5, 1, 4], [5, 2, 3], [5, 2, 4], [6, 1, 3], [6, 1, 4], [6, 2, 3], [6, 2, 4], [2, 2, 2], 0, [2, 2, 1], [6, 2, 2], [5, 2, 2], [2, 1, 2], [6, 2, 1], [5, 2, 1], [2, 1, 1], [6, 1, 2], [5, 1, 2], [6, 1, 1], [5, 1, 1], [1, 2, 2], [1, 2, 1], [3, 2, 2], [3, 2, 1], [1, 1, 2], [1, 1, 1], [3, 1, 2], [3, 1, 1], [4, 2, 2], [4, 2, 1], [4, 1, 2], [4, 1, 1]]
50	-4.76671	43.28907	62	33	12	pensionerI	[[1, 1, 2], [1, 1, 3], [1, 1, 4], [1, 2, 2], [1, 2, 3], [1, 2, 4], [2, 1, 2], [2, 1, 3], [2, 1, 4], [2, 2, 2], [2, 2, 3], [2, 2, 4], [3, 1, 2], [3, 1, 3], [3, 1, 4], [3, 2, 2], [3, 2, 3], [3, 2, 4], [4, 1, 2], [4, 1, 3], [4, 1, 4], [4, 2, 2], [4, 2, 3], [4, 2, 4], [5, 1, 2], [5, 1, 3], [5, 1, 4], [5, 2, 2], [5, 2, 3], [5, 2, 4], [6, 1, 2], [6, 1, 3], [6, 1, 4], [6, 2, 2], [6, 2, 3], [6, 2, 4], [2, 1, 1], 0, [2, 2, 1], [1, 1, 1], [4, 1, 1], [3, 1, 1], [1, 2, 1], [4, 2, 1], [3, 2, 1], [6, 1, 1], [6, 2, 1], [5, 1, 1], [5, 2, 1]]
51	-4.76481	43.28846	62	39	12	businessII	[[1, 1, 4], [1, 2, 4], [2, 1, 1], [2, 1, 2], [2, 1, 3], [2, 1, 4], [2, 2, 1], [2, 2, 2], [2, 2, 3], [2, 2, 4], [3, 1, 1], [3, 1, 2], [3, 1, 3], [3, 1, 4], [3, 2, 1], [3, 2, 2], [3, 2, 3], [3, 2, 4], [4, 1, 1], [4, 1, 2], [4, 1, 3], [4, 1, 4], [4, 2, 1], [4, 2, 2], [4, 2, 3], [4, 2, 4], [5, 1, 1], [5, 1, 2], [5, 1, 3], [5, 1, 4], [5, 2, 1], [5, 2, 2], [5, 2, 3], [5, 2, 4], [6, 1, 4], [6, 2, 4], [1, 2, 3], 0, [1, 2, 2], [1, 2, 1], [1, 1, 3], [1, 1, 2], [1, 1, 1], [6, 2, 3], [6, 2, 2], [6, 2, 1], [6, 1, 3], [6, 1, 2], [6, 1, 1]]
52	-4.77547	43.28814	62	44	12	familyII	[[1, 1, 4], [1, 2, 4], [2, 1, 4], [2, 2, 4], [3, 1, 4], [3, 2, 4], [4, 1, 4], [4, 2, 4], [5, 1, 4], [5, 2, 4], [6, 1, 4], [6, 2, 4], [6, 1, 3], 0, [1, 1, 3], [6, 1, 2], [1, 1, 2], [6, 2, 3], [1, 2, 3], [6, 1, 1], [1, 1, 1], [5, 1, 3], [6, 2, 2], [1, 2, 2], [5, 1, 2], [6, 2, 1], [1, 2, 1], [5, 2, 3], [5, 1, 1], [5, 2, 2], [4, 1, 3], [3, 1, 3], [5, 2, 1], [4, 1, 2], [3, 1, 2], [2, 1, 3], [4, 2, 3], [4, 1, 1], [3, 2, 3], [3, 1, 1], [2, 1, 2], [4, 2, 2], [3, 2, 2], [2, 2, 3], [2, 1, 1], [4, 2, 1], [3, 2, 1], [2, 2, 2], [2, 2, 1]]
53	-4.7694	43.27886	62	47	12	businessI	[[1, 1, 4], [1, 2, 4], [2, 1, 4], [2, 2, 4], [3, 1, 1], [3, 1, 2], [3, 1, 3], [3, 1, 4], [3, 2, 1], [3, 2, 2], [3, 2, 3], [3, 2, 4], [4, 1, 1], [4, 1, 2], [4, 1, 3], [4, 1, 4], [4, 2, 1], [4, 2, 2], [4, 2, 3], [4, 2, 4], [5, 1, 4], [5, 2, 4], [6, 1, 4], [6, 2, 4], [5, 2, 3], 0, [5, 2, 2], [5, 2, 1], [6, 2, 3], [6, 2, 2], [2, 2, 3], [6, 2, 1], [2, 2, 2], [2, 2, 1], [1, 2, 3], [1, 2, 2], [1, 2, 1], [5, 1, 3], [5, 1, 2], [5, 1, 1], [6, 1, 3], [6, 1, 2], [2, 1, 3], [6, 1, 1], [2, 1, 2], [2, 1, 1], [1, 1, 3], [1, 1, 2], [1, 1, 1]]
54	-4.76922	43.27634	62	38	12	pensionerII	[[1, 1, 3], [1, 1, 4], [1, 2, 3], [1, 2, 4], [2, 1, 3], [2, 1, 4], [2, 2, 3], [2, 2, 4], [3, 1, 3], [3, 1, 4], [3, 2, 3], [3, 2, 4], [4, 1, 3], [4, 1, 4], [4, 2, 3], [4, 2, 4], [5, 1, 3], [5, 1, 4], [5, 2, 3], [5, 2, 4], [6, 1, 3], [6, 1, 4], [6, 2, 3], [6, 2, 4], [2, 1, 2], 0, [2, 1, 1], [6, 1, 2], [5, 1, 2], [6, 1, 1], [5, 1, 1], [2, 2, 2], [2, 2, 1], [6, 2, 2], [5, 2, 2], [6, 2, 1], [5, 2, 1], [3, 1, 2], [1, 1, 2], [3, 1, 1], [1, 1, 1], [4, 1, 2], [4, 1, 1], [3, 2, 2], [1, 2, 2], [3, 2, 1], [1, 2, 1], [4, 2, 2], [4, 2, 1]]
55	-4.77265	43.2712	62	61	12	familyII	[[1, 1, 4], [1, 2, 4], [2, 1, 4], [2, 2, 4], [3, 1, 4], [3, 2, 4], [4, 1, 4], [4, 2, 4], [5, 1, 4], [5, 2, 4], [6, 1, 4], [6, 2, 4], [1, 2, 3], 0, [1, 2, 2], [5, 2, 3], [1, 2, 1], [6, 2, 3], [5, 2, 2], [6, 2, 2], [5, 2, 1], [6, 2, 1], [1, 1, 3], [4, 2, 3], [3, 2, 3], [1, 1, 2], [2, 2, 3], [4, 2, 2], [3, 2, 2], [5, 1, 3], [1, 1, 1], [6, 1, 3], [2, 2, 2], [4, 2, 1], [3, 2, 1], [5, 1, 2], [6, 1, 2], [2, 2, 1], [5, 1, 1], [6, 1, 1], [4, 1, 3], [3, 1, 3], [2, 1, 3], [4, 1, 2], [3, 1, 2], [2, 1, 2], [4, 1, 1], [3, 1, 1], [2, 1, 1]]
56	-4.76553	43.36571	52	39	12	pensionerII	[[1, 1, 3], [1, 1, 4], [1, 2, 3], [1, 2, 4], [2, 1, 3], [2, 1, 4], [2, 2, 3], [2, 2, 4], [3, 1, 3], [3, 1, 4], [3, 2, 3], [3, 2, 4], [4, 1, 3], [4, 1, 4], [4, 2, 3], [4, 2, 4], [5, 1, 3], [5, 1, 4], [5, 2, 3], [5, 2, 4], [6, 1, 3], [6, 1, 4], [6, 2, 3], [6, 2, 4], [6, 1, 2], 0, [6, 1, 1], [6, 2, 2], [6, 2, 1], [5, 1, 2], [5, 1, 1], [5, 2, 2], [2, 1, 2], [5, 2, 1], [2, 1, 1], [2, 2, 2], [2, 2, 1], [4, 1, 2], [4, 1, 1], [4, 2, 2], [3, 1, 2], [4, 2, 1], [1, 1, 2], [3, 1, 1], [1, 1, 1], [3, 2, 2], [1, 2, 2], [3, 2, 1], [1, 2, 1]]
57	-4.76948	43.3555	52	73	12	familyII	[[1, 1, 4], [1, 2, 4], [2, 1, 4], [2, 2, 4], [3, 1, 4], [3, 2, 4], [4, 1, 4], [4, 2, 4], [5, 1, 4], [5, 2, 4], [6, 1, 4], [6, 2, 4], [5, 1, 3], 0, [1, 1, 3], [5, 1, 2], [6, 1, 3], [1, 1, 2], [5, 1, 1], [6, 1, 2], [1, 1, 1], [5, 2, 3], [6, 1, 1], [1, 2, 3], [5, 2, 2], [6, 2, 3], [1, 2, 2], [3, 1, 3], [4, 1, 3], [5, 2, 1], [6, 2, 2], [1, 2, 1], [2, 1, 3], [3, 1, 2], [4, 1, 2], [6, 2, 1], [2, 1, 2], [3, 1, 1], [4, 1, 1], [2, 1, 1], [3, 2, 3], [4, 2, 3], [2, 2, 3], [3, 2, 2], [4, 2, 2], [2, 2, 2], [3, 2, 1], [4, 2, 1], [2, 2, 1]]
58	-4.7537	43.33598	52	30	12	pensionerI	[[1, 1, 2], [1, 1, 3], [1, 1, 4], [1, 2, 2], [1, 2, 3], [1, 2, 4], [2, 1, 2], [2, 1, 3], [2, 1, 4], [2, 2, 2], [2, 2, 3], [2, 2, 4], [3, 1, 2], [3, 1, 3], [3, 1, 4], [3, 2, 2], [3, 2, 3], [3, 2, 4], [4, 1, 2], [4, 1, 3], [4, 1, 4], [4, 2, 2], [4, 2, 3], [4, 2, 4], [5, 1, 2], [5, 1, 3], [5, 1, 4], [5, 2, 2], [5, 2, 3], [5, 2, 4], [6, 1, 2], [6, 1, 3], [6, 1, 4], [6, 2, 2], [6, 2, 3], [6, 2, 4], [5, 1, 1], 0, [4, 1, 1], [5, 2, 1], [1, 1, 1], [6, 1, 1], [4, 2, 1], [1, 2, 1], [6, 2, 1], [2, 1, 1], [2, 2, 1], [3, 1, 1], [3, 2, 1]]
59	-4.75112	43.3401	52	49	12	familyII	[[1, 1, 4], [1, 2, 4], [2, 1, 4], [2, 2, 4], [3, 1, 4], [3, 2, 4], [4, 1, 4], [4, 2, 4], [5, 1, 4], [5, 2, 4], [6, 1, 4], [6, 2, 4], [5, 1, 3], 0, [1, 1, 3], [5, 1, 2], [1, 1, 2], [5, 1, 1], [6, 1, 3], [1, 1, 1], [6, 1, 2], [5, 2, 3], [6, 1, 1], [1, 2, 3], [5, 2, 2], [3, 1, 3], [2, 1, 3], [1, 2, 2], [5, 2, 1], [4, 1, 3], [3, 1, 2], [6, 2, 3], [2, 1, 2], [1, 2, 1], [4, 1, 2], [3, 1, 1], [6, 2, 2], [2, 1, 1], [4, 1, 1], [6, 2, 1], [3, 2, 3], [2, 2, 3], [4, 2, 3], [3, 2, 2], [2, 2, 2], [4, 2, 2], [3, 2, 1], [2, 2, 1], [4, 2, 1]]
60	-4.76477	43.33115	52	53	12	businessI	[[1, 1, 4], [1, 2, 4], [2, 1, 4], [2, 2, 4], [3, 1, 1], [3, 1, 2], [3, 1, 3], [3, 1, 4], [3, 2, 1], [3, 2, 2], [3, 2, 3], [3, 2, 4], [4, 1, 1], [4, 1, 2], [4, 1, 3], [4, 1, 4], [4, 2, 1], [4, 2, 2], [4, 2, 3], [4, 2, 4], [5, 1, 4], [5, 2, 4], [6, 1, 4], [6, 2, 4], [1, 1, 3], 0, [1, 1, 2], [6, 1, 3], [1, 1, 1], [6, 1, 2], [2, 1, 3], [6, 1, 1], [2, 1, 2], [2, 1, 1], [5, 1, 3], [5, 1, 2], [5, 1, 1], [1, 2, 3], [1, 2, 2], [6, 2, 3], [1, 2, 1], [6, 2, 2], [2, 2, 3], [6, 2, 1], [2, 2, 2], [2, 2, 1], [5, 2, 3], [5, 2, 2], [5, 2, 1]]
61	-4.83008	43.39406	47	37	12	businessI	[[1, 1, 4], [1, 2, 4], [2, 1, 4], [2, 2, 4], [3, 1, 1], [3, 1, 2], [3, 1, 3], [3, 1, 4], [3, 2, 1], [3, 2, 2], [3, 2, 3], [3, 2, 4], [4, 1, 1], [4, 1, 2], [4, 1, 3], [4, 1, 4], [4, 2, 1], [4, 2, 2], [4, 2, 3], [4, 2, 4], [5, 1, 4], [5, 2, 4], [6, 1, 4], [6, 2, 4], [5, 1, 3], 0, [5, 1, 2], [5, 1, 1], [6, 1, 3], [6, 1, 2], [6, 1, 1], [1, 1, 3], [1, 1, 2], [1, 1, 1], [2, 1, 3], [2, 1, 2], [2, 1, 1], [5, 2, 3], [5, 2, 2], [5, 2, 1], [6, 2, 3], [6, 2, 2], [6, 2, 1], [1, 2, 3], [1, 2, 2], [1, 2, 1], [2, 2, 3], [2, 2, 2], [2, 2, 1]]
62	-4.79828	43.33477	52	52	12	familyII	[[1, 1, 4], [1, 2, 4], [2, 1, 4], [2, 2, 4], [3, 1, 4], [3, 2, 4], [4, 1, 4], [4, 2, 4], [5, 1, 4], [5, 2, 4], [6, 1, 4], [6, 2, 4], [5, 2, 3], 0, [6, 2, 3], [1, 2, 3], [5, 2, 2], [6, 2, 2], [1, 2, 2], [5, 2, 1], [6, 2, 1], [1, 2, 1], [4, 2, 3], [5, 1, 3], [3, 2, 3], [6, 1, 3], [2, 2, 3], [1, 1, 3], [4, 2, 2], [5, 1, 2], [3, 2, 2], [6, 1, 2], [2, 2, 2], [1, 1, 2], [4, 2, 1], [5, 1, 1], [3, 2, 1], [6, 1, 1], [2, 2, 1], [1, 1, 1], [4, 1, 3], [3, 1, 3], [2, 1, 3], [4, 1, 2], [3, 1, 2], [2, 1, 2], [4, 1, 1], [3, 1, 1], [2, 1, 1]]
63	-4.79056	43.32686	52	43	12	familyII	[[1, 1, 4], [1, 2, 4], [2, 1, 4], [2, 2, 4], [3, 1, 4], [3, 2, 4], [4, 1, 4], [4, 2, 4], [5, 1, 4], [5, 2, 4], [6, 1, 4], [6, 2, 4], [5, 1, 3], 0, [1, 1, 3], [6, 1, 3], [5, 1, 2], [1, 1, 2], [6, 1, 2], [5, 1, 1], [1, 1, 1], [6, 1, 1], [5, 2, 3], [1, 2, 3], [3, 1, 3], [6, 2, 3], [5, 2, 2], [1, 2, 2], [4, 1, 3], [3, 1, 2], [2, 1, 3], [6, 2, 2], [5, 2, 1], [1, 2, 1], [4, 1, 2], [3, 1, 1], [2, 1, 2], [6, 2, 1], [4, 1, 1], [2, 1, 1], [3, 2, 3], [4, 2, 3], [3, 2, 2], [2, 2, 3], [4, 2, 2], [3, 2, 1], [2, 2, 2], [4, 2, 1], [2, 2, 1]]
64	-4.80639	43.37994	47	68	12	familyII	[[1, 1, 4], [1, 2, 4], [2, 1, 4], [2, 2, 4], [3, 1, 4], [3, 2, 4], [4, 1, 4], [4, 2, 4], [5, 1, 4], [5, 2, 4], [6, 1, 4], [6, 2, 4], [1, 2, 3], 0, [5, 2, 3], [1, 2, 2], [5, 2, 2], [1, 1, 3], [6, 2, 3], [5, 1, 3], [1, 2, 1], [5, 2, 1], [1, 1, 2], [6, 2, 2], [5, 1, 2], [6, 1, 3], [1, 1, 1], [6, 2, 1], [5, 1, 1], [6, 1, 2], [6, 1, 1], [3, 2, 3], [2, 2, 3], [4, 2, 3], [3, 2, 2], [2, 2, 2], [3, 1, 3], [4, 2, 2], [3, 2, 1], [2, 1, 3], [4, 1, 3], [2, 2, 1], [3, 1, 2], [4, 2, 1], [2, 1, 2], [4, 1, 2], [3, 1, 1], [2, 1, 1], [4, 1, 1]]
65	-4.81741	43.37655	47	53	12	businessII	[[1, 1, 4], [1, 2, 4], [2, 1, 1], [2, 1, 2], [2, 1, 3], [2, 1, 4], [2, 2, 1], [2, 2, 2], [2, 2, 3], [2, 2, 4], [3, 1, 1], [3, 1, 2], [3, 1, 3], [3, 1, 4], [3, 2, 1], [3, 2, 2], [3, 2, 3], [3, 2, 4], [4, 1, 1], [4, 1, 2], [4, 1, 3], [4, 1, 4], [4, 2, 1], [4, 2, 2], [4, 2, 3], [4, 2, 4], [5, 1, 1], [5, 1, 2], [5, 1, 3], [5, 1, 4], [5, 2, 1], [5, 2, 2], [5, 2, 3], [5, 2, 4], [6, 1, 4], [6, 2, 4], [1, 1, 3], 0, [1, 1, 2], [1, 1, 1], [6, 1, 3], [6, 1, 2], [6, 1, 1], [1, 2, 3], [1, 2, 2], [1, 2, 1], [6, 2, 3], [6, 2, 2], [6, 2, 1]]
66	-4.81313	43.37363	47	39	12	businessI	[[1, 1, 4], [1, 2, 4], [2, 1, 4], [2, 2, 4], [3, 1, 1], [3, 1, 2], [3, 1, 3], [3, 1, 4], [3, 2, 1], [3, 2, 2], [3, 2, 3], [3, 2, 4], [4, 1, 1], [4, 1, 2], [4, 1, 3], [4, 1, 4], [4, 2, 1], [4, 2, 2], [4, 2, 3], [4, 2, 4], [5, 1, 4], [5, 2, 4], [6, 1, 4], [6, 2, 4], [6, 2, 3], 0, [5, 2, 3], [6, 2, 2], [5, 2, 2], [6, 2, 1], [5, 2, 1], [2, 2, 3], [2, 2, 2], [2, 2, 1], [1, 2, 3], [1, 2, 2], [1, 2, 1], [6, 1, 3], [5, 1, 3], [6, 1, 2], [5, 1, 2], [6, 1, 1], [5, 1, 1], [2, 1, 3], [2, 1, 2], [2, 1, 1], [1, 1, 3], [1, 1, 2], [1, 1, 1]]
67	-4.79749	43.36553	52	54	12	businessI	[[1, 1, 4], [1, 2, 4], [2, 1, 4], [2, 2, 4], [3, 1, 1], [3, 1, 2], [3, 1, 3], [3, 1, 4], [3, 2, 1], [3, 2, 2], [3, 2, 3], [3, 2, 4], [4, 1, 1], [4, 1, 2], [4, 1, 3], [4, 1, 4], [4, 2, 1], [4, 2, 2], [4, 2, 3], [4, 2, 4], [5, 1, 4], [5, 2, 4], [6, 1, 4], [6, 2, 4], [1, 2, 3], 0, [5, 2, 3], [1, 2, 2], [5, 2, 2], [1, 2, 1], [5, 2, 1], [2, 2, 3], [6, 2, 3], [2, 2, 2], [6, 2, 2], [2, 2, 1], [6, 2, 1], [1, 1, 3], [5, 1, 3], [1, 1, 2], [5, 1, 2], [1, 1, 1], [5, 1, 1], [2, 1, 3], [6, 1, 3], [2, 1, 2], [6, 1, 2], [2, 1, 1], [6, 1, 1]]
68	-4.79673	43.36808	52	75	12	familyII	[[1, 1, 4], [1, 2, 4], [2, 1, 4], [2, 2, 4], [3, 1, 4], [3, 2, 4], [4, 1, 4], [4, 2, 4], [5, 1, 4], [5, 2, 4], [6, 1, 4], [6, 2, 4], [1, 2, 3], 0, [1, 2, 2], [6, 2, 3], [5, 2, 3], [1, 1, 3], [1, 2, 1], [6, 2, 2], [5, 2, 2], [1, 1, 2], [6, 1, 3], [6, 2, 1], [5, 1, 3], [5, 2, 1], [1, 1, 1], [6, 1, 2], [5, 1, 2], [4, 2, 3], [2, 2, 3], [6, 1, 1], [5, 1, 1], [3, 2, 3], [4, 2, 2], [2, 2, 2], [3, 2, 2], [4, 1, 3], [4, 2, 1], [2, 1, 3], [2, 2, 1], [3, 1, 3], [3, 2, 1], [4, 1, 2], [2, 1, 2], [3, 1, 2], [4, 1, 1], [2, 1, 1], [3, 1, 1]]
69	-4.81944	43.39541	47	64	12	familyII	[[1, 1, 4], [1, 2, 4], [2, 1, 4], [2, 2, 4], [3, 1, 4], [3, 2, 4], [4, 1, 4], [4, 2, 4], [5, 1, 4], [5, 2, 4], [6, 1, 4], [6, 2, 4], [5, 2, 3], 0, [1, 2, 3], [5, 2, 2], [1, 2, 2], [5, 2, 1], [6, 2, 3], [1, 2, 1], [6, 2, 2], [6, 2, 1], [4, 2, 3], [2, 2, 3], [3, 2, 3], [5, 1, 3], [4, 2, 2], [2, 2, 2], [3, 2, 2], [1, 1, 3], [5, 1, 2], [4, 2, 1], [2, 2, 1], [3, 2, 1], [1, 1, 2], [5, 1, 1], [6, 1, 3], [1, 1, 1], [6, 1, 2], [6, 1, 1], [4, 1, 3], [2, 1, 3], [3, 1, 3], [4, 1, 2], [2, 1, 2], [3, 1, 2], [4, 1, 1], [2, 1, 1], [3, 1, 1]]
70	-4.76594	43.36382	52	35	12	pensionerII	[[1, 1, 3], [1, 1, 4], [1, 2, 3], [1, 2, 4], [2, 1, 3], [2, 1, 4], [2, 2, 3], [2, 2, 4], [3, 1, 3], [3, 1, 4], [3, 2, 3], [3, 2, 4], [4, 1, 3], [4, 1, 4], [4, 2, 3], [4, 2, 4], [5, 1, 3], [5, 1, 4], [5, 2, 3], [5, 2, 4], [6, 1, 3], [6, 1, 4], [6, 2, 3], [6, 2, 4], [6, 2, 2], 0, [6, 2, 1], [2, 2, 2], [2, 2, 1], [5, 2, 2], [5, 2, 1], [4, 2, 2], [4, 2, 1], [3, 2, 2], [3, 2, 1], [6, 1, 2], [6, 1, 1], [2, 1, 2], [2, 1, 1], [5, 1, 2], [1, 2, 2], [5, 1, 1], [1, 2, 1], [4, 1, 2], [4, 1, 1], [3, 1, 2], [3, 1, 1], [1, 1, 2], [1, 1, 1]]
71	-4.82624	43.30795	57	31	12	pensionerII	[[1, 1, 3], [1, 1, 4], [1, 2, 3], [1, 2, 4], [2, 1, 3], [2, 1, 4], [2, 2, 3], [2, 2, 4], [3, 1, 3], [3, 1, 4], [3, 2, 3], [3, 2, 4], [4, 1, 3], [4, 1, 4], [4, 2, 3], [4, 2, 4], [5, 1, 3], [5, 1, 4], [5, 2, 3], [5, 2, 4], [6, 1, 3], [6, 1, 4], [6, 2, 3], [6, 2, 4], [6, 1, 2], 0, [6, 1, 1], [5, 1, 2], [2, 1, 2], [5, 1, 1], [2, 1, 1], [4, 1, 2], [4, 1, 1], [3, 1, 2], [3, 1, 1], [6, 2, 2], [6, 2, 1], [1, 1, 2], [1, 1, 1], [5, 2, 2], [2, 2, 2], [5, 2, 1], [2, 2, 1], [4, 2, 2], [4, 2, 1], [3, 2, 2], [3, 2, 1], [1, 2, 2], [1, 2, 1]]
72	-4.85983	43.27983	61	47	12	familyII	[[1, 1, 4], [1, 2, 4], [2, 1, 4], [2, 2, 4], [3, 1, 4], [3, 2, 4], [4, 1, 4], [4, 2, 4], [5, 1, 4], [5, 2, 4], [6, 1, 4], [6, 2, 4], [1, 1, 3], 0, [6, 1, 3], [1, 1, 2], [5, 1, 3], [6, 1, 2], [1, 1, 1], [5, 1, 2], [6, 1, 1], [5, 1, 1], [1, 2, 3], [6, 2, 3], [1, 2, 2], [5, 2, 3], [6, 2, 2], [3, 1, 3], [4, 1, 3], [1, 2, 1], [5, 2, 2], [6, 2, 1], [3, 1, 2], [4, 1, 2], [5, 2, 1], [3, 1, 1], [4, 1, 1], [2, 1, 3], [3, 2, 3], [2, 1, 2], [4, 2, 3], [3, 2, 2], [2, 1, 1], [4, 2, 2], [3, 2, 1], [4, 2, 1], [2, 2, 3], [2, 2, 2], [2, 2, 1]]