S3n72d2w6-120p5-4-8c6_1679308073

DAYS
2

WINDOWS
1	480	600
2	600	720
3	720	840
4	840	960
5	960	1080
6	1080	1200

FEES
1	5
2	6
3	7
4	8

CLUSTERS
CLUST NO.	LONCOORD.	LATCOORD.

47	-4.82743	43.36927
51	-4.87416	43.3423
52	-4.7807	43.3423
57	-4.82743	43.31532
61	-4.87416	43.28834
62	-4.7807	43.28834

CUSTOMERS
CUST NO.	LONCOORD.	LATCOORD.	CLUST NO.	BASKET.	SERVICE TIME.	SEGMENT.	PREF LIST.
0	-4.82743	43.31532	0	0	0	0	0
1	-4.83945	43.293	57	42	12	familyII	[[1, 1, 4], [1, 2, 4], [2, 1, 4], [2, 2, 4], [3, 1, 4], [3, 2, 4], [4, 1, 4], [4, 2, 4], [5, 1, 4], [5, 2, 4], [6, 1, 4], [6, 2, 4], [1, 1, 3], 0, [1, 2, 3], [6, 1, 3], [5, 1, 3], [1, 1, 2], [6, 2, 3], [5, 2, 3], [1, 2, 2], [6, 1, 2], [5, 1, 2], [1, 1, 1], [6, 2, 2], [5, 2, 2], [1, 2, 1], [6, 1, 1], [5, 1, 1], [6, 2, 1], [5, 2, 1], [4, 1, 3], [4, 2, 3], [2, 1, 3], [2, 2, 3], [4, 1, 2], [3, 1, 3], [4, 2, 2], [2, 1, 2], [3, 2, 3], [2, 2, 2], [4, 1, 1], [3, 1, 2], [4, 2, 1], [2, 1, 1], [3, 2, 2], [2, 2, 1], [3, 1, 1], [3, 2, 1]]
2	-4.84666	43.2932	61	55	12	familyI	[[1, 1, 2], [1, 1, 3], [1, 1, 4], [1, 2, 2], [1, 2, 3], [1, 2, 4], [2, 1, 2], [2, 1, 3], [2, 1, 4], [2, 2, 2], [2, 2, 3], [2, 2, 4], [3, 1, 2], [3, 1, 3], [3, 1, 4], [3, 2, 2], [3, 2, 3], [3, 2, 4], [4, 1, 2], [4, 1, 3], [4, 1, 4], [4, 2, 2], [4, 2, 3], [4, 2, 4], [5, 1, 2], [5, 1, 3], [5, 1, 4], [5, 2, 2], [5, 2, 3], [5, 2, 4], [6, 1, 2], [6, 1, 3], [6, 1, 4], [6, 2, 2], [6, 2, 3], [6, 2, 4], [6, 1, 1], 0, [6, 2, 1], [1, 1, 1], [1, 2, 1], [3, 1, 1], [5, 1, 1], [3, 2, 1], [5, 2, 1], [2, 1, 1], [2, 2, 1], [4, 1, 1], [4, 2, 1]]
3	-4.8463	43.29452	57	38	12	pensionerI	[[1, 1, 2], [1, 1, 3], [1, 1, 4], [1, 2, 2], [1, 2, 3], [1, 2, 4], [2, 1, 2], [2, 1, 3], [2, 1, 4], [2, 2, 2], [2, 2, 3], [2, 2, 4], [3, 1, 2], [3, 1, 3], [3, 1, 4], [3, 2, 2], [3, 2, 3], [3, 2, 4], [4, 1, 2], [4, 1, 3], [4, 1, 4], [4, 2, 2], [4, 2, 3], [4, 2, 4], [5, 1, 2], [5, 1, 3], [5, 1, 4], [5, 2, 2], [5, 2, 3], [5, 2, 4], [6, 1, 2], [6, 1, 3], [6, 1, 4], [6, 2, 2], [6, 2, 3], [6, 2, 4], [5, 1, 1], 0, [2, 1, 1], [1, 1, 1], [3, 1, 1], [5, 2, 1], [2, 2, 1], [1, 2, 1], [3, 2, 1], [6, 1, 1], [6, 2, 1], [4, 1, 1], [4, 2, 1]]
4	-4.83399	43.29224	57	37	12	businessI	[[1, 1, 4], [1, 2, 4], [2, 1, 4], [2, 2, 4], [3, 1, 1], [3, 1, 2], [3, 1, 3], [3, 1, 4], [3, 2, 1], [3, 2, 2], [3, 2, 3], [3, 2, 4], [4, 1, 1], [4, 1, 2], [4, 1, 3], [4, 1, 4], [4, 2, 1], [4, 2, 2], [4, 2, 3], [4, 2, 4], [5, 1, 4], [5, 2, 4], [6, 1, 4], [6, 2, 4], [5, 1, 3], 0, [5, 1, 2], [5, 1, 1], [2, 1, 3], [2, 1, 2], [2, 1, 1], [1, 1, 3], [1, 1, 2], [1, 1, 1], [6, 1, 3], [6, 1, 2], [6, 1, 1], [5, 2, 3], [5, 2, 2], [5, 2, 1], [2, 2, 3], [2, 2, 2], [2, 2, 1], [1, 2, 3], [1, 2, 2], [1, 2, 1], [6, 2, 3], [6, 2, 2], [6, 2, 1]]
5	-4.80601	43.30544	57	52	12	familyII	[[1, 1, 4], [1, 2, 4], [2, 1, 4], [2, 2, 4], [3, 1, 4], [3, 2, 4], [4, 1, 4], [4, 2, 4], [5, 1, 4], [5, 2, 4], [6, 1, 4], [6, 2, 4], [1, 2, 3], 0, [6, 2, 3], [1, 2, 2], [6, 2, 2], [5, 2, 3], [1, 2, 1], [6, 2, 1], [5, 2, 2], [5, 2, 1], [1, 1, 3], [6, 1, 3], [2, 2, 3], [1, 1, 2], [6, 1, 2], [5, 1, 3], [3, 2, 3], [2, 2, 2], [1, 1, 1], [6, 1, 1], [5, 1, 2], [3, 2, 2], [2, 2, 1], [4, 2, 3], [5, 1, 1], [3, 2, 1], [4, 2, 2], [4, 2, 1], [2, 1, 3], [3, 1, 3], [2, 1, 2], [3, 1, 2], [2, 1, 1], [4, 1, 3], [3, 1, 1], [4, 1, 2], [4, 1, 1]]
6	-4.84493	43.30869	57	69	12	familyI	[[1, 1, 2], [1, 1, 3], [1, 1, 4], [1, 2, 2], [1, 2, 3], [1, 2, 4], [2, 1, 2], [2, 1, 3], [2, 1, 4], [2, 2, 2], [2, 2, 3], [2, 2, 4], [3, 1, 2], [3, 1, 3], [3, 1, 4], [3, 2, 2], [3, 2, 3], [3, 2, 4], [4, 1, 2], [4, 1, 3], [4, 1, 4], [4, 2, 2], [4, 2, 3], [4, 2, 4], [5, 1, 2], [5, 1, 3], [5, 1, 4], [5, 2, 2], [5, 2, 3], [5, 2, 4], [6, 1, 2], [6, 1, 3], [6, 1, 4], [6, 2, 2], [6, 2, 3], [6, 2, 4], [1, 2, 1], 0, [3, 2, 1], [5, 2, 1], [6, 2, 1], [1, 1, 1], [2, 2, 1], [3, 1, 1], [4, 2, 1], [5, 1, 1], [6, 1, 1], [2, 1, 1], [4, 1, 1]]
7	-4.81057	43.30647	57	54	12	familyII	[[1, 1, 4], [1, 2, 4], [2, 1, 4], [2, 2, 4], [3, 1, 4], [3, 2, 4], [4, 1, 4], [4, 2, 4], [5, 1, 4], [5, 2, 4], [6, 1, 4], [6, 2, 4], [5, 1, 3], 0, [1, 1, 3], [5, 1, 2], [1, 1, 2], [6, 1, 3], [5, 1, 1], [1, 1, 1], [6, 1, 2], [6, 1, 1], [5, 2, 3], [1, 2, 3], [4, 1, 3], [5, 2, 2], [1, 2, 2], [6, 2, 3], [2, 1, 3], [3, 1, 3], [4, 1, 2], [5, 2, 1], [1, 2, 1], [6, 2, 2], [2, 1, 2], [3, 1, 2], [4, 1, 1], [6, 2, 1], [2, 1, 1], [3, 1, 1], [4, 2, 3], [2, 2, 3], [3, 2, 3], [4, 2, 2], [2, 2, 2], [3, 2, 2], [4, 2, 1], [2, 2, 1], [3, 2, 1]]
8	-4.84627	43.30167	57	37	12	businessI	[[1, 1, 4], [1, 2, 4], [2, 1, 4], [2, 2, 4], [3, 1, 1], [3, 1, 2], [3, 1, 3], [3, 1, 4], [3, 2, 1], [3, 2, 2], [3, 2, 3], [3, 2, 4], [4, 1, 1], [4, 1, 2], [4, 1, 3], [4, 1, 4], [4, 2, 1], [4, 2, 2], [4, 2, 3], [4, 2, 4], [5, 1, 4], [5, 2, 4], [6, 1, 4], [6, 2, 4], [5, 2, 3], 0, [1, 2, 3], [5, 2, 2], [1, 2, 2], [5, 2, 1], [1, 2, 1], [6, 2, 3], [6, 2, 2], [6, 2, 1], [2, 2, 3], [2, 2, 2], [2, 2, 1], [5, 1, 3], [1, 1, 3], [5, 1, 2], [1, 1, 2], [5, 1, 1], [1, 1, 1], [6, 1, 3], [6, 1, 2], [6, 1, 1], [2, 1, 3], [2, 1, 2], [2, 1, 1]]
9	-4.86259	43.31218	61	45	12	businessII	[[1, 1, 4], [1, 2, 4], [2, 1, 1], [2, 1, 2], [2, 1, 3], [2, 1, 4], [2, 2, 1], [2, 2, 2], [2, 2, 3], [2, 2, 4], [3, 1, 1], [3, 1, 2], [3, 1, 3], [3, 1, 4], [3, 2, 1], [3, 2, 2], [3, 2, 3], [3, 2, 4], [4, 1, 1], [4, 1, 2], [4, 1, 3], [4, 1, 4], [4, 2, 1], [4, 2, 2], [4, 2, 3], [4, 2, 4], [5, 1, 1], [5, 1, 2], [5, 1, 3], [5, 1, 4], [5, 2, 1], [5, 2, 2], [5, 2, 3], [5, 2, 4], [6, 1, 4], [6, 2, 4], [1, 1, 3], 0, [1, 1, 2], [1, 1, 1], [1, 2, 3], [1, 2, 2], [1, 2, 1], [6, 1, 3], [6, 1, 2], [6, 1, 1], [6, 2, 3], [6, 2, 2], [6, 2, 1]]
10	-4.84311	43.2952	57	30	12	pensionerII	[[1, 1, 3], [1, 1, 4], [1, 2, 3], [1, 2, 4], [2, 1, 3], [2, 1, 4], [2, 2, 3], [2, 2, 4], [3, 1, 3], [3, 1, 4], [3, 2, 3], [3, 2, 4], [4, 1, 3], [4, 1, 4], [4, 2, 3], [4, 2, 4], [5, 1, 3], [5, 1, 4], [5, 2, 3], [5, 2, 4], [6, 1, 3], [6, 1, 4], [6, 2, 3], [6, 2, 4], [2, 2, 2], 0, [2, 2, 1], [6, 2, 2], [6, 2, 1], [2, 1, 2], [2, 1, 1], [6, 1, 2], [6, 1, 1], [5, 2, 2], [5, 2, 1], [5, 1, 2], [5, 1, 1], [4, 2, 2], [4, 2, 1], [1, 2, 2], [1, 2, 1], [3, 2, 2], [3, 2, 1], [4, 1, 2], [4, 1, 1], [1, 1, 2], [1, 1, 1], [3, 1, 2], [3, 1, 1]]
11	-4.8656	43.31223	61	63	12	familyI	[[1, 1, 2], [1, 1, 3], [1, 1, 4], [1, 2, 2], [1, 2, 3], [1, 2, 4], [2, 1, 2], [2, 1, 3], [2, 1, 4], [2, 2, 2], [2, 2, 3], [2, 2, 4], [3, 1, 2], [3, 1, 3], [3, 1, 4], [3, 2, 2], [3, 2, 3], [3, 2, 4], [4, 1, 2], [4, 1, 3], [4, 1, 4], [4, 2, 2], [4, 2, 3], [4, 2, 4], [5, 1, 2], [5, 1, 3], [5, 1, 4], [5, 2, 2], [5, 2, 3], [5, 2, 4], [6, 1, 2], [6, 1, 3], [6, 1, 4], [6, 2, 2], [6, 2, 3], [6, 2, 4], [5, 1, 1], 0, [3, 1, 1], [5, 2, 1], [6, 1, 1], [1, 1, 1], [3, 2, 1], [6, 2, 1], [1, 2, 1], [2, 1, 1], [2, 2, 1], [4, 1, 1], [4, 2, 1]]
12	-4.75764	43.27525	62	24	12	pensionerII	[[1, 1, 3], [1, 1, 4], [1, 2, 3], [1, 2, 4], [2, 1, 3], [2, 1, 4], [2, 2, 3], [2, 2, 4], [3, 1, 3], [3, 1, 4], [3, 2, 3], [3, 2, 4], [4, 1, 3], [4, 1, 4], [4, 2, 3], [4, 2, 4], [5, 1, 3], [5, 1, 4], [5, 2, 3], [5, 2, 4], [6, 1, 3], [6, 1, 4], [6, 2, 3], [6, 2, 4], [6, 1, 2], 0, [2, 1, 2], [6, 1, 1], [2, 1, 1], [5, 1, 2], [5, 1, 1], [6, 2, 2], [2, 2, 2], [6, 2, 1], [2, 2, 1], [5, 2, 2], [5, 2, 1], [3, 1, 2], [3, 1, 1], [4, 1, 2], [4, 1, 1], [1, 1, 2], [1, 1, 1], [3, 2, 2], [3, 2, 1], [4, 2, 2], [4, 2, 1], [1, 2, 2], [1, 2, 1]]
13	-4.83417	43.30628	57	48	12	businessI	[[1, 1, 4], [1, 2, 4], [2, 1, 4], [2, 2, 4], [3, 1, 1], [3, 1, 2], [3, 1, 3], [3, 1, 4], [3, 2, 1], [3, 2, 2], [3, 2, 3], [3, 2, 4], [4, 1, 1], [4, 1, 2], [4, 1, 3], [4, 1, 4], [4, 2, 1], [4, 2, 2], [4, 2, 3], [4, 2, 4], [5, 1, 4], [5, 2, 4], [6, 1, 4], [6, 2, 4], [6, 2, 3], 0, [6, 2, 2], [6, 1, 3], [6, 2, 1], [6, 1, 2], [6, 1, 1], [5, 2, 3], [5, 2, 2], [5, 1, 3], [5, 2, 1], [5, 1, 2], [5, 1, 1], [1, 2, 3], [1, 2, 2], [1, 1, 3], [1, 2, 1], [1, 1, 2], [1, 1, 1], [2, 2, 3], [2, 2, 2], [2, 1, 3], [2, 2, 1], [2, 1, 2], [2, 1, 1]]
14	-4.83093	43.30578	57	37	12	businessI	[[1, 1, 4], [1, 2, 4], [2, 1, 4], [2, 2, 4], [3, 1, 1], [3, 1, 2], [3, 1, 3], [3, 1, 4], [3, 2, 1], [3, 2, 2], [3, 2, 3], [3, 2, 4], [4, 1, 1], [4, 1, 2], [4, 1, 3], [4, 1, 4], [4, 2, 1], [4, 2, 2], [4, 2, 3], [4, 2, 4], [5, 1, 4], [5, 2, 4], [6, 1, 4], [6, 2, 4], [2, 2, 3], 0, [5, 2, 3], [2, 2, 2], [5, 2, 2], [2, 2, 1], [5, 2, 1], [1, 2, 3], [1, 2, 2], [1, 2, 1], [2, 1, 3], [5, 1, 3], [2, 1, 2], [5, 1, 2], [2, 1, 1], [5, 1, 1], [6, 2, 3], [6, 2, 2], [6, 2, 1], [1, 1, 3], [1, 1, 2], [1, 1, 1], [6, 1, 3], [6, 1, 2], [6, 1, 1]]
15	-4.76549	43.27188	62	21	12	pensionerI	[[1, 1, 2], [1, 1, 3], [1, 1, 4], [1, 2, 2], [1, 2, 3], [1, 2, 4], [2, 1, 2], [2, 1, 3], [2, 1, 4], [2, 2, 2], [2, 2, 3], [2, 2, 4], [3, 1, 2], [3, 1, 3], [3, 1, 4], [3, 2, 2], [3, 2, 3], [3, 2, 4], [4, 1, 2], [4, 1, 3], [4, 1, 4], [4, 2, 2], [4, 2, 3], [4, 2, 4], [5, 1, 2], [5, 1, 3], [5, 1, 4], [5, 2, 2], [5, 2, 3], [5, 2, 4], [6, 1, 2], [6, 1, 3], [6, 1, 4], [6, 2, 2], [6, 2, 3], [6, 2, 4], [6, 1, 1], 0, [4, 1, 1], [6, 2, 1], [4, 2, 1], [1, 1, 1], [2, 1, 1], [1, 2, 1], [2, 2, 1], [5, 1, 1], [5, 2, 1], [3, 1, 1], [3, 2, 1]]
16	-4.82013	43.31387	57	53	12	businessI	[[1, 1, 4], [1, 2, 4], [2, 1, 4], [2, 2, 4], [3, 1, 1], [3, 1, 2], [3, 1, 3], [3, 1, 4], [3, 2, 1], [3, 2, 2], [3, 2, 3], [3, 2, 4], [4, 1, 1], [4, 1, 2], [4, 1, 3], [4, 1, 4], [4, 2, 1], [4, 2, 2], [4, 2, 3], [4, 2, 4], [5, 1, 4], [5, 2, 4], [6, 1, 4], [6, 2, 4], [2, 2, 3], 0, [2, 2, 2], [2, 2, 1], [6, 2, 3], [6, 2, 2], [6, 2, 1], [1, 2, 3], [1, 2, 2], [1, 2, 1], [5, 2, 3], [5, 2, 2], [5, 2, 1], [2, 1, 3], [2, 1, 2], [2, 1, 1], [6, 1, 3], [6, 1, 2], [6, 1, 1], [1, 1, 3], [1, 1, 2], [1, 1, 1], [5, 1, 3], [5, 1, 2], [5, 1, 1]]
17	-4.87337	43.30684	61	54	12	familyI	[[1, 1, 2], [1, 1, 3], [1, 1, 4], [1, 2, 2], [1, 2, 3], [1, 2, 4], [2, 1, 2], [2, 1, 3], [2, 1, 4], [2, 2, 2], [2, 2, 3], [2, 2, 4], [3, 1, 2], [3, 1, 3], [3, 1, 4], [3, 2, 2], [3, 2, 3], [3, 2, 4], [4, 1, 2], [4, 1, 3], [4, 1, 4], [4, 2, 2], [4, 2, 3], [4, 2, 4], [5, 1, 2], [5, 1, 3], [5, 1, 4], [5, 2, 2], [5, 2, 3], [5, 2, 4], [6, 1, 2], [6, 1, 3], [6, 1, 4], [6, 2, 2], [6, 2, 3], [6, 2, 4], [1, 1, 1], 0, [6, 1, 1], [3, 1, 1], [5, 1, 1], [1, 2, 1], [6, 2, 1], [3, 2, 1], [2, 1, 1], [5, 2, 1], [4, 1, 1], [2, 2, 1], [4, 2, 1]]
18	-4.88611	43.29693	61	78	12	familyI	[[1, 1, 2], [1, 1, 3], [1, 1, 4], [1, 2, 2], [1, 2, 3], [1, 2, 4], [2, 1, 2], [2, 1, 3], [2, 1, 4], [2, 2, 2], [2, 2, 3], [2, 2, 4], [3, 1, 2], [3, 1, 3], [3, 1, 4], [3, 2, 2], [3, 2, 3], [3, 2, 4], [4, 1, 2], [4, 1, 3], [4, 1, 4], [4, 2, 2], [4, 2, 3], [4, 2, 4], [5, 1, 2], [5, 1, 3], [5, 1, 4], [5, 2, 2], [5, 2, 3], [5, 2, 4], [6, 1, 2], [6, 1, 3], [6, 1, 4], [6, 2, 2], [6, 2, 3], [6, 2, 4], [1, 1, 1], 0, [5, 1, 1], [6, 1, 1], [1, 2, 1], [3, 1, 1], [5, 2, 1], [6, 2, 1], [3, 2, 1], [4, 1, 1], [4, 2, 1], [2, 1, 1], [2, 2, 1]]
19	-4.86727	43.28872	61	48	12	businessI	[[1, 1, 4], [1, 2, 4], [2, 1, 4], [2, 2, 4], [3, 1, 1], [3, 1, 2], [3, 1, 3], [3, 1, 4], [3, 2, 1], [3, 2, 2], [3, 2, 3], [3, 2, 4], [4, 1, 1], [4, 1, 2], [4, 1, 3], [4, 1, 4], [4, 2, 1], [4, 2, 2], [4, 2, 3], [4, 2, 4], [5, 1, 4], [5, 2, 4], [6, 1, 4], [6, 2, 4], [5, 1, 3], 0, [5, 1, 2], [5, 1, 1], [2, 1, 3], [2, 1, 2], [2, 1, 1], [1, 1, 3], [1, 1, 2], [1, 1, 1], [6, 1, 3], [6, 1, 2], [6, 1, 1], [5, 2, 3], [5, 2, 2], [5, 2, 1], [2, 2, 3], [2, 2, 2], [2, 2, 1], [1, 2, 3], [1, 2, 2], [1, 2, 1], [6, 2, 3], [6, 2, 2], [6, 2, 1]]
20	-4.87339	43.2917	61	38	12	businessII	[[1, 1, 4], [1, 2, 4], [2, 1, 1], [2, 1, 2], [2, 1, 3], [2, 1, 4], [2, 2, 1], [2, 2, 2], [2, 2, 3], [2, 2, 4], [3, 1, 1], [3, 1, 2], [3, 1, 3], [3, 1, 4], [3, 2, 1], [3, 2, 2], [3, 2, 3], [3, 2, 4], [4, 1, 1], [4, 1, 2], [4, 1, 3], [4, 1, 4], [4, 2, 1], [4, 2, 2], [4, 2, 3], [4, 2, 4], [5, 1, 1], [5, 1, 2], [5, 1, 3], [5, 1, 4], [5, 2, 1], [5, 2, 2], [5, 2, 3], [5, 2, 4], [6, 1, 4], [6, 2, 4], [6, 2, 3], 0, [6, 2, 2], [6, 2, 1], [1, 2, 3], [1, 2, 2], [1, 2, 1], [6, 1, 3], [6, 1, 2], [6, 1, 1], [1, 1, 3], [1, 1, 2], [1, 1, 1]]
21	-4.85117	43.27534	61	35	12	pensionerI	[[1, 1, 2], [1, 1, 3], [1, 1, 4], [1, 2, 2], [1, 2, 3], [1, 2, 4], [2, 1, 2], [2, 1, 3], [2, 1, 4], [2, 2, 2], [2, 2, 3], [2, 2, 4], [3, 1, 2], [3, 1, 3], [3, 1, 4], [3, 2, 2], [3, 2, 3], [3, 2, 4], [4, 1, 2], [4, 1, 3], [4, 1, 4], [4, 2, 2], [4, 2, 3], [4, 2, 4], [5, 1, 2], [5, 1, 3], [5, 1, 4], [5, 2, 2], [5, 2, 3], [5, 2, 4], [6, 1, 2], [6, 1, 3], [6, 1, 4], [6, 2, 2], [6, 2, 3], [6, 2, 4], [2, 1, 1], 0, [6, 1, 1], [5, 1, 1], [3, 1, 1], [2, 2, 1], [6, 2, 1], [5, 2, 1], [3, 2, 1], [1, 1, 1], [4, 1, 1], [1, 2, 1], [4, 2, 1]]
22	-4.86972	43.33425	51	51	12	businessII	[[1, 1, 4], [1, 2, 4], [2, 1, 1], [2, 1, 2], [2, 1, 3], [2, 1, 4], [2, 2, 1], [2, 2, 2], [2, 2, 3], [2, 2, 4], [3, 1, 1], [3, 1, 2], [3, 1, 3], [3, 1, 4], [3, 2, 1], [3, 2, 2], [3, 2, 3], [3, 2, 4], [4, 1, 1], [4, 1, 2], [4, 1, 3], [4, 1, 4], [4, 2, 1], [4, 2, 2], [4, 2, 3], [4, 2, 4], [5, 1, 1], [5, 1, 2], [5, 1, 3], [5, 1, 4], [5, 2, 1], [5, 2, 2], [5, 2, 3], [5, 2, 4], [6, 1, 4], [6, 2, 4], [6, 1, 3], 0, [6, 1, 2], [6, 1, 1], [1, 1, 3], [1, 1, 2], [1, 1, 1], [6, 2, 3], [6, 2, 2], [6, 2, 1], [1, 2, 3], [1, 2, 2], [1, 2, 1]]
23	-4.81547	43.32096	57	50	12	businessI	[[1, 1, 4], [1, 2, 4], [2, 1, 4], [2, 2, 4], [3, 1, 1], [3, 1, 2], [3, 1, 3], [3, 1, 4], [3, 2, 1], [3, 2, 2], [3, 2, 3], [3, 2, 4], [4, 1, 1], [4, 1, 2], [4, 1, 3], [4, 1, 4], [4, 2, 1], [4, 2, 2], [4, 2, 3], [4, 2, 4], [5, 1, 4], [5, 2, 4], [6, 1, 4], [6, 2, 4], [1, 2, 3], 0, [1, 2, 2], [1, 2, 1], [1, 1, 3], [1, 1, 2], [1, 1, 1], [2, 2, 3], [2, 2, 2], [6, 2, 3], [2, 2, 1], [6, 2, 2], [2, 1, 3], [6, 2, 1], [2, 1, 2], [6, 1, 3], [2, 1, 1], [6, 1, 2], [6, 1, 1], [5, 2, 3], [5, 2, 2], [5, 2, 1], [5, 1, 3], [5, 1, 2], [5, 1, 1]]
24	-4.87795	43.31235	61	45	12	familyII	[[1, 1, 4], [1, 2, 4], [2, 1, 4], [2, 2, 4], [3, 1, 4], [3, 2, 4], [4, 1, 4], [4, 2, 4], [5, 1, 4], [5, 2, 4], [6, 1, 4], [6, 2, 4], [1, 2, 3], 0, [6, 2, 3], [1, 1, 3], [6, 1, 3], [1, 2, 2], [6, 2, 2], [1, 1, 2], [6, 1, 2], [5, 2, 3], [5, 1, 3], [1, 2, 1], [6, 2, 1], [1, 1, 1], [6, 1, 1], [5, 2, 2], [5, 1, 2], [5, 2, 1], [5, 1, 1], [4, 2, 3], [4, 1, 3], [4, 2, 2], [3, 2, 3], [4, 1, 2], [2, 2, 3], [3, 1, 3], [2, 1, 3], [4, 2, 1], [3, 2, 2], [4, 1, 1], [2, 2, 2], [3, 1, 2], [2, 1, 2], [3, 2, 1], [2, 2, 1], [3, 1, 1], [2, 1, 1]]
25	-4.85897	43.29029	61	53	12	businessII	[[1, 1, 4], [1, 2, 4], [2, 1, 1], [2, 1, 2], [2, 1, 3], [2, 1, 4], [2, 2, 1], [2, 2, 2], [2, 2, 3], [2, 2, 4], [3, 1, 1], [3, 1, 2], [3, 1, 3], [3, 1, 4], [3, 2, 1], [3, 2, 2], [3, 2, 3], [3, 2, 4], [4, 1, 1], [4, 1, 2], [4, 1, 3], [4, 1, 4], [4, 2, 1], [4, 2, 2], [4, 2, 3], [4, 2, 4], [5, 1, 1], [5, 1, 2], [5, 1, 3], [5, 1, 4], [5, 2, 1], [5, 2, 2], [5, 2, 3], [5, 2, 4], [6, 1, 4], [6, 2, 4], [6, 1, 3], 0, [6, 1, 2], [6, 1, 1], [1, 1, 3], [1, 1, 2], [1, 1, 1], [6, 2, 3], [6, 2, 2], [6, 2, 1], [1, 2, 3], [1, 2, 2], [1, 2, 1]]
26	-4.87283	43.28712	61	40	12	pensionerI	[[1, 1, 2], [1, 1, 3], [1, 1, 4], [1, 2, 2], [1, 2, 3], [1, 2, 4], [2, 1, 2], [2, 1, 3], [2, 1, 4], [2, 2, 2], [2, 2, 3], [2, 2, 4], [3, 1, 2], [3, 1, 3], [3, 1, 4], [3, 2, 2], [3, 2, 3], [3, 2, 4], [4, 1, 2], [4, 1, 3], [4, 1, 4], [4, 2, 2], [4, 2, 3], [4, 2, 4], [5, 1, 2], [5, 1, 3], [5, 1, 4], [5, 2, 2], [5, 2, 3], [5, 2, 4], [6, 1, 2], [6, 1, 3], [6, 1, 4], [6, 2, 2], [6, 2, 3], [6, 2, 4], [4, 2, 1], 0, [3, 2, 1], [2, 2, 1], [4, 1, 1], [3, 1, 1], [2, 1, 1], [5, 2, 1], [1, 2, 1], [5, 1, 1], [6, 2, 1], [1, 1, 1], [6, 1, 1]]
27	-4.80455	43.29191	62	35	12	businessII	[[1, 1, 4], [1, 2, 4], [2, 1, 1], [2, 1, 2], [2, 1, 3], [2, 1, 4], [2, 2, 1], [2, 2, 2], [2, 2, 3], [2, 2, 4], [3, 1, 1], [3, 1, 2], [3, 1, 3], [3, 1, 4], [3, 2, 1], [3, 2, 2], [3, 2, 3], [3, 2, 4], [4, 1, 1], [4, 1, 2], [4, 1, 3], [4, 1, 4], [4, 2, 1], [4, 2, 2], [4, 2, 3], [4, 2, 4], [5, 1, 1], [5, 1, 2], [5, 1, 3], [5, 1, 4], [5, 2, 1], [5, 2, 2], [5, 2, 3], [5, 2, 4], [6, 1, 4], [6, 2, 4], [1, 1, 3], 0, [1, 1, 2], [1, 1, 1], [1, 2, 3], [1, 2, 2], [1, 2, 1], [6, 1, 3], [6, 1, 2], [6, 1, 1], [6, 2, 3], [6, 2, 2], [6, 2, 1]]
28	-4.80455	43.28878	62	54	12	businessII	[[1, 1, 4], [1, 2, 4], [2, 1, 1], [2, 1, 2], [2, 1, 3], [2, 1, 4], [2, 2, 1], [2, 2, 2], [2, 2, 3], [2, 2, 4], [3, 1, 1], [3, 1, 2], [3, 1, 3], [3, 1, 4], [3, 2, 1], [3, 2, 2], [3, 2, 3], [3, 2, 4], [4, 1, 1], [4, 1, 2], [4, 1, 3], [4, 1, 4], [4, 2, 1], [4, 2, 2], [4, 2, 3], [4, 2, 4], [5, 1, 1], [5, 1, 2], [5, 1, 3], [5, 1, 4], [5, 2, 1], [5, 2, 2], [5, 2, 3], [5, 2, 4], [6, 1, 4], [6, 2, 4], [6, 1, 3], 0, [1, 1, 3], [6, 1, 2], [1, 1, 2], [6, 1, 1], [1, 1, 1], [6, 2, 3], [1, 2, 3], [6, 2, 2], [1, 2, 2], [6, 2, 1], [1, 2, 1]]
29	-4.80109	43.27778	62	42	12	businessII	[[1, 1, 4], [1, 2, 4], [2, 1, 1], [2, 1, 2], [2, 1, 3], [2, 1, 4], [2, 2, 1], [2, 2, 2], [2, 2, 3], [2, 2, 4], [3, 1, 1], [3, 1, 2], [3, 1, 3], [3, 1, 4], [3, 2, 1], [3, 2, 2], [3, 2, 3], [3, 2, 4], [4, 1, 1], [4, 1, 2], [4, 1, 3], [4, 1, 4], [4, 2, 1], [4, 2, 2], [4, 2, 3], [4, 2, 4], [5, 1, 1], [5, 1, 2], [5, 1, 3], [5, 1, 4], [5, 2, 1], [5, 2, 2], [5, 2, 3], [5, 2, 4], [6, 1, 4], [6, 2, 4], [6, 1, 3], 0, [6, 1, 2], [6, 1, 1], [1, 1, 3], [1, 1, 2], [1, 1, 1], [6, 2, 3], [6, 2, 2], [6, 2, 1], [1, 2, 3], [1, 2, 2], [1, 2, 1]]
30	-4.80595	43.28424	62	43	12	familyII	[[1, 1, 4], [1, 2, 4], [2, 1, 4], [2, 2, 4], [3, 1, 4], [3, 2, 4], [4, 1, 4], [4, 2, 4], [5, 1, 4], [5, 2, 4], [6, 1, 4], [6, 2, 4], [5, 2, 3], 0, [6, 2, 3], [5, 2, 2], [1, 2, 3], [6, 2, 2], [5, 1, 3], [5, 2, 1], [1, 2, 2], [6, 1, 3], [6, 2, 1], [5, 1, 2], [1, 1, 3], [1, 2, 1], [6, 1, 2], [5, 1, 1], [1, 1, 2], [6, 1, 1], [1, 1, 1], [3, 2, 3], [4, 2, 3], [3, 2, 2], [2, 2, 3], [3, 1, 3], [4, 2, 2], [3, 2, 1], [2, 2, 2], [4, 1, 3], [3, 1, 2], [4, 2, 1], [2, 1, 3], [2, 2, 1], [4, 1, 2], [3, 1, 1], [2, 1, 2], [4, 1, 1], [2, 1, 1]]
31	-4.79974	43.28826	62	22	12	pensionerI	[[1, 1, 2], [1, 1, 3], [1, 1, 4], [1, 2, 2], [1, 2, 3], [1, 2, 4], [2, 1, 2], [2, 1, 3], [2, 1, 4], [2, 2, 2], [2, 2, 3], [2, 2, 4], [3, 1, 2], [3, 1, 3], [3, 1, 4], [3, 2, 2], [3, 2, 3], [3, 2, 4], [4, 1, 2], [4, 1, 3], [4, 1, 4], [4, 2, 2], [4, 2, 3], [4, 2, 4], [5, 1, 2], [5, 1, 3], [5, 1, 4], [5, 2, 2], [5, 2, 3], [5, 2, 4], [6, 1, 2], [6, 1, 3], [6, 1, 4], [6, 2, 2], [6, 2, 3], [6, 2, 4], [5, 1, 1], 0, [6, 1, 1], [3, 1, 1], [1, 1, 1], [5, 2, 1], [6, 2, 1], [3, 2, 1], [4, 1, 1], [2, 1, 1], [1, 2, 1], [4, 2, 1], [2, 2, 1]]
32	-4.79154	43.28003	62	30	12	pensionerII	[[1, 1, 3], [1, 1, 4], [1, 2, 3], [1, 2, 4], [2, 1, 3], [2, 1, 4], [2, 2, 3], [2, 2, 4], [3, 1, 3], [3, 1, 4], [3, 2, 3], [3, 2, 4], [4, 1, 3], [4, 1, 4], [4, 2, 3], [4, 2, 4], [5, 1, 3], [5, 1, 4], [5, 2, 3], [5, 2, 4], [6, 1, 3], [6, 1, 4], [6, 2, 3], [6, 2, 4], [6, 2, 2], 0, [6, 2, 1], [2, 2, 2], [2, 2, 1], [5, 2, 2], [5, 2, 1], [1, 2, 2], [1, 2, 1], [4, 2, 2], [4, 2, 1], [6, 1, 2], [6, 1, 1], [3, 2, 2], [3, 2, 1], [2, 1, 2], [2, 1, 1], [5, 1, 2], [5, 1, 1], [1, 1, 2], [1, 1, 1], [4, 1, 2], [4, 1, 1], [3, 1, 2], [3, 1, 1]]
33	-4.78516	43.27466	62	33	12	pensionerII	[[1, 1, 3], [1, 1, 4], [1, 2, 3], [1, 2, 4], [2, 1, 3], [2, 1, 4], [2, 2, 3], [2, 2, 4], [3, 1, 3], [3, 1, 4], [3, 2, 3], [3, 2, 4], [4, 1, 3], [4, 1, 4], [4, 2, 3], [4, 2, 4], [5, 1, 3], [5, 1, 4], [5, 2, 3], [5, 2, 4], [6, 1, 3], [6, 1, 4], [6, 2, 3], [6, 2, 4], [6, 2, 2], 0, [6, 2, 1], [5, 2, 2], [5, 2, 1], [2, 2, 2], [2, 2, 1], [6, 1, 2], [6, 1, 1], [5, 1, 2], [5, 1, 1], [4, 2, 2], [4, 2, 1], [1, 2, 2], [1, 2, 1], [2, 1, 2], [2, 1, 1], [3, 2, 2], [3, 2, 1], [4, 1, 2], [4, 1, 1], [1, 1, 2], [1, 1, 1], [3, 1, 2], [3, 1, 1]]
34	-4.77722	43.27053	62	46	12	businessII	[[1, 1, 4], [1, 2, 4], [2, 1, 1], [2, 1, 2], [2, 1, 3], [2, 1, 4], [2, 2, 1], [2, 2, 2], [2, 2, 3], [2, 2, 4], [3, 1, 1], [3, 1, 2], [3, 1, 3], [3, 1, 4], [3, 2, 1], [3, 2, 2], [3, 2, 3], [3, 2, 4], [4, 1, 1], [4, 1, 2], [4, 1, 3], [4, 1, 4], [4, 2, 1], [4, 2, 2], [4, 2, 3], [4, 2, 4], [5, 1, 1], [5, 1, 2], [5, 1, 3], [5, 1, 4], [5, 2, 1], [5, 2, 2], [5, 2, 3], [5, 2, 4], [6, 1, 4], [6, 2, 4], [6, 1, 3], 0, [6, 1, 2], [6, 1, 1], [1, 1, 3], [1, 1, 2], [1, 1, 1], [6, 2, 3], [6, 2, 2], [6, 2, 1], [1, 2, 3], [1, 2, 2], [1, 2, 1]]
35	-4.77822	43.26915	62	47	12	familyI	[[1, 1, 2], [1, 1, 3], [1, 1, 4], [1, 2, 2], [1, 2, 3], [1, 2, 4], [2, 1, 2], [2, 1, 3], [2, 1, 4], [2, 2, 2], [2, 2, 3], [2, 2, 4], [3, 1, 2], [3, 1, 3], [3, 1, 4], [3, 2, 2], [3, 2, 3], [3, 2, 4], [4, 1, 2], [4, 1, 3], [4, 1, 4], [4, 2, 2], [4, 2, 3], [4, 2, 4], [5, 1, 2], [5, 1, 3], [5, 1, 4], [5, 2, 2], [5, 2, 3], [5, 2, 4], [6, 1, 2], [6, 1, 3], [6, 1, 4], [6, 2, 2], [6, 2, 3], [6, 2, 4], [1, 2, 1], 0, [6, 2, 1], [5, 2, 1], [3, 2, 1], [1, 1, 1], [6, 1, 1], [5, 1, 1], [3, 1, 1], [2, 2, 1], [4, 2, 1], [2, 1, 1], [4, 1, 1]]
36	-4.77151	43.26439	62	34	12	pensionerI	[[1, 1, 2], [1, 1, 3], [1, 1, 4], [1, 2, 2], [1, 2, 3], [1, 2, 4], [2, 1, 2], [2, 1, 3], [2, 1, 4], [2, 2, 2], [2, 2, 3], [2, 2, 4], [3, 1, 2], [3, 1, 3], [3, 1, 4], [3, 2, 2], [3, 2, 3], [3, 2, 4], [4, 1, 2], [4, 1, 3], [4, 1, 4], [4, 2, 2], [4, 2, 3], [4, 2, 4], [5, 1, 2], [5, 1, 3], [5, 1, 4], [5, 2, 2], [5, 2, 3], [5, 2, 4], [6, 1, 2], [6, 1, 3], [6, 1, 4], [6, 2, 2], [6, 2, 3], [6, 2, 4], [4, 1, 1], 0, [2, 1, 1], [5, 1, 1], [6, 1, 1], [4, 2, 1], [2, 2, 1], [5, 2, 1], [3, 1, 1], [6, 2, 1], [3, 2, 1], [1, 1, 1], [1, 2, 1]]
37	-4.78318	43.26743	62	49	12	familyI	[[1, 1, 2], [1, 1, 3], [1, 1, 4], [1, 2, 2], [1, 2, 3], [1, 2, 4], [2, 1, 2], [2, 1, 3], [2, 1, 4], [2, 2, 2], [2, 2, 3], [2, 2, 4], [3, 1, 2], [3, 1, 3], [3, 1, 4], [3, 2, 2], [3, 2, 3], [3, 2, 4], [4, 1, 2], [4, 1, 3], [4, 1, 4], [4, 2, 2], [4, 2, 3], [4, 2, 4], [5, 1, 2], [5, 1, 3], [5, 1, 4], [5, 2, 2], [5, 2, 3], [5, 2, 4], [6, 1, 2], [6, 1, 3], [6, 1, 4], [6, 2, 2], [6, 2, 3], [6, 2, 4], [5, 1, 1], 0, [6, 1, 1], [1, 1, 1], [5, 2, 1], [6, 2, 1], [3, 1, 1], [1, 2, 1], [3, 2, 1], [2, 1, 1], [2, 2, 1], [4, 1, 1], [4, 2, 1]]
38	-4.77872	43.28363	62	68	12	familyI	[[1, 1, 2], [1, 1, 3], [1, 1, 4], [1, 2, 2], [1, 2, 3], [1, 2, 4], [2, 1, 2], [2, 1, 3], [2, 1, 4], [2, 2, 2], [2, 2, 3], [2, 2, 4], [3, 1, 2], [3, 1, 3], [3, 1, 4], [3, 2, 2], [3, 2, 3], [3, 2, 4], [4, 1, 2], [4, 1, 3], [4, 1, 4], [4, 2, 2], [4, 2, 3], [4, 2, 4], [5, 1, 2], [5, 1, 3], [5, 1, 4], [5, 2, 2], [5, 2, 3], [5, 2, 4], [6, 1, 2], [6, 1, 3], [6, 1, 4], [6, 2, 2], [6, 2, 3], [6, 2, 4], [5, 1, 1], 0, [6, 1, 1], [1, 1, 1], [5, 2, 1], [3, 1, 1], [6, 2, 1], [1, 2, 1], [3, 2, 1], [2, 1, 1], [4, 1, 1], [2, 2, 1], [4, 2, 1]]
39	-4.7679	43.3009	62	50	12	familyII	[[1, 1, 4], [1, 2, 4], [2, 1, 4], [2, 2, 4], [3, 1, 4], [3, 2, 4], [4, 1, 4], [4, 2, 4], [5, 1, 4], [5, 2, 4], [6, 1, 4], [6, 2, 4], [5, 2, 3], 0, [5, 1, 3], [1, 2, 3], [6, 2, 3], [5, 2, 2], [1, 1, 3], [6, 1, 3], [5, 1, 2], [1, 2, 2], [6, 2, 2], [5, 2, 1], [1, 1, 2], [6, 1, 2], [5, 1, 1], [1, 2, 1], [6, 2, 1], [1, 1, 1], [6, 1, 1], [2, 2, 3], [4, 2, 3], [3, 2, 3], [2, 1, 3], [2, 2, 2], [4, 1, 3], [3, 1, 3], [4, 2, 2], [3, 2, 2], [2, 1, 2], [2, 2, 1], [4, 1, 2], [3, 1, 2], [4, 2, 1], [3, 2, 1], [2, 1, 1], [4, 1, 1], [3, 1, 1]]
40	-4.76723	43.30012	62	31	12	pensionerII	[[1, 1, 3], [1, 1, 4], [1, 2, 3], [1, 2, 4], [2, 1, 3], [2, 1, 4], [2, 2, 3], [2, 2, 4], [3, 1, 3], [3, 1, 4], [3, 2, 3], [3, 2, 4], [4, 1, 3], [4, 1, 4], [4, 2, 3], [4, 2, 4], [5, 1, 3], [5, 1, 4], [5, 2, 3], [5, 2, 4], [6, 1, 3], [6, 1, 4], [6, 2, 3], [6, 2, 4], [2, 2, 2], 0, [2, 2, 1], [6, 2, 2], [6, 2, 1], [2, 1, 2], [5, 2, 2], [2, 1, 1], [5, 2, 1], [6, 1, 2], [6, 1, 1], [5, 1, 2], [5, 1, 1], [4, 2, 2], [3, 2, 2], [4, 2, 1], [3, 2, 1], [1, 2, 2], [1, 2, 1], [4, 1, 2], [3, 1, 2], [4, 1, 1], [3, 1, 1], [1, 1, 2], [1, 1, 1]]
41	-4.76032	43.27839	62	75	12	familyI	[[1, 1, 2], [1, 1, 3], [1, 1, 4], [1, 2, 2], [1, 2, 3], [1, 2, 4], [2, 1, 2], [2, 1, 3], [2, 1, 4], [2, 2, 2], [2, 2, 3], [2, 2, 4], [3, 1, 2], [3, 1, 3], [3, 1, 4], [3, 2, 2], [3, 2, 3], [3, 2, 4], [4, 1, 2], [4, 1, 3], [4, 1, 4], [4, 2, 2], [4, 2, 3], [4, 2, 4], [5, 1, 2], [5, 1, 3], [5, 1, 4], [5, 2, 2], [5, 2, 3], [5, 2, 4], [6, 1, 2], [6, 1, 3], [6, 1, 4], [6, 2, 2], [6, 2, 3], [6, 2, 4], [1, 1, 1], 0, [6, 1, 1], [3, 1, 1], [1, 2, 1], [5, 1, 1], [6, 2, 1], [3, 2, 1], [5, 2, 1], [4, 1, 1], [2, 1, 1], [4, 2, 1], [2, 2, 1]]
42	-4.76374	43.27689	62	24	12	pensionerII	[[1, 1, 3], [1, 1, 4], [1, 2, 3], [1, 2, 4], [2, 1, 3], [2, 1, 4], [2, 2, 3], [2, 2, 4], [3, 1, 3], [3, 1, 4], [3, 2, 3], [3, 2, 4], [4, 1, 3], [4, 1, 4], [4, 2, 3], [4, 2, 4], [5, 1, 3], [5, 1, 4], [5, 2, 3], [5, 2, 4], [6, 1, 3], [6, 1, 4], [6, 2, 3], [6, 2, 4], [5, 1, 2], 0, [6, 1, 2], [2, 1, 2], [5, 1, 1], [6, 1, 1], [2, 1, 1], [5, 2, 2], [6, 2, 2], [2, 2, 2], [5, 2, 1], [6, 2, 1], [2, 2, 1], [1, 1, 2], [1, 1, 1], [3, 1, 2], [3, 1, 1], [4, 1, 2], [4, 1, 1], [1, 2, 2], [1, 2, 1], [3, 2, 2], [3, 2, 1], [4, 2, 2], [4, 2, 1]]
43	-4.76418	43.269	62	45	12	familyI	[[1, 1, 2], [1, 1, 3], [1, 1, 4], [1, 2, 2], [1, 2, 3], [1, 2, 4], [2, 1, 2], [2, 1, 3], [2, 1, 4], [2, 2, 2], [2, 2, 3], [2, 2, 4], [3, 1, 2], [3, 1, 3], [3, 1, 4], [3, 2, 2], [3, 2, 3], [3, 2, 4], [4, 1, 2], [4, 1, 3], [4, 1, 4], [4, 2, 2], [4, 2, 3], [4, 2, 4], [5, 1, 2], [5, 1, 3], [5, 1, 4], [5, 2, 2], [5, 2, 3], [5, 2, 4], [6, 1, 2], [6, 1, 3], [6, 1, 4], [6, 2, 2], [6, 2, 3], [6, 2, 4], [1, 2, 1], 0, [5, 2, 1], [1, 1, 1], [5, 1, 1], [6, 2, 1], [6, 1, 1], [3, 2, 1], [3, 1, 1], [4, 2, 1], [2, 2, 1], [4, 1, 1], [2, 1, 1]]
44	-4.76553	43.27074	62	33	12	pensionerI	[[1, 1, 2], [1, 1, 3], [1, 1, 4], [1, 2, 2], [1, 2, 3], [1, 2, 4], [2, 1, 2], [2, 1, 3], [2, 1, 4], [2, 2, 2], [2, 2, 3], [2, 2, 4], [3, 1, 2], [3, 1, 3], [3, 1, 4], [3, 2, 2], [3, 2, 3], [3, 2, 4], [4, 1, 2], [4, 1, 3], [4, 1, 4], [4, 2, 2], [4, 2, 3], [4, 2, 4], [5, 1, 2], [5, 1, 3], [5, 1, 4], [5, 2, 2], [5, 2, 3], [5, 2, 4], [6, 1, 2], [6, 1, 3], [6, 1, 4], [6, 2, 2], [6, 2, 3], [6, 2, 4], [2, 1, 1], 0, [3, 1, 1], [6, 1, 1], [2, 2, 1], [4, 1, 1], [3, 2, 1], [5, 1, 1], [6, 2, 1], [1, 1, 1], [4, 2, 1], [5, 2, 1], [1, 2, 1]]
45	-4.77497	43.27719	62	23	12	pensionerII	[[1, 1, 3], [1, 1, 4], [1, 2, 3], [1, 2, 4], [2, 1, 3], [2, 1, 4], [2, 2, 3], [2, 2, 4], [3, 1, 3], [3, 1, 4], [3, 2, 3], [3, 2, 4], [4, 1, 3], [4, 1, 4], [4, 2, 3], [4, 2, 4], [5, 1, 3], [5, 1, 4], [5, 2, 3], [5, 2, 4], [6, 1, 3], [6, 1, 4], [6, 2, 3], [6, 2, 4], [5, 2, 2], 0, [5, 2, 1], [2, 2, 2], [2, 2, 1], [6, 2, 2], [6, 2, 1], [5, 1, 2], [5, 1, 1], [1, 2, 2], [4, 2, 2], [1, 2, 1], [4, 2, 1], [2, 1, 2], [3, 2, 2], [2, 1, 1], [3, 2, 1], [6, 1, 2], [6, 1, 1], [1, 1, 2], [4, 1, 2], [1, 1, 1], [4, 1, 1], [3, 1, 2], [3, 1, 1]]
46	-4.77454	43.27451	62	39	12	pensionerII	[[1, 1, 3], [1, 1, 4], [1, 2, 3], [1, 2, 4], [2, 1, 3], [2, 1, 4], [2, 2, 3], [2, 2, 4], [3, 1, 3], [3, 1, 4], [3, 2, 3], [3, 2, 4], [4, 1, 3], [4, 1, 4], [4, 2, 3], [4, 2, 4], [5, 1, 3], [5, 1, 4], [5, 2, 3], [5, 2, 4], [6, 1, 3], [6, 1, 4], [6, 2, 3], [6, 2, 4], [5, 2, 2], 0, [5, 2, 1], [2, 2, 2], [2, 2, 1], [6, 2, 2], [6, 2, 1], [5, 1, 2], [5, 1, 1], [2, 1, 2], [2, 1, 1], [4, 2, 2], [4, 2, 1], [6, 1, 2], [6, 1, 1], [1, 2, 2], [1, 2, 1], [3, 2, 2], [3, 2, 1], [4, 1, 2], [4, 1, 1], [1, 1, 2], [1, 1, 1], [3, 1, 2], [3, 1, 1]]
47	-4.76152	43.29024	62	43	12	familyI	[[1, 1, 2], [1, 1, 3], [1, 1, 4], [1, 2, 2], [1, 2, 3], [1, 2, 4], [2, 1, 2], [2, 1, 3], [2, 1, 4], [2, 2, 2], [2, 2, 3], [2, 2, 4], [3, 1, 2], [3, 1, 3], [3, 1, 4], [3, 2, 2], [3, 2, 3], [3, 2, 4], [4, 1, 2], [4, 1, 3], [4, 1, 4], [4, 2, 2], [4, 2, 3], [4, 2, 4], [5, 1, 2], [5, 1, 3], [5, 1, 4], [5, 2, 2], [5, 2, 3], [5, 2, 4], [6, 1, 2], [6, 1, 3], [6, 1, 4], [6, 2, 2], [6, 2, 3], [6, 2, 4], [6, 1, 1], 0, [1, 1, 1], [3, 1, 1], [5, 1, 1], [6, 2, 1], [1, 2, 1], [4, 1, 1], [3, 2, 1], [5, 2, 1], [2, 1, 1], [4, 2, 1], [2, 2, 1]]
48	-4.76227	43.28077	62	67	12	familyI	[[1, 1, 2], [1, 1, 3], [1, 1, 4], [1, 2, 2], [1, 2, 3], [1, 2, 4], [2, 1, 2], [2, 1, 3], [2, 1, 4], [2, 2, 2], [2, 2, 3], [2, 2, 4], [3, 1, 2], [3, 1, 3], [3, 1, 4], [3, 2, 2], [3, 2, 3], [3, 2, 4], [4, 1, 2], [4, 1, 3], [4, 1, 4], [4, 2, 2], [4, 2, 3], [4, 2, 4], [5, 1, 2], [5, 1, 3], [5, 1, 4], [5, 2, 2], [5, 2, 3], [5, 2, 4], [6, 1, 2], [6, 1, 3], [6, 1, 4], [6, 2, 2], [6, 2, 3], [6, 2, 4], [5, 1, 1], 0, [3, 1, 1], [6, 1, 1], [1, 1, 1], [5, 2, 1], [3, 2, 1], [6, 2, 1], [1, 2, 1], [2, 1, 1], [4, 1, 1], [2, 2, 1], [4, 2, 1]]
49	-4.75808	43.28735	62	50	12	businessI	[[1, 1, 4], [1, 2, 4], [2, 1, 4], [2, 2, 4], [3, 1, 1], [3, 1, 2], [3, 1, 3], [3, 1, 4], [3, 2, 1], [3, 2, 2], [3, 2, 3], [3, 2, 4], [4, 1, 1], [4, 1, 2], [4, 1, 3], [4, 1, 4], [4, 2, 1], [4, 2, 2], [4, 2, 3], [4, 2, 4], [5, 1, 4], [5, 2, 4], [6, 1, 4], [6, 2, 4], [1, 1, 3], 0, [1, 1, 2], [1, 1, 1], [2, 1, 3], [2, 1, 2], [2, 1, 1], [5, 1, 3], [5, 1, 2], [6, 1, 3], [5, 1, 1], [6, 1, 2], [6, 1, 1], [1, 2, 3], [1, 2, 2], [1, 2, 1], [2, 2, 3], [2, 2, 2], [2, 2, 1], [5, 2, 3], [5, 2, 2], [6, 2, 3], [5, 2, 1], [6, 2, 2], [6, 2, 1]]
50	-4.76434	43.28701	62	25	12	pensionerI	[[1, 1, 2], [1, 1, 3], [1, 1, 4], [1, 2, 2], [1, 2, 3], [1, 2, 4], [2, 1, 2], [2, 1, 3], [2, 1, 4], [2, 2, 2], [2, 2, 3], [2, 2, 4], [3, 1, 2], [3, 1, 3], [3, 1, 4], [3, 2, 2], [3, 2, 3], [3, 2, 4], [4, 1, 2], [4, 1, 3], [4, 1, 4], [4, 2, 2], [4, 2, 3], [4, 2, 4], [5, 1, 2], [5, 1, 3], [5, 1, 4], [5, 2, 2], [5, 2, 3], [5, 2, 4], [6, 1, 2], [6, 1, 3], [6, 1, 4], [6, 2, 2], [6, 2, 3], [6, 2, 4], [4, 2, 1], 0, [2, 2, 1], [1, 2, 1], [6, 2, 1], [3, 2, 1], [4, 1, 1], [2, 1, 1], [1, 1, 1], [6, 1, 1], [3, 1, 1], [5, 2, 1], [5, 1, 1]]
51	-4.77523	43.29636	62	36	12	pensionerII	[[1, 1, 3], [1, 1, 4], [1, 2, 3], [1, 2, 4], [2, 1, 3], [2, 1, 4], [2, 2, 3], [2, 2, 4], [3, 1, 3], [3, 1, 4], [3, 2, 3], [3, 2, 4], [4, 1, 3], [4, 1, 4], [4, 2, 3], [4, 2, 4], [5, 1, 3], [5, 1, 4], [5, 2, 3], [5, 2, 4], [6, 1, 3], [6, 1, 4], [6, 2, 3], [6, 2, 4], [2, 1, 2], 0, [2, 1, 1], [5, 1, 2], [5, 1, 1], [6, 1, 2], [6, 1, 1], [2, 2, 2], [2, 2, 1], [5, 2, 2], [5, 2, 1], [6, 2, 2], [6, 2, 1], [1, 1, 2], [1, 1, 1], [4, 1, 2], [4, 1, 1], [3, 1, 2], [3, 1, 1], [1, 2, 2], [1, 2, 1], [4, 2, 2], [4, 2, 1], [3, 2, 2], [3, 2, 1]]
52	-4.76778	43.28614	62	43	12	businessI	[[1, 1, 4], [1, 2, 4], [2, 1, 4], [2, 2, 4], [3, 1, 1], [3, 1, 2], [3, 1, 3], [3, 1, 4], [3, 2, 1], [3, 2, 2], [3, 2, 3], [3, 2, 4], [4, 1, 1], [4, 1, 2], [4, 1, 3], [4, 1, 4], [4, 2, 1], [4, 2, 2], [4, 2, 3], [4, 2, 4], [5, 1, 4], [5, 2, 4], [6, 1, 4], [6, 2, 4], [1, 2, 3], 0, [6, 2, 3], [1, 2, 2], [6, 2, 2], [1, 2, 1], [6, 2, 1], [5, 2, 3], [5, 2, 2], [5, 2, 1], [1, 1, 3], [6, 1, 3], [1, 1, 2], [6, 1, 2], [1, 1, 1], [6, 1, 1], [2, 2, 3], [5, 1, 3], [2, 2, 2], [5, 1, 2], [2, 2, 1], [5, 1, 1], [2, 1, 3], [2, 1, 2], [2, 1, 1]]
53	-4.76357	43.3118	62	65	12	familyI	[[1, 1, 2], [1, 1, 3], [1, 1, 4], [1, 2, 2], [1, 2, 3], [1, 2, 4], [2, 1, 2], [2, 1, 3], [2, 1, 4], [2, 2, 2], [2, 2, 3], [2, 2, 4], [3, 1, 2], [3, 1, 3], [3, 1, 4], [3, 2, 2], [3, 2, 3], [3, 2, 4], [4, 1, 2], [4, 1, 3], [4, 1, 4], [4, 2, 2], [4, 2, 3], [4, 2, 4], [5, 1, 2], [5, 1, 3], [5, 1, 4], [5, 2, 2], [5, 2, 3], [5, 2, 4], [6, 1, 2], [6, 1, 3], [6, 1, 4], [6, 2, 2], [6, 2, 3], [6, 2, 4], [1, 1, 1], 0, [5, 1, 1], [6, 1, 1], [1, 2, 1], [5, 2, 1], [6, 2, 1], [3, 1, 1], [2, 1, 1], [4, 1, 1], [3, 2, 1], [2, 2, 1], [4, 2, 1]]
54	-4.81868	43.31611	57	51	12	familyI	[[1, 1, 2], [1, 1, 3], [1, 1, 4], [1, 2, 2], [1, 2, 3], [1, 2, 4], [2, 1, 2], [2, 1, 3], [2, 1, 4], [2, 2, 2], [2, 2, 3], [2, 2, 4], [3, 1, 2], [3, 1, 3], [3, 1, 4], [3, 2, 2], [3, 2, 3], [3, 2, 4], [4, 1, 2], [4, 1, 3], [4, 1, 4], [4, 2, 2], [4, 2, 3], [4, 2, 4], [5, 1, 2], [5, 1, 3], [5, 1, 4], [5, 2, 2], [5, 2, 3], [5, 2, 4], [6, 1, 2], [6, 1, 3], [6, 1, 4], [6, 2, 2], [6, 2, 3], [6, 2, 4], [3, 2, 1], 0, [1, 2, 1], [3, 1, 1], [5, 2, 1], [1, 1, 1], [6, 2, 1], [5, 1, 1], [6, 1, 1], [2, 2, 1], [2, 1, 1], [4, 2, 1], [4, 1, 1]]
55	-4.79377	43.27993	62	50	12	familyII	[[1, 1, 4], [1, 2, 4], [2, 1, 4], [2, 2, 4], [3, 1, 4], [3, 2, 4], [4, 1, 4], [4, 2, 4], [5, 1, 4], [5, 2, 4], [6, 1, 4], [6, 2, 4], [6, 2, 3], 0, [5, 2, 3], [1, 2, 3], [6, 2, 2], [5, 2, 2], [1, 2, 2], [6, 2, 1], [5, 2, 1], [1, 2, 1], [6, 1, 3], [5, 1, 3], [1, 1, 3], [6, 1, 2], [5, 1, 2], [1, 1, 2], [4, 2, 3], [6, 1, 1], [3, 2, 3], [5, 1, 1], [1, 1, 1], [4, 2, 2], [3, 2, 2], [4, 2, 1], [2, 2, 3], [3, 2, 1], [4, 1, 3], [2, 2, 2], [3, 1, 3], [4, 1, 2], [2, 2, 1], [3, 1, 2], [4, 1, 1], [2, 1, 3], [3, 1, 1], [2, 1, 2], [2, 1, 1]]
56	-4.87638	43.36773	51	65	12	familyI	[[1, 1, 2], [1, 1, 3], [1, 1, 4], [1, 2, 2], [1, 2, 3], [1, 2, 4], [2, 1, 2], [2, 1, 3], [2, 1, 4], [2, 2, 2], [2, 2, 3], [2, 2, 4], [3, 1, 2], [3, 1, 3], [3, 1, 4], [3, 2, 2], [3, 2, 3], [3, 2, 4], [4, 1, 2], [4, 1, 3], [4, 1, 4], [4, 2, 2], [4, 2, 3], [4, 2, 4], [5, 1, 2], [5, 1, 3], [5, 1, 4], [5, 2, 2], [5, 2, 3], [5, 2, 4], [6, 1, 2], [6, 1, 3], [6, 1, 4], [6, 2, 2], [6, 2, 3], [6, 2, 4], [5, 1, 1], 0, [6, 1, 1], [1, 1, 1], [3, 1, 1], [5, 2, 1], [4, 1, 1], [6, 2, 1], [1, 2, 1], [3, 2, 1], [2, 1, 1], [4, 2, 1], [2, 2, 1]]
57	-4.87674	43.36899	51	54	12	businessI	[[1, 1, 4], [1, 2, 4], [2, 1, 4], [2, 2, 4], [3, 1, 1], [3, 1, 2], [3, 1, 3], [3, 1, 4], [3, 2, 1], [3, 2, 2], [3, 2, 3], [3, 2, 4], [4, 1, 1], [4, 1, 2], [4, 1, 3], [4, 1, 4], [4, 2, 1], [4, 2, 2], [4, 2, 3], [4, 2, 4], [5, 1, 4], [5, 2, 4], [6, 1, 4], [6, 2, 4], [2, 1, 3], 0, [2, 1, 2], [1, 1, 3], [2, 1, 1], [1, 1, 2], [6, 1, 3], [1, 1, 1], [6, 1, 2], [6, 1, 1], [5, 1, 3], [5, 1, 2], [5, 1, 1], [2, 2, 3], [2, 2, 2], [1, 2, 3], [2, 2, 1], [1, 2, 2], [6, 2, 3], [1, 2, 1], [6, 2, 2], [6, 2, 1], [5, 2, 3], [5, 2, 2], [5, 2, 1]]
58	-4.77097	43.36346	52	29	12	pensionerI	[[1, 1, 2], [1, 1, 3], [1, 1, 4], [1, 2, 2], [1, 2, 3], [1, 2, 4], [2, 1, 2], [2, 1, 3], [2, 1, 4], [2, 2, 2], [2, 2, 3], [2, 2, 4], [3, 1, 2], [3, 1, 3], [3, 1, 4], [3, 2, 2], [3, 2, 3], [3, 2, 4], [4, 1, 2], [4, 1, 3], [4, 1, 4], [4, 2, 2], [4, 2, 3], [4, 2, 4], [5, 1, 2], [5, 1, 3], [5, 1, 4], [5, 2, 2], [5, 2, 3], [5, 2, 4], [6, 1, 2], [6, 1, 3], [6, 1, 4], [6, 2, 2], [6, 2, 3], [6, 2, 4], [4, 1, 1], 0, [1, 1, 1], [3, 1, 1], [2, 1, 1], [5, 1, 1], [4, 2, 1], [1, 2, 1], [6, 1, 1], [3, 2, 1], [2, 2, 1], [5, 2, 1], [6, 2, 1]]
59	-4.77211	43.36242	52	35	12	pensionerII	[[1, 1, 3], [1, 1, 4], [1, 2, 3], [1, 2, 4], [2, 1, 3], [2, 1, 4], [2, 2, 3], [2, 2, 4], [3, 1, 3], [3, 1, 4], [3, 2, 3], [3, 2, 4], [4, 1, 3], [4, 1, 4], [4, 2, 3], [4, 2, 4], [5, 1, 3], [5, 1, 4], [5, 2, 3], [5, 2, 4], [6, 1, 3], [6, 1, 4], [6, 2, 3], [6, 2, 4], [2, 2, 2], 0, [2, 2, 1], [5, 2, 2], [5, 2, 1], [6, 2, 2], [6, 2, 1], [2, 1, 2], [2, 1, 1], [5, 1, 2], [5, 1, 1], [4, 2, 2], [4, 2, 1], [1, 2, 2], [1, 2, 1], [6, 1, 2], [3, 2, 2], [6, 1, 1], [3, 2, 1], [4, 1, 2], [4, 1, 1], [1, 1, 2], [1, 1, 1], [3, 1, 2], [3, 1, 1]]
60	-4.77977	43.33541	52	69	12	familyI	[[1, 1, 2], [1, 1, 3], [1, 1, 4], [1, 2, 2], [1, 2, 3], [1, 2, 4], [2, 1, 2], [2, 1, 3], [2, 1, 4], [2, 2, 2], [2, 2, 3], [2, 2, 4], [3, 1, 2], [3, 1, 3], [3, 1, 4], [3, 2, 2], [3, 2, 3], [3, 2, 4], [4, 1, 2], [4, 1, 3], [4, 1, 4], [4, 2, 2], [4, 2, 3], [4, 2, 4], [5, 1, 2], [5, 1, 3], [5, 1, 4], [5, 2, 2], [5, 2, 3], [5, 2, 4], [6, 1, 2], [6, 1, 3], [6, 1, 4], [6, 2, 2], [6, 2, 3], [6, 2, 4], [5, 2, 1], 0, [6, 2, 1], [1, 2, 1], [3, 2, 1], [5, 1, 1], [2, 2, 1], [4, 2, 1], [6, 1, 1], [1, 1, 1], [3, 1, 1], [2, 1, 1], [4, 1, 1]]
61	-4.77451	43.33618	52	46	12	businessI	[[1, 1, 4], [1, 2, 4], [2, 1, 4], [2, 2, 4], [3, 1, 1], [3, 1, 2], [3, 1, 3], [3, 1, 4], [3, 2, 1], [3, 2, 2], [3, 2, 3], [3, 2, 4], [4, 1, 1], [4, 1, 2], [4, 1, 3], [4, 1, 4], [4, 2, 1], [4, 2, 2], [4, 2, 3], [4, 2, 4], [5, 1, 4], [5, 2, 4], [6, 1, 4], [6, 2, 4], [6, 1, 3], 0, [6, 1, 2], [6, 1, 1], [1, 1, 3], [1, 1, 2], [1, 1, 1], [2, 1, 3], [2, 1, 2], [2, 1, 1], [5, 1, 3], [5, 1, 2], [5, 1, 1], [6, 2, 3], [6, 2, 2], [6, 2, 1], [1, 2, 3], [1, 2, 2], [1, 2, 1], [2, 2, 3], [2, 2, 2], [2, 2, 1], [5, 2, 3], [5, 2, 2], [5, 2, 1]]
62	-4.76061	43.33398	52	41	12	businessI	[[1, 1, 4], [1, 2, 4], [2, 1, 4], [2, 2, 4], [3, 1, 1], [3, 1, 2], [3, 1, 3], [3, 1, 4], [3, 2, 1], [3, 2, 2], [3, 2, 3], [3, 2, 4], [4, 1, 1], [4, 1, 2], [4, 1, 3], [4, 1, 4], [4, 2, 1], [4, 2, 2], [4, 2, 3], [4, 2, 4], [5, 1, 4], [5, 2, 4], [6, 1, 4], [6, 2, 4], [1, 1, 3], 0, [5, 1, 3], [1, 1, 2], [5, 1, 2], [2, 1, 3], [1, 1, 1], [5, 1, 1], [2, 1, 2], [2, 1, 1], [6, 1, 3], [6, 1, 2], [6, 1, 1], [1, 2, 3], [5, 2, 3], [1, 2, 2], [5, 2, 2], [2, 2, 3], [1, 2, 1], [5, 2, 1], [2, 2, 2], [2, 2, 1], [6, 2, 3], [6, 2, 2], [6, 2, 1]]
63	-4.77931	43.3485	52	53	12	businessII	[[1, 1, 4], [1, 2, 4], [2, 1, 1], [2, 1, 2], [2, 1, 3], [2, 1, 4], [2, 2, 1], [2, 2, 2], [2, 2, 3], [2, 2, 4], [3, 1, 1], [3, 1, 2], [3, 1, 3], [3, 1, 4], [3, 2, 1], [3, 2, 2], [3, 2, 3], [3, 2, 4], [4, 1, 1], [4, 1, 2], [4, 1, 3], [4, 1, 4], [4, 2, 1], [4, 2, 2], [4, 2, 3], [4, 2, 4], [5, 1, 1], [5, 1, 2], [5, 1, 3], [5, 1, 4], [5, 2, 1], [5, 2, 2], [5, 2, 3], [5, 2, 4], [6, 1, 4], [6, 2, 4], [6, 1, 3], 0, [6, 1, 2], [6, 1, 1], [1, 1, 3], [1, 1, 2], [1, 1, 1], [6, 2, 3], [6, 2, 2], [6, 2, 1], [1, 2, 3], [1, 2, 2], [1, 2, 1]]
64	-4.78287	43.34992	52	35	12	businessII	[[1, 1, 4], [1, 2, 4], [2, 1, 1], [2, 1, 2], [2, 1, 3], [2, 1, 4], [2, 2, 1], [2, 2, 2], [2, 2, 3], [2, 2, 4], [3, 1, 1], [3, 1, 2], [3, 1, 3], [3, 1, 4], [3, 2, 1], [3, 2, 2], [3, 2, 3], [3, 2, 4], [4, 1, 1], [4, 1, 2], [4, 1, 3], [4, 1, 4], [4, 2, 1], [4, 2, 2], [4, 2, 3], [4, 2, 4], [5, 1, 1], [5, 1, 2], [5, 1, 3], [5, 1, 4], [5, 2, 1], [5, 2, 2], [5, 2, 3], [5, 2, 4], [6, 1, 4], [6, 2, 4], [6, 2, 3], 0, [6, 2, 2], [6, 2, 1], [1, 2, 3], [1, 2, 2], [1, 2, 1], [6, 1, 3], [6, 1, 2], [6, 1, 1], [1, 1, 3], [1, 1, 2], [1, 1, 1]]
65	-4.78355	43.3427	52	39	12	pensionerII	[[1, 1, 3], [1, 1, 4], [1, 2, 3], [1, 2, 4], [2, 1, 3], [2, 1, 4], [2, 2, 3], [2, 2, 4], [3, 1, 3], [3, 1, 4], [3, 2, 3], [3, 2, 4], [4, 1, 3], [4, 1, 4], [4, 2, 3], [4, 2, 4], [5, 1, 3], [5, 1, 4], [5, 2, 3], [5, 2, 4], [6, 1, 3], [6, 1, 4], [6, 2, 3], [6, 2, 4], [6, 1, 2], 0, [6, 1, 1], [5, 1, 2], [5, 1, 1], [6, 2, 2], [2, 1, 2], [6, 2, 1], [2, 1, 1], [5, 2, 2], [5, 2, 1], [2, 2, 2], [2, 2, 1], [1, 1, 2], [1, 1, 1], [4, 1, 2], [3, 1, 2], [4, 1, 1], [3, 1, 1], [1, 2, 2], [1, 2, 1], [4, 2, 2], [3, 2, 2], [4, 2, 1], [3, 2, 1]]
66	-4.81329	43.39327	47	43	12	businessI	[[1, 1, 4], [1, 2, 4], [2, 1, 4], [2, 2, 4], [3, 1, 1], [3, 1, 2], [3, 1, 3], [3, 1, 4], [3, 2, 1], [3, 2, 2], [3, 2, 3], [3, 2, 4], [4, 1, 1], [4, 1, 2], [4, 1, 3], [4, 1, 4], [4, 2, 1], [4, 2, 2], [4, 2, 3], [4, 2, 4], [5, 1, 4], [5, 2, 4], [6, 1, 4], [6, 2, 4], [2, 2, 3], 0, [2, 2, 2], [1, 2, 3], [5, 2, 3], [2, 2, 1], [1, 2, 2], [5, 2, 2], [1, 2, 1], [5, 2, 1], [6, 2, 3], [6, 2, 2], [6, 2, 1], [2, 1, 3], [2, 1, 2], [1, 1, 3], [5, 1, 3], [2, 1, 1], [1, 1, 2], [5, 1, 2], [1, 1, 1], [5, 1, 1], [6, 1, 3], [6, 1, 2], [6, 1, 1]]
67	-4.81313	43.37363	47	47	12	businessI	[[1, 1, 4], [1, 2, 4], [2, 1, 4], [2, 2, 4], [3, 1, 1], [3, 1, 2], [3, 1, 3], [3, 1, 4], [3, 2, 1], [3, 2, 2], [3, 2, 3], [3, 2, 4], [4, 1, 1], [4, 1, 2], [4, 1, 3], [4, 1, 4], [4, 2, 1], [4, 2, 2], [4, 2, 3], [4, 2, 4], [5, 1, 4], [5, 2, 4], [6, 1, 4], [6, 2, 4], [1, 1, 3], 0, [2, 1, 3], [1, 1, 2], [2, 1, 2], [1, 1, 1], [2, 1, 1], [5, 1, 3], [1, 2, 3], [2, 2, 3], [5, 1, 2], [1, 2, 2], [2, 2, 2], [5, 1, 1], [1, 2, 1], [2, 2, 1], [6, 1, 3], [6, 1, 2], [6, 1, 1], [5, 2, 3], [5, 2, 2], [5, 2, 1], [6, 2, 3], [6, 2, 2], [6, 2, 1]]
68	-4.81313	43.37363	47	32	12	pensionerII	[[1, 1, 3], [1, 1, 4], [1, 2, 3], [1, 2, 4], [2, 1, 3], [2, 1, 4], [2, 2, 3], [2, 2, 4], [3, 1, 3], [3, 1, 4], [3, 2, 3], [3, 2, 4], [4, 1, 3], [4, 1, 4], [4, 2, 3], [4, 2, 4], [5, 1, 3], [5, 1, 4], [5, 2, 3], [5, 2, 4], [6, 1, 3], [6, 1, 4], [6, 2, 3], [6, 2, 4], [2, 2, 2], 0, [2, 2, 1], [5, 2, 2], [5, 2, 1], [6, 2, 2], [6, 2, 1], [3, 2, 2], [3, 2, 1], [1, 2, 2], [1, 2, 1], [2, 1, 2], [2, 1, 1], [5, 1, 2], [4, 2, 2], [5, 1, 1], [4, 2, 1], [6, 1, 2], [6, 1, 1], [3, 1, 2], [3, 1, 1], [1, 1, 2], [1, 1, 1], [4, 1, 2], [4, 1, 1]]
69	-4.77772	43.36674	52	38	12	pensionerII	[[1, 1, 3], [1, 1, 4], [1, 2, 3], [1, 2, 4], [2, 1, 3], [2, 1, 4], [2, 2, 3], [2, 2, 4], [3, 1, 3], [3, 1, 4], [3, 2, 3], [3, 2, 4], [4, 1, 3], [4, 1, 4], [4, 2, 3], [4, 2, 4], [5, 1, 3], [5, 1, 4], [5, 2, 3], [5, 2, 4], [6, 1, 3], [6, 1, 4], [6, 2, 3], [6, 2, 4], [2, 1, 2], 0, [5, 1, 2], [2, 1, 1], [5, 1, 1], [6, 1, 2], [6, 1, 1], [2, 2, 2], [5, 2, 2], [2, 2, 1], [5, 2, 1], [6, 2, 2], [6, 2, 1], [4, 1, 2], [4, 1, 1], [1, 1, 2], [1, 1, 1], [3, 1, 2], [3, 1, 1], [4, 2, 2], [4, 2, 1], [1, 2, 2], [1, 2, 1], [3, 2, 2], [3, 2, 1]]
70	-4.77742	43.36697	52	30	12	pensionerI	[[1, 1, 2], [1, 1, 3], [1, 1, 4], [1, 2, 2], [1, 2, 3], [1, 2, 4], [2, 1, 2], [2, 1, 3], [2, 1, 4], [2, 2, 2], [2, 2, 3], [2, 2, 4], [3, 1, 2], [3, 1, 3], [3, 1, 4], [3, 2, 2], [3, 2, 3], [3, 2, 4], [4, 1, 2], [4, 1, 3], [4, 1, 4], [4, 2, 2], [4, 2, 3], [4, 2, 4], [5, 1, 2], [5, 1, 3], [5, 1, 4], [5, 2, 2], [5, 2, 3], [5, 2, 4], [6, 1, 2], [6, 1, 3], [6, 1, 4], [6, 2, 2], [6, 2, 3], [6, 2, 4], [3, 2, 1], 0, [3, 1, 1], [2, 2, 1], [1, 2, 1], [6, 2, 1], [2, 1, 1], [1, 1, 1], [6, 1, 1], [4, 2, 1], [4, 1, 1], [5, 2, 1], [5, 1, 1]]
71	-4.75491	43.34752	52	78	12	familyI	[[1, 1, 2], [1, 1, 3], [1, 1, 4], [1, 2, 2], [1, 2, 3], [1, 2, 4], [2, 1, 2], [2, 1, 3], [2, 1, 4], [2, 2, 2], [2, 2, 3], [2, 2, 4], [3, 1, 2], [3, 1, 3], [3, 1, 4], [3, 2, 2], [3, 2, 3], [3, 2, 4], [4, 1, 2], [4, 1, 3], [4, 1, 4], [4, 2, 2], [4, 2, 3], [4, 2, 4], [5, 1, 2], [5, 1, 3], [5, 1, 4], [5, 2, 2], [5, 2, 3], [5, 2, 4], [6, 1, 2], [6, 1, 3], [6, 1, 4], [6, 2, 2], [6, 2, 3], [6, 2, 4], [3, 2, 1], 0, [6, 2, 1], [5, 2, 1], [1, 2, 1], [3, 1, 1], [6, 1, 1], [5, 1, 1], [1, 1, 1], [4, 2, 1], [2, 2, 1], [4, 1, 1], [2, 1, 1]]
72	-4.80746	43.33652	52	76	12	familyII	[[1, 1, 4], [1, 2, 4], [2, 1, 4], [2, 2, 4], [3, 1, 4], [3, 2, 4], [4, 1, 4], [4, 2, 4], [5, 1, 4], [5, 2, 4], [6, 1, 4], [6, 2, 4], [1, 2, 3], 0, [1, 1, 3], [6, 2, 3], [6, 1, 3], [5, 2, 3], [5, 1, 3], [1, 2, 2], [1, 1, 2], [6, 2, 2], [6, 1, 2], [5, 2, 2], [5, 1, 2], [1, 2, 1], [1, 1, 1], [6, 2, 1], [6, 1, 1], [5, 2, 1], [5, 1, 1], [2, 2, 3], [2, 1, 3], [3, 2, 3], [3, 1, 3], [4, 2, 3], [4, 1, 3], [2, 2, 2], [2, 1, 2], [3, 2, 2], [3, 1, 2], [4, 2, 2], [4, 1, 2], [2, 2, 1], [2, 1, 1], [3, 2, 1], [3, 1, 1], [4, 2, 1], [4, 1, 1]]