S3n72d2w6-120p5-4-8c6_1679308062

DAYS
2

WINDOWS
1	480	600
2	600	720
3	720	840
4	840	960
5	960	1080
6	1080	1200

FEES
1	5
2	6
3	7
4	8

CLUSTERS
CLUST NO.	LONCOORD.	LATCOORD.

47	-4.82743	43.36927
51	-4.87416	43.3423
52	-4.7807	43.3423
57	-4.82743	43.31532
61	-4.87416	43.28834
62	-4.7807	43.28834

CUSTOMERS
CUST NO.	LONCOORD.	LATCOORD.	CLUST NO.	BASKET.	SERVICE TIME.	SEGMENT.	PREF LIST.
0	-4.82743	43.31532	0	0	0	0	0
1	-4.84267	43.29531	57	51	12	businessI	[[1, 1, 4], [1, 2, 4], [2, 1, 4], [2, 2, 4], [3, 1, 1], [3, 1, 2], [3, 1, 3], [3, 1, 4], [3, 2, 1], [3, 2, 2], [3, 2, 3], [3, 2, 4], [4, 1, 1], [4, 1, 2], [4, 1, 3], [4, 1, 4], [4, 2, 1], [4, 2, 2], [4, 2, 3], [4, 2, 4], [5, 1, 4], [5, 2, 4], [6, 1, 4], [6, 2, 4], [1, 2, 3], 0, [1, 2, 2], [1, 2, 1], [1, 1, 3], [1, 1, 2], [1, 1, 1], [6, 2, 3], [6, 2, 2], [5, 2, 3], [6, 2, 1], [5, 2, 2], [6, 1, 3], [5, 2, 1], [6, 1, 2], [5, 1, 3], [6, 1, 1], [5, 1, 2], [2, 2, 3], [5, 1, 1], [2, 2, 2], [2, 2, 1], [2, 1, 3], [2, 1, 2], [2, 1, 1]]
2	-4.81078	43.30019	57	58	12	familyII	[[1, 1, 4], [1, 2, 4], [2, 1, 4], [2, 2, 4], [3, 1, 4], [3, 2, 4], [4, 1, 4], [4, 2, 4], [5, 1, 4], [5, 2, 4], [6, 1, 4], [6, 2, 4], [6, 2, 3], 0, [1, 2, 3], [5, 2, 3], [6, 2, 2], [1, 2, 2], [5, 2, 2], [6, 2, 1], [1, 2, 1], [5, 2, 1], [4, 2, 3], [2, 2, 3], [4, 2, 2], [3, 2, 3], [6, 1, 3], [2, 2, 2], [1, 1, 3], [4, 2, 1], [3, 2, 2], [5, 1, 3], [6, 1, 2], [2, 2, 1], [1, 1, 2], [3, 2, 1], [5, 1, 2], [6, 1, 1], [1, 1, 1], [5, 1, 1], [4, 1, 3], [2, 1, 3], [4, 1, 2], [3, 1, 3], [2, 1, 2], [4, 1, 1], [3, 1, 2], [2, 1, 1], [3, 1, 1]]
3	-4.83614	43.30867	57	37	12	businessII	[[1, 1, 4], [1, 2, 4], [2, 1, 1], [2, 1, 2], [2, 1, 3], [2, 1, 4], [2, 2, 1], [2, 2, 2], [2, 2, 3], [2, 2, 4], [3, 1, 1], [3, 1, 2], [3, 1, 3], [3, 1, 4], [3, 2, 1], [3, 2, 2], [3, 2, 3], [3, 2, 4], [4, 1, 1], [4, 1, 2], [4, 1, 3], [4, 1, 4], [4, 2, 1], [4, 2, 2], [4, 2, 3], [4, 2, 4], [5, 1, 1], [5, 1, 2], [5, 1, 3], [5, 1, 4], [5, 2, 1], [5, 2, 2], [5, 2, 3], [5, 2, 4], [6, 1, 4], [6, 2, 4], [1, 2, 3], 0, [1, 2, 2], [1, 2, 1], [6, 2, 3], [6, 2, 2], [6, 2, 1], [1, 1, 3], [1, 1, 2], [1, 1, 1], [6, 1, 3], [6, 1, 2], [6, 1, 1]]
4	-4.80373	43.30043	62	55	12	businessI	[[1, 1, 4], [1, 2, 4], [2, 1, 4], [2, 2, 4], [3, 1, 1], [3, 1, 2], [3, 1, 3], [3, 1, 4], [3, 2, 1], [3, 2, 2], [3, 2, 3], [3, 2, 4], [4, 1, 1], [4, 1, 2], [4, 1, 3], [4, 1, 4], [4, 2, 1], [4, 2, 2], [4, 2, 3], [4, 2, 4], [5, 1, 4], [5, 2, 4], [6, 1, 4], [6, 2, 4], [6, 1, 3], 0, [2, 1, 3], [6, 1, 2], [2, 1, 2], [6, 1, 1], [2, 1, 1], [5, 1, 3], [5, 1, 2], [5, 1, 1], [1, 1, 3], [1, 1, 2], [1, 1, 1], [6, 2, 3], [2, 2, 3], [6, 2, 2], [2, 2, 2], [6, 2, 1], [2, 2, 1], [5, 2, 3], [5, 2, 2], [5, 2, 1], [1, 2, 3], [1, 2, 2], [1, 2, 1]]
5	-4.83298	43.30321	57	38	12	pensionerI	[[1, 1, 2], [1, 1, 3], [1, 1, 4], [1, 2, 2], [1, 2, 3], [1, 2, 4], [2, 1, 2], [2, 1, 3], [2, 1, 4], [2, 2, 2], [2, 2, 3], [2, 2, 4], [3, 1, 2], [3, 1, 3], [3, 1, 4], [3, 2, 2], [3, 2, 3], [3, 2, 4], [4, 1, 2], [4, 1, 3], [4, 1, 4], [4, 2, 2], [4, 2, 3], [4, 2, 4], [5, 1, 2], [5, 1, 3], [5, 1, 4], [5, 2, 2], [5, 2, 3], [5, 2, 4], [6, 1, 2], [6, 1, 3], [6, 1, 4], [6, 2, 2], [6, 2, 3], [6, 2, 4], [1, 2, 1], 0, [3, 2, 1], [4, 2, 1], [1, 1, 1], [3, 1, 1], [4, 1, 1], [5, 2, 1], [5, 1, 1], [6, 2, 1], [6, 1, 1], [2, 2, 1], [2, 1, 1]]
6	-4.818	43.30811	57	30	12	pensionerI	[[1, 1, 2], [1, 1, 3], [1, 1, 4], [1, 2, 2], [1, 2, 3], [1, 2, 4], [2, 1, 2], [2, 1, 3], [2, 1, 4], [2, 2, 2], [2, 2, 3], [2, 2, 4], [3, 1, 2], [3, 1, 3], [3, 1, 4], [3, 2, 2], [3, 2, 3], [3, 2, 4], [4, 1, 2], [4, 1, 3], [4, 1, 4], [4, 2, 2], [4, 2, 3], [4, 2, 4], [5, 1, 2], [5, 1, 3], [5, 1, 4], [5, 2, 2], [5, 2, 3], [5, 2, 4], [6, 1, 2], [6, 1, 3], [6, 1, 4], [6, 2, 2], [6, 2, 3], [6, 2, 4], [3, 1, 1], 0, [1, 1, 1], [6, 1, 1], [3, 2, 1], [1, 2, 1], [4, 1, 1], [6, 2, 1], [4, 2, 1], [5, 1, 1], [2, 1, 1], [5, 2, 1], [2, 2, 1]]
7	-4.80098	43.30099	62	52	12	familyI	[[1, 1, 2], [1, 1, 3], [1, 1, 4], [1, 2, 2], [1, 2, 3], [1, 2, 4], [2, 1, 2], [2, 1, 3], [2, 1, 4], [2, 2, 2], [2, 2, 3], [2, 2, 4], [3, 1, 2], [3, 1, 3], [3, 1, 4], [3, 2, 2], [3, 2, 3], [3, 2, 4], [4, 1, 2], [4, 1, 3], [4, 1, 4], [4, 2, 2], [4, 2, 3], [4, 2, 4], [5, 1, 2], [5, 1, 3], [5, 1, 4], [5, 2, 2], [5, 2, 3], [5, 2, 4], [6, 1, 2], [6, 1, 3], [6, 1, 4], [6, 2, 2], [6, 2, 3], [6, 2, 4], [6, 2, 1], 0, [1, 2, 1], [5, 2, 1], [3, 2, 1], [6, 1, 1], [1, 1, 1], [5, 1, 1], [4, 2, 1], [3, 1, 1], [2, 2, 1], [4, 1, 1], [2, 1, 1]]
8	-4.79671	43.30526	62	27	12	pensionerII	[[1, 1, 3], [1, 1, 4], [1, 2, 3], [1, 2, 4], [2, 1, 3], [2, 1, 4], [2, 2, 3], [2, 2, 4], [3, 1, 3], [3, 1, 4], [3, 2, 3], [3, 2, 4], [4, 1, 3], [4, 1, 4], [4, 2, 3], [4, 2, 4], [5, 1, 3], [5, 1, 4], [5, 2, 3], [5, 2, 4], [6, 1, 3], [6, 1, 4], [6, 2, 3], [6, 2, 4], [6, 1, 2], 0, [6, 1, 1], [2, 1, 2], [2, 1, 1], [5, 1, 2], [5, 1, 1], [6, 2, 2], [6, 2, 1], [2, 2, 2], [2, 2, 1], [5, 2, 2], [5, 2, 1], [3, 1, 2], [3, 1, 1], [4, 1, 2], [4, 1, 1], [3, 2, 2], [3, 2, 1], [4, 2, 2], [4, 2, 1], [1, 1, 2], [1, 1, 1], [1, 2, 2], [1, 2, 1]]
9	-4.78853	43.31037	62	38	12	businessI	[[1, 1, 4], [1, 2, 4], [2, 1, 4], [2, 2, 4], [3, 1, 1], [3, 1, 2], [3, 1, 3], [3, 1, 4], [3, 2, 1], [3, 2, 2], [3, 2, 3], [3, 2, 4], [4, 1, 1], [4, 1, 2], [4, 1, 3], [4, 1, 4], [4, 2, 1], [4, 2, 2], [4, 2, 3], [4, 2, 4], [5, 1, 4], [5, 2, 4], [6, 1, 4], [6, 2, 4], [5, 2, 3], 0, [5, 2, 2], [1, 2, 3], [5, 2, 1], [1, 2, 2], [1, 2, 1], [6, 2, 3], [6, 2, 2], [6, 2, 1], [2, 2, 3], [2, 2, 2], [2, 2, 1], [5, 1, 3], [5, 1, 2], [1, 1, 3], [5, 1, 1], [1, 1, 2], [1, 1, 1], [6, 1, 3], [6, 1, 2], [6, 1, 1], [2, 1, 3], [2, 1, 2], [2, 1, 1]]
10	-4.81874	43.30784	57	43	12	businessII	[[1, 1, 4], [1, 2, 4], [2, 1, 1], [2, 1, 2], [2, 1, 3], [2, 1, 4], [2, 2, 1], [2, 2, 2], [2, 2, 3], [2, 2, 4], [3, 1, 1], [3, 1, 2], [3, 1, 3], [3, 1, 4], [3, 2, 1], [3, 2, 2], [3, 2, 3], [3, 2, 4], [4, 1, 1], [4, 1, 2], [4, 1, 3], [4, 1, 4], [4, 2, 1], [4, 2, 2], [4, 2, 3], [4, 2, 4], [5, 1, 1], [5, 1, 2], [5, 1, 3], [5, 1, 4], [5, 2, 1], [5, 2, 2], [5, 2, 3], [5, 2, 4], [6, 1, 4], [6, 2, 4], [6, 1, 3], 0, [6, 1, 2], [6, 1, 1], [1, 1, 3], [1, 1, 2], [1, 1, 1], [6, 2, 3], [6, 2, 2], [6, 2, 1], [1, 2, 3], [1, 2, 2], [1, 2, 1]]
11	-4.8343	43.29884	57	54	12	businessII	[[1, 1, 4], [1, 2, 4], [2, 1, 1], [2, 1, 2], [2, 1, 3], [2, 1, 4], [2, 2, 1], [2, 2, 2], [2, 2, 3], [2, 2, 4], [3, 1, 1], [3, 1, 2], [3, 1, 3], [3, 1, 4], [3, 2, 1], [3, 2, 2], [3, 2, 3], [3, 2, 4], [4, 1, 1], [4, 1, 2], [4, 1, 3], [4, 1, 4], [4, 2, 1], [4, 2, 2], [4, 2, 3], [4, 2, 4], [5, 1, 1], [5, 1, 2], [5, 1, 3], [5, 1, 4], [5, 2, 1], [5, 2, 2], [5, 2, 3], [5, 2, 4], [6, 1, 4], [6, 2, 4], [1, 2, 3], 0, [1, 2, 2], [1, 2, 1], [6, 2, 3], [6, 2, 2], [6, 2, 1], [1, 1, 3], [1, 1, 2], [1, 1, 1], [6, 1, 3], [6, 1, 2], [6, 1, 1]]
12	-4.89663	43.34002	51	77	12	familyII	[[1, 1, 4], [1, 2, 4], [2, 1, 4], [2, 2, 4], [3, 1, 4], [3, 2, 4], [4, 1, 4], [4, 2, 4], [5, 1, 4], [5, 2, 4], [6, 1, 4], [6, 2, 4], [5, 1, 3], 0, [1, 1, 3], [5, 1, 2], [1, 1, 2], [6, 1, 3], [5, 1, 1], [1, 1, 1], [6, 1, 2], [6, 1, 1], [5, 2, 3], [1, 2, 3], [2, 1, 3], [5, 2, 2], [1, 2, 2], [4, 1, 3], [6, 2, 3], [2, 1, 2], [5, 2, 1], [1, 2, 1], [4, 1, 2], [3, 1, 3], [6, 2, 2], [2, 1, 1], [4, 1, 1], [3, 1, 2], [6, 2, 1], [3, 1, 1], [2, 2, 3], [4, 2, 3], [2, 2, 2], [4, 2, 2], [3, 2, 3], [2, 2, 1], [4, 2, 1], [3, 2, 2], [3, 2, 1]]
13	-4.80794	43.31101	57	20	12	pensionerI	[[1, 1, 2], [1, 1, 3], [1, 1, 4], [1, 2, 2], [1, 2, 3], [1, 2, 4], [2, 1, 2], [2, 1, 3], [2, 1, 4], [2, 2, 2], [2, 2, 3], [2, 2, 4], [3, 1, 2], [3, 1, 3], [3, 1, 4], [3, 2, 2], [3, 2, 3], [3, 2, 4], [4, 1, 2], [4, 1, 3], [4, 1, 4], [4, 2, 2], [4, 2, 3], [4, 2, 4], [5, 1, 2], [5, 1, 3], [5, 1, 4], [5, 2, 2], [5, 2, 3], [5, 2, 4], [6, 1, 2], [6, 1, 3], [6, 1, 4], [6, 2, 2], [6, 2, 3], [6, 2, 4], [3, 1, 1], 0, [5, 1, 1], [2, 1, 1], [6, 1, 1], [3, 2, 1], [5, 2, 1], [1, 1, 1], [2, 2, 1], [6, 2, 1], [1, 2, 1], [4, 1, 1], [4, 2, 1]]
14	-4.80844	43.3069	57	39	12	pensionerII	[[1, 1, 3], [1, 1, 4], [1, 2, 3], [1, 2, 4], [2, 1, 3], [2, 1, 4], [2, 2, 3], [2, 2, 4], [3, 1, 3], [3, 1, 4], [3, 2, 3], [3, 2, 4], [4, 1, 3], [4, 1, 4], [4, 2, 3], [4, 2, 4], [5, 1, 3], [5, 1, 4], [5, 2, 3], [5, 2, 4], [6, 1, 3], [6, 1, 4], [6, 2, 3], [6, 2, 4], [2, 1, 2], 0, [2, 1, 1], [6, 1, 2], [6, 1, 1], [5, 1, 2], [5, 1, 1], [2, 2, 2], [2, 2, 1], [6, 2, 2], [6, 2, 1], [5, 2, 2], [5, 2, 1], [3, 1, 2], [3, 1, 1], [1, 1, 2], [1, 1, 1], [4, 1, 2], [4, 1, 1], [3, 2, 2], [3, 2, 1], [1, 2, 2], [1, 2, 1], [4, 2, 2], [4, 2, 1]]
15	-4.84209	43.29818	57	40	12	familyII	[[1, 1, 4], [1, 2, 4], [2, 1, 4], [2, 2, 4], [3, 1, 4], [3, 2, 4], [4, 1, 4], [4, 2, 4], [5, 1, 4], [5, 2, 4], [6, 1, 4], [6, 2, 4], [1, 1, 3], 0, [1, 1, 2], [6, 1, 3], [5, 1, 3], [1, 1, 1], [6, 1, 2], [5, 1, 2], [6, 1, 1], [5, 1, 1], [2, 1, 3], [3, 1, 3], [1, 2, 3], [4, 1, 3], [2, 1, 2], [3, 1, 2], [1, 2, 2], [4, 1, 2], [6, 2, 3], [2, 1, 1], [5, 2, 3], [3, 1, 1], [1, 2, 1], [4, 1, 1], [6, 2, 2], [5, 2, 2], [6, 2, 1], [5, 2, 1], [2, 2, 3], [3, 2, 3], [4, 2, 3], [2, 2, 2], [3, 2, 2], [4, 2, 2], [2, 2, 1], [3, 2, 1], [4, 2, 1]]
16	-4.85085	43.29303	61	22	12	pensionerII	[[1, 1, 3], [1, 1, 4], [1, 2, 3], [1, 2, 4], [2, 1, 3], [2, 1, 4], [2, 2, 3], [2, 2, 4], [3, 1, 3], [3, 1, 4], [3, 2, 3], [3, 2, 4], [4, 1, 3], [4, 1, 4], [4, 2, 3], [4, 2, 4], [5, 1, 3], [5, 1, 4], [5, 2, 3], [5, 2, 4], [6, 1, 3], [6, 1, 4], [6, 2, 3], [6, 2, 4], [6, 2, 2], 0, [6, 2, 1], [5, 2, 2], [5, 2, 1], [2, 2, 2], [2, 2, 1], [6, 1, 2], [6, 1, 1], [5, 1, 2], [5, 1, 1], [2, 1, 2], [2, 1, 1], [3, 2, 2], [3, 2, 1], [4, 2, 2], [4, 2, 1], [1, 2, 2], [1, 2, 1], [3, 1, 2], [3, 1, 1], [4, 1, 2], [4, 1, 1], [1, 1, 2], [1, 1, 1]]
17	-4.81496	43.32094	57	35	12	businessII	[[1, 1, 4], [1, 2, 4], [2, 1, 1], [2, 1, 2], [2, 1, 3], [2, 1, 4], [2, 2, 1], [2, 2, 2], [2, 2, 3], [2, 2, 4], [3, 1, 1], [3, 1, 2], [3, 1, 3], [3, 1, 4], [3, 2, 1], [3, 2, 2], [3, 2, 3], [3, 2, 4], [4, 1, 1], [4, 1, 2], [4, 1, 3], [4, 1, 4], [4, 2, 1], [4, 2, 2], [4, 2, 3], [4, 2, 4], [5, 1, 1], [5, 1, 2], [5, 1, 3], [5, 1, 4], [5, 2, 1], [5, 2, 2], [5, 2, 3], [5, 2, 4], [6, 1, 4], [6, 2, 4], [6, 2, 3], 0, [6, 2, 2], [6, 2, 1], [1, 2, 3], [1, 2, 2], [1, 2, 1], [6, 1, 3], [6, 1, 2], [6, 1, 1], [1, 1, 3], [1, 1, 2], [1, 1, 1]]
18	-4.86753	43.30444	61	33	12	pensionerI	[[1, 1, 2], [1, 1, 3], [1, 1, 4], [1, 2, 2], [1, 2, 3], [1, 2, 4], [2, 1, 2], [2, 1, 3], [2, 1, 4], [2, 2, 2], [2, 2, 3], [2, 2, 4], [3, 1, 2], [3, 1, 3], [3, 1, 4], [3, 2, 2], [3, 2, 3], [3, 2, 4], [4, 1, 2], [4, 1, 3], [4, 1, 4], [4, 2, 2], [4, 2, 3], [4, 2, 4], [5, 1, 2], [5, 1, 3], [5, 1, 4], [5, 2, 2], [5, 2, 3], [5, 2, 4], [6, 1, 2], [6, 1, 3], [6, 1, 4], [6, 2, 2], [6, 2, 3], [6, 2, 4], [4, 2, 1], 0, [2, 2, 1], [3, 2, 1], [6, 2, 1], [5, 2, 1], [4, 1, 1], [2, 1, 1], [3, 1, 1], [6, 1, 1], [1, 2, 1], [5, 1, 1], [1, 1, 1]]
19	-4.86587	43.29942	61	21	12	pensionerII	[[1, 1, 3], [1, 1, 4], [1, 2, 3], [1, 2, 4], [2, 1, 3], [2, 1, 4], [2, 2, 3], [2, 2, 4], [3, 1, 3], [3, 1, 4], [3, 2, 3], [3, 2, 4], [4, 1, 3], [4, 1, 4], [4, 2, 3], [4, 2, 4], [5, 1, 3], [5, 1, 4], [5, 2, 3], [5, 2, 4], [6, 1, 3], [6, 1, 4], [6, 2, 3], [6, 2, 4], [5, 2, 2], 0, [5, 2, 1], [2, 2, 2], [2, 2, 1], [6, 2, 2], [6, 2, 1], [5, 1, 2], [5, 1, 1], [2, 1, 2], [2, 1, 1], [6, 1, 2], [6, 1, 1], [3, 2, 2], [3, 2, 1], [4, 2, 2], [4, 2, 1], [1, 2, 2], [1, 2, 1], [3, 1, 2], [3, 1, 1], [4, 1, 2], [4, 1, 1], [1, 1, 2], [1, 1, 1]]
20	-4.86892	43.30348	61	28	12	pensionerI	[[1, 1, 2], [1, 1, 3], [1, 1, 4], [1, 2, 2], [1, 2, 3], [1, 2, 4], [2, 1, 2], [2, 1, 3], [2, 1, 4], [2, 2, 2], [2, 2, 3], [2, 2, 4], [3, 1, 2], [3, 1, 3], [3, 1, 4], [3, 2, 2], [3, 2, 3], [3, 2, 4], [4, 1, 2], [4, 1, 3], [4, 1, 4], [4, 2, 2], [4, 2, 3], [4, 2, 4], [5, 1, 2], [5, 1, 3], [5, 1, 4], [5, 2, 2], [5, 2, 3], [5, 2, 4], [6, 1, 2], [6, 1, 3], [6, 1, 4], [6, 2, 2], [6, 2, 3], [6, 2, 4], [6, 1, 1], 0, [4, 1, 1], [2, 1, 1], [5, 1, 1], [1, 1, 1], [6, 2, 1], [4, 2, 1], [3, 1, 1], [2, 2, 1], [5, 2, 1], [1, 2, 1], [3, 2, 1]]
21	-4.87156	43.30683	61	41	12	familyII	[[1, 1, 4], [1, 2, 4], [2, 1, 4], [2, 2, 4], [3, 1, 4], [3, 2, 4], [4, 1, 4], [4, 2, 4], [5, 1, 4], [5, 2, 4], [6, 1, 4], [6, 2, 4], [6, 1, 3], 0, [5, 1, 3], [1, 1, 3], [6, 1, 2], [5, 1, 2], [1, 1, 2], [6, 1, 1], [5, 1, 1], [1, 1, 1], [3, 1, 3], [2, 1, 3], [3, 1, 2], [6, 2, 3], [4, 1, 3], [2, 1, 2], [3, 1, 1], [5, 2, 3], [1, 2, 3], [6, 2, 2], [4, 1, 2], [2, 1, 1], [5, 2, 2], [1, 2, 2], [6, 2, 1], [4, 1, 1], [5, 2, 1], [1, 2, 1], [3, 2, 3], [2, 2, 3], [3, 2, 2], [4, 2, 3], [2, 2, 2], [3, 2, 1], [4, 2, 2], [2, 2, 1], [4, 2, 1]]
22	-4.86078	43.28126	61	68	12	familyII	[[1, 1, 4], [1, 2, 4], [2, 1, 4], [2, 2, 4], [3, 1, 4], [3, 2, 4], [4, 1, 4], [4, 2, 4], [5, 1, 4], [5, 2, 4], [6, 1, 4], [6, 2, 4], [6, 1, 3], 0, [6, 1, 2], [5, 1, 3], [1, 1, 3], [6, 1, 1], [5, 1, 2], [1, 1, 2], [5, 1, 1], [1, 1, 1], [6, 2, 3], [6, 2, 2], [5, 2, 3], [1, 2, 3], [4, 1, 3], [6, 2, 1], [3, 1, 3], [5, 2, 2], [1, 2, 2], [4, 1, 2], [2, 1, 3], [3, 1, 2], [5, 2, 1], [1, 2, 1], [4, 1, 1], [2, 1, 2], [3, 1, 1], [2, 1, 1], [4, 2, 3], [3, 2, 3], [4, 2, 2], [2, 2, 3], [3, 2, 2], [4, 2, 1], [2, 2, 2], [3, 2, 1], [2, 2, 1]]
23	-4.84959	43.28045	61	43	12	familyI	[[1, 1, 2], [1, 1, 3], [1, 1, 4], [1, 2, 2], [1, 2, 3], [1, 2, 4], [2, 1, 2], [2, 1, 3], [2, 1, 4], [2, 2, 2], [2, 2, 3], [2, 2, 4], [3, 1, 2], [3, 1, 3], [3, 1, 4], [3, 2, 2], [3, 2, 3], [3, 2, 4], [4, 1, 2], [4, 1, 3], [4, 1, 4], [4, 2, 2], [4, 2, 3], [4, 2, 4], [5, 1, 2], [5, 1, 3], [5, 1, 4], [5, 2, 2], [5, 2, 3], [5, 2, 4], [6, 1, 2], [6, 1, 3], [6, 1, 4], [6, 2, 2], [6, 2, 3], [6, 2, 4], [1, 2, 1], 0, [6, 2, 1], [5, 2, 1], [3, 2, 1], [2, 2, 1], [1, 1, 1], [6, 1, 1], [4, 2, 1], [5, 1, 1], [3, 1, 1], [2, 1, 1], [4, 1, 1]]
24	-4.86521	43.30974	61	46	12	businessI	[[1, 1, 4], [1, 2, 4], [2, 1, 4], [2, 2, 4], [3, 1, 1], [3, 1, 2], [3, 1, 3], [3, 1, 4], [3, 2, 1], [3, 2, 2], [3, 2, 3], [3, 2, 4], [4, 1, 1], [4, 1, 2], [4, 1, 3], [4, 1, 4], [4, 2, 1], [4, 2, 2], [4, 2, 3], [4, 2, 4], [5, 1, 4], [5, 2, 4], [6, 1, 4], [6, 2, 4], [2, 2, 3], 0, [2, 2, 2], [5, 2, 3], [2, 2, 1], [5, 2, 2], [1, 2, 3], [5, 2, 1], [1, 2, 2], [1, 2, 1], [6, 2, 3], [6, 2, 2], [6, 2, 1], [2, 1, 3], [2, 1, 2], [5, 1, 3], [2, 1, 1], [5, 1, 2], [1, 1, 3], [5, 1, 1], [1, 1, 2], [1, 1, 1], [6, 1, 3], [6, 1, 2], [6, 1, 1]]
25	-4.86437	43.27853	61	55	12	businessI	[[1, 1, 4], [1, 2, 4], [2, 1, 4], [2, 2, 4], [3, 1, 1], [3, 1, 2], [3, 1, 3], [3, 1, 4], [3, 2, 1], [3, 2, 2], [3, 2, 3], [3, 2, 4], [4, 1, 1], [4, 1, 2], [4, 1, 3], [4, 1, 4], [4, 2, 1], [4, 2, 2], [4, 2, 3], [4, 2, 4], [5, 1, 4], [5, 2, 4], [6, 1, 4], [6, 2, 4], [6, 1, 3], 0, [6, 1, 2], [6, 1, 1], [2, 1, 3], [2, 1, 2], [2, 1, 1], [6, 2, 3], [6, 2, 2], [6, 2, 1], [2, 2, 3], [5, 1, 3], [2, 2, 2], [5, 1, 2], [1, 1, 3], [2, 2, 1], [5, 1, 1], [1, 1, 2], [1, 1, 1], [5, 2, 3], [5, 2, 2], [1, 2, 3], [5, 2, 1], [1, 2, 2], [1, 2, 1]]
26	-4.85017	43.27831	61	40	12	pensionerII	[[1, 1, 3], [1, 1, 4], [1, 2, 3], [1, 2, 4], [2, 1, 3], [2, 1, 4], [2, 2, 3], [2, 2, 4], [3, 1, 3], [3, 1, 4], [3, 2, 3], [3, 2, 4], [4, 1, 3], [4, 1, 4], [4, 2, 3], [4, 2, 4], [5, 1, 3], [5, 1, 4], [5, 2, 3], [5, 2, 4], [6, 1, 3], [6, 1, 4], [6, 2, 3], [6, 2, 4], [2, 1, 2], 0, [2, 1, 1], [6, 1, 2], [6, 1, 1], [5, 1, 2], [5, 1, 1], [2, 2, 2], [2, 2, 1], [6, 2, 2], [6, 2, 1], [1, 1, 2], [1, 1, 1], [5, 2, 2], [5, 2, 1], [4, 1, 2], [4, 1, 1], [3, 1, 2], [3, 1, 1], [1, 2, 2], [1, 2, 1], [4, 2, 2], [4, 2, 1], [3, 2, 2], [3, 2, 1]]
27	-4.84604	43.28625	61	32	12	pensionerI	[[1, 1, 2], [1, 1, 3], [1, 1, 4], [1, 2, 2], [1, 2, 3], [1, 2, 4], [2, 1, 2], [2, 1, 3], [2, 1, 4], [2, 2, 2], [2, 2, 3], [2, 2, 4], [3, 1, 2], [3, 1, 3], [3, 1, 4], [3, 2, 2], [3, 2, 3], [3, 2, 4], [4, 1, 2], [4, 1, 3], [4, 1, 4], [4, 2, 2], [4, 2, 3], [4, 2, 4], [5, 1, 2], [5, 1, 3], [5, 1, 4], [5, 2, 2], [5, 2, 3], [5, 2, 4], [6, 1, 2], [6, 1, 3], [6, 1, 4], [6, 2, 2], [6, 2, 3], [6, 2, 4], [6, 2, 1], 0, [5, 2, 1], [3, 2, 1], [1, 2, 1], [4, 2, 1], [6, 1, 1], [5, 1, 1], [3, 1, 1], [1, 1, 1], [4, 1, 1], [2, 2, 1], [2, 1, 1]]
28	-4.85984	43.27979	61	37	12	businessI	[[1, 1, 4], [1, 2, 4], [2, 1, 4], [2, 2, 4], [3, 1, 1], [3, 1, 2], [3, 1, 3], [3, 1, 4], [3, 2, 1], [3, 2, 2], [3, 2, 3], [3, 2, 4], [4, 1, 1], [4, 1, 2], [4, 1, 3], [4, 1, 4], [4, 2, 1], [4, 2, 2], [4, 2, 3], [4, 2, 4], [5, 1, 4], [5, 2, 4], [6, 1, 4], [6, 2, 4], [6, 1, 3], 0, [6, 1, 2], [6, 1, 1], [1, 1, 3], [2, 1, 3], [1, 1, 2], [5, 1, 3], [2, 1, 2], [1, 1, 1], [5, 1, 2], [2, 1, 1], [5, 1, 1], [6, 2, 3], [6, 2, 2], [6, 2, 1], [1, 2, 3], [2, 2, 3], [1, 2, 2], [5, 2, 3], [2, 2, 2], [1, 2, 1], [5, 2, 2], [2, 2, 1], [5, 2, 1]]
29	-4.87375	43.30934	61	21	12	pensionerII	[[1, 1, 3], [1, 1, 4], [1, 2, 3], [1, 2, 4], [2, 1, 3], [2, 1, 4], [2, 2, 3], [2, 2, 4], [3, 1, 3], [3, 1, 4], [3, 2, 3], [3, 2, 4], [4, 1, 3], [4, 1, 4], [4, 2, 3], [4, 2, 4], [5, 1, 3], [5, 1, 4], [5, 2, 3], [5, 2, 4], [6, 1, 3], [6, 1, 4], [6, 2, 3], [6, 2, 4], [2, 2, 2], 0, [2, 2, 1], [6, 2, 2], [5, 2, 2], [2, 1, 2], [6, 2, 1], [5, 2, 1], [2, 1, 1], [6, 1, 2], [5, 1, 2], [6, 1, 1], [5, 1, 1], [3, 2, 2], [3, 2, 1], [4, 2, 2], [4, 2, 1], [3, 1, 2], [3, 1, 1], [4, 1, 2], [4, 1, 1], [1, 2, 2], [1, 2, 1], [1, 1, 2], [1, 1, 1]]
30	-4.87549	43.31151	61	51	12	familyI	[[1, 1, 2], [1, 1, 3], [1, 1, 4], [1, 2, 2], [1, 2, 3], [1, 2, 4], [2, 1, 2], [2, 1, 3], [2, 1, 4], [2, 2, 2], [2, 2, 3], [2, 2, 4], [3, 1, 2], [3, 1, 3], [3, 1, 4], [3, 2, 2], [3, 2, 3], [3, 2, 4], [4, 1, 2], [4, 1, 3], [4, 1, 4], [4, 2, 2], [4, 2, 3], [4, 2, 4], [5, 1, 2], [5, 1, 3], [5, 1, 4], [5, 2, 2], [5, 2, 3], [5, 2, 4], [6, 1, 2], [6, 1, 3], [6, 1, 4], [6, 2, 2], [6, 2, 3], [6, 2, 4], [1, 1, 1], 0, [5, 1, 1], [3, 1, 1], [6, 1, 1], [1, 2, 1], [5, 2, 1], [3, 2, 1], [6, 2, 1], [4, 1, 1], [2, 1, 1], [4, 2, 1], [2, 2, 1]]
31	-4.85846	43.28996	61	36	12	businessI	[[1, 1, 4], [1, 2, 4], [2, 1, 4], [2, 2, 4], [3, 1, 1], [3, 1, 2], [3, 1, 3], [3, 1, 4], [3, 2, 1], [3, 2, 2], [3, 2, 3], [3, 2, 4], [4, 1, 1], [4, 1, 2], [4, 1, 3], [4, 1, 4], [4, 2, 1], [4, 2, 2], [4, 2, 3], [4, 2, 4], [5, 1, 4], [5, 2, 4], [6, 1, 4], [6, 2, 4], [2, 2, 3], 0, [2, 2, 2], [2, 2, 1], [1, 2, 3], [1, 2, 2], [1, 2, 1], [6, 2, 3], [6, 2, 2], [5, 2, 3], [6, 2, 1], [5, 2, 2], [5, 2, 1], [2, 1, 3], [2, 1, 2], [2, 1, 1], [1, 1, 3], [1, 1, 2], [1, 1, 1], [6, 1, 3], [6, 1, 2], [5, 1, 3], [6, 1, 1], [5, 1, 2], [5, 1, 1]]
32	-4.87054	43.28594	61	21	12	pensionerII	[[1, 1, 3], [1, 1, 4], [1, 2, 3], [1, 2, 4], [2, 1, 3], [2, 1, 4], [2, 2, 3], [2, 2, 4], [3, 1, 3], [3, 1, 4], [3, 2, 3], [3, 2, 4], [4, 1, 3], [4, 1, 4], [4, 2, 3], [4, 2, 4], [5, 1, 3], [5, 1, 4], [5, 2, 3], [5, 2, 4], [6, 1, 3], [6, 1, 4], [6, 2, 3], [6, 2, 4], [2, 1, 2], 0, [6, 1, 2], [2, 1, 1], [6, 1, 1], [5, 1, 2], [5, 1, 1], [2, 2, 2], [6, 2, 2], [2, 2, 1], [6, 2, 1], [5, 2, 2], [5, 2, 1], [3, 1, 2], [1, 1, 2], [3, 1, 1], [1, 1, 1], [4, 1, 2], [4, 1, 1], [3, 2, 2], [1, 2, 2], [3, 2, 1], [1, 2, 1], [4, 2, 2], [4, 2, 1]]
33	-4.80392	43.28389	62	24	12	pensionerI	[[1, 1, 2], [1, 1, 3], [1, 1, 4], [1, 2, 2], [1, 2, 3], [1, 2, 4], [2, 1, 2], [2, 1, 3], [2, 1, 4], [2, 2, 2], [2, 2, 3], [2, 2, 4], [3, 1, 2], [3, 1, 3], [3, 1, 4], [3, 2, 2], [3, 2, 3], [3, 2, 4], [4, 1, 2], [4, 1, 3], [4, 1, 4], [4, 2, 2], [4, 2, 3], [4, 2, 4], [5, 1, 2], [5, 1, 3], [5, 1, 4], [5, 2, 2], [5, 2, 3], [5, 2, 4], [6, 1, 2], [6, 1, 3], [6, 1, 4], [6, 2, 2], [6, 2, 3], [6, 2, 4], [6, 1, 1], 0, [3, 1, 1], [2, 1, 1], [6, 2, 1], [3, 2, 1], [1, 1, 1], [2, 2, 1], [1, 2, 1], [4, 1, 1], [4, 2, 1], [5, 1, 1], [5, 2, 1]]
34	-4.80147	43.28729	62	42	12	familyI	[[1, 1, 2], [1, 1, 3], [1, 1, 4], [1, 2, 2], [1, 2, 3], [1, 2, 4], [2, 1, 2], [2, 1, 3], [2, 1, 4], [2, 2, 2], [2, 2, 3], [2, 2, 4], [3, 1, 2], [3, 1, 3], [3, 1, 4], [3, 2, 2], [3, 2, 3], [3, 2, 4], [4, 1, 2], [4, 1, 3], [4, 1, 4], [4, 2, 2], [4, 2, 3], [4, 2, 4], [5, 1, 2], [5, 1, 3], [5, 1, 4], [5, 2, 2], [5, 2, 3], [5, 2, 4], [6, 1, 2], [6, 1, 3], [6, 1, 4], [6, 2, 2], [6, 2, 3], [6, 2, 4], [5, 1, 1], 0, [3, 1, 1], [1, 1, 1], [5, 2, 1], [3, 2, 1], [1, 2, 1], [6, 1, 1], [2, 1, 1], [6, 2, 1], [4, 1, 1], [2, 2, 1], [4, 2, 1]]
35	-4.80237	43.275	62	20	12	pensionerI	[[1, 1, 2], [1, 1, 3], [1, 1, 4], [1, 2, 2], [1, 2, 3], [1, 2, 4], [2, 1, 2], [2, 1, 3], [2, 1, 4], [2, 2, 2], [2, 2, 3], [2, 2, 4], [3, 1, 2], [3, 1, 3], [3, 1, 4], [3, 2, 2], [3, 2, 3], [3, 2, 4], [4, 1, 2], [4, 1, 3], [4, 1, 4], [4, 2, 2], [4, 2, 3], [4, 2, 4], [5, 1, 2], [5, 1, 3], [5, 1, 4], [5, 2, 2], [5, 2, 3], [5, 2, 4], [6, 1, 2], [6, 1, 3], [6, 1, 4], [6, 2, 2], [6, 2, 3], [6, 2, 4], [4, 1, 1], 0, [3, 1, 1], [2, 1, 1], [1, 1, 1], [4, 2, 1], [3, 2, 1], [2, 2, 1], [1, 2, 1], [5, 1, 1], [6, 1, 1], [5, 2, 1], [6, 2, 1]]
36	-4.81209	43.2962	57	21	12	pensionerI	[[1, 1, 2], [1, 1, 3], [1, 1, 4], [1, 2, 2], [1, 2, 3], [1, 2, 4], [2, 1, 2], [2, 1, 3], [2, 1, 4], [2, 2, 2], [2, 2, 3], [2, 2, 4], [3, 1, 2], [3, 1, 3], [3, 1, 4], [3, 2, 2], [3, 2, 3], [3, 2, 4], [4, 1, 2], [4, 1, 3], [4, 1, 4], [4, 2, 2], [4, 2, 3], [4, 2, 4], [5, 1, 2], [5, 1, 3], [5, 1, 4], [5, 2, 2], [5, 2, 3], [5, 2, 4], [6, 1, 2], [6, 1, 3], [6, 1, 4], [6, 2, 2], [6, 2, 3], [6, 2, 4], [3, 1, 1], 0, [2, 1, 1], [3, 2, 1], [2, 2, 1], [1, 1, 1], [1, 2, 1], [5, 1, 1], [6, 1, 1], [5, 2, 1], [6, 2, 1], [4, 1, 1], [4, 2, 1]]
37	-4.82976	43.29694	57	41	12	familyI	[[1, 1, 2], [1, 1, 3], [1, 1, 4], [1, 2, 2], [1, 2, 3], [1, 2, 4], [2, 1, 2], [2, 1, 3], [2, 1, 4], [2, 2, 2], [2, 2, 3], [2, 2, 4], [3, 1, 2], [3, 1, 3], [3, 1, 4], [3, 2, 2], [3, 2, 3], [3, 2, 4], [4, 1, 2], [4, 1, 3], [4, 1, 4], [4, 2, 2], [4, 2, 3], [4, 2, 4], [5, 1, 2], [5, 1, 3], [5, 1, 4], [5, 2, 2], [5, 2, 3], [5, 2, 4], [6, 1, 2], [6, 1, 3], [6, 1, 4], [6, 2, 2], [6, 2, 3], [6, 2, 4], [6, 1, 1], 0, [3, 1, 1], [5, 1, 1], [6, 2, 1], [3, 2, 1], [5, 2, 1], [1, 1, 1], [1, 2, 1], [4, 1, 1], [2, 1, 1], [4, 2, 1], [2, 2, 1]]
38	-4.79521	43.27156	62	55	12	businessI	[[1, 1, 4], [1, 2, 4], [2, 1, 4], [2, 2, 4], [3, 1, 1], [3, 1, 2], [3, 1, 3], [3, 1, 4], [3, 2, 1], [3, 2, 2], [3, 2, 3], [3, 2, 4], [4, 1, 1], [4, 1, 2], [4, 1, 3], [4, 1, 4], [4, 2, 1], [4, 2, 2], [4, 2, 3], [4, 2, 4], [5, 1, 4], [5, 2, 4], [6, 1, 4], [6, 2, 4], [5, 1, 3], 0, [5, 1, 2], [5, 1, 1], [1, 1, 3], [6, 1, 3], [1, 1, 2], [6, 1, 2], [1, 1, 1], [6, 1, 1], [2, 1, 3], [2, 1, 2], [2, 1, 1], [5, 2, 3], [5, 2, 2], [5, 2, 1], [1, 2, 3], [6, 2, 3], [1, 2, 2], [6, 2, 2], [1, 2, 1], [6, 2, 1], [2, 2, 3], [2, 2, 2], [2, 2, 1]]
39	-4.79251	43.27198	62	53	12	businessI	[[1, 1, 4], [1, 2, 4], [2, 1, 4], [2, 2, 4], [3, 1, 1], [3, 1, 2], [3, 1, 3], [3, 1, 4], [3, 2, 1], [3, 2, 2], [3, 2, 3], [3, 2, 4], [4, 1, 1], [4, 1, 2], [4, 1, 3], [4, 1, 4], [4, 2, 1], [4, 2, 2], [4, 2, 3], [4, 2, 4], [5, 1, 4], [5, 2, 4], [6, 1, 4], [6, 2, 4], [2, 1, 3], 0, [2, 1, 2], [2, 2, 3], [1, 1, 3], [2, 1, 1], [6, 1, 3], [2, 2, 2], [1, 1, 2], [1, 2, 3], [6, 1, 2], [2, 2, 1], [1, 1, 1], [6, 2, 3], [1, 2, 2], [6, 1, 1], [6, 2, 2], [1, 2, 1], [6, 2, 1], [5, 1, 3], [5, 1, 2], [5, 2, 3], [5, 1, 1], [5, 2, 2], [5, 2, 1]]
40	-4.78558	43.2675	62	51	12	businessII	[[1, 1, 4], [1, 2, 4], [2, 1, 1], [2, 1, 2], [2, 1, 3], [2, 1, 4], [2, 2, 1], [2, 2, 2], [2, 2, 3], [2, 2, 4], [3, 1, 1], [3, 1, 2], [3, 1, 3], [3, 1, 4], [3, 2, 1], [3, 2, 2], [3, 2, 3], [3, 2, 4], [4, 1, 1], [4, 1, 2], [4, 1, 3], [4, 1, 4], [4, 2, 1], [4, 2, 2], [4, 2, 3], [4, 2, 4], [5, 1, 1], [5, 1, 2], [5, 1, 3], [5, 1, 4], [5, 2, 1], [5, 2, 2], [5, 2, 3], [5, 2, 4], [6, 1, 4], [6, 2, 4], [1, 2, 3], 0, [1, 2, 2], [1, 2, 1], [6, 2, 3], [6, 2, 2], [6, 2, 1], [1, 1, 3], [1, 1, 2], [1, 1, 1], [6, 1, 3], [6, 1, 2], [6, 1, 1]]
41	-4.77285	43.26445	62	38	12	businessII	[[1, 1, 4], [1, 2, 4], [2, 1, 1], [2, 1, 2], [2, 1, 3], [2, 1, 4], [2, 2, 1], [2, 2, 2], [2, 2, 3], [2, 2, 4], [3, 1, 1], [3, 1, 2], [3, 1, 3], [3, 1, 4], [3, 2, 1], [3, 2, 2], [3, 2, 3], [3, 2, 4], [4, 1, 1], [4, 1, 2], [4, 1, 3], [4, 1, 4], [4, 2, 1], [4, 2, 2], [4, 2, 3], [4, 2, 4], [5, 1, 1], [5, 1, 2], [5, 1, 3], [5, 1, 4], [5, 2, 1], [5, 2, 2], [5, 2, 3], [5, 2, 4], [6, 1, 4], [6, 2, 4], [1, 2, 3], 0, [1, 2, 2], [1, 2, 1], [6, 2, 3], [6, 2, 2], [6, 2, 1], [1, 1, 3], [1, 1, 2], [1, 1, 1], [6, 1, 3], [6, 1, 2], [6, 1, 1]]
42	-4.77562	43.26546	62	48	12	businessII	[[1, 1, 4], [1, 2, 4], [2, 1, 1], [2, 1, 2], [2, 1, 3], [2, 1, 4], [2, 2, 1], [2, 2, 2], [2, 2, 3], [2, 2, 4], [3, 1, 1], [3, 1, 2], [3, 1, 3], [3, 1, 4], [3, 2, 1], [3, 2, 2], [3, 2, 3], [3, 2, 4], [4, 1, 1], [4, 1, 2], [4, 1, 3], [4, 1, 4], [4, 2, 1], [4, 2, 2], [4, 2, 3], [4, 2, 4], [5, 1, 1], [5, 1, 2], [5, 1, 3], [5, 1, 4], [5, 2, 1], [5, 2, 2], [5, 2, 3], [5, 2, 4], [6, 1, 4], [6, 2, 4], [1, 2, 3], 0, [1, 2, 2], [1, 2, 1], [6, 2, 3], [6, 2, 2], [6, 2, 1], [1, 1, 3], [1, 1, 2], [1, 1, 1], [6, 1, 3], [6, 1, 2], [6, 1, 1]]
43	-4.77582	43.26222	62	42	12	familyII	[[1, 1, 4], [1, 2, 4], [2, 1, 4], [2, 2, 4], [3, 1, 4], [3, 2, 4], [4, 1, 4], [4, 2, 4], [5, 1, 4], [5, 2, 4], [6, 1, 4], [6, 2, 4], [5, 2, 3], 0, [1, 2, 3], [6, 2, 3], [5, 2, 2], [1, 2, 2], [6, 2, 2], [5, 2, 1], [1, 2, 1], [6, 2, 1], [5, 1, 3], [1, 1, 3], [6, 1, 3], [5, 1, 2], [1, 1, 2], [6, 1, 2], [4, 2, 3], [5, 1, 1], [1, 1, 1], [6, 1, 1], [2, 2, 3], [4, 2, 2], [2, 2, 2], [4, 2, 1], [2, 2, 1], [3, 2, 3], [4, 1, 3], [2, 1, 3], [3, 2, 2], [4, 1, 2], [2, 1, 2], [3, 2, 1], [4, 1, 1], [2, 1, 1], [3, 1, 3], [3, 1, 2], [3, 1, 1]]
44	-4.77765	43.27386	62	21	12	pensionerI	[[1, 1, 2], [1, 1, 3], [1, 1, 4], [1, 2, 2], [1, 2, 3], [1, 2, 4], [2, 1, 2], [2, 1, 3], [2, 1, 4], [2, 2, 2], [2, 2, 3], [2, 2, 4], [3, 1, 2], [3, 1, 3], [3, 1, 4], [3, 2, 2], [3, 2, 3], [3, 2, 4], [4, 1, 2], [4, 1, 3], [4, 1, 4], [4, 2, 2], [4, 2, 3], [4, 2, 4], [5, 1, 2], [5, 1, 3], [5, 1, 4], [5, 2, 2], [5, 2, 3], [5, 2, 4], [6, 1, 2], [6, 1, 3], [6, 1, 4], [6, 2, 2], [6, 2, 3], [6, 2, 4], [4, 1, 1], 0, [2, 1, 1], [1, 1, 1], [3, 1, 1], [4, 2, 1], [2, 2, 1], [1, 2, 1], [3, 2, 1], [5, 1, 1], [6, 1, 1], [5, 2, 1], [6, 2, 1]]
45	-4.78231	43.27999	62	28	12	pensionerII	[[1, 1, 3], [1, 1, 4], [1, 2, 3], [1, 2, 4], [2, 1, 3], [2, 1, 4], [2, 2, 3], [2, 2, 4], [3, 1, 3], [3, 1, 4], [3, 2, 3], [3, 2, 4], [4, 1, 3], [4, 1, 4], [4, 2, 3], [4, 2, 4], [5, 1, 3], [5, 1, 4], [5, 2, 3], [5, 2, 4], [6, 1, 3], [6, 1, 4], [6, 2, 3], [6, 2, 4], [2, 1, 2], 0, [6, 1, 2], [2, 1, 1], [6, 1, 1], [2, 2, 2], [6, 2, 2], [2, 2, 1], [6, 2, 1], [5, 1, 2], [5, 1, 1], [5, 2, 2], [5, 2, 1], [1, 1, 2], [1, 1, 1], [4, 1, 2], [4, 1, 1], [1, 2, 2], [1, 2, 1], [4, 2, 2], [4, 2, 1], [3, 1, 2], [3, 1, 1], [3, 2, 2], [3, 2, 1]]
46	-4.7885	43.29599	62	48	12	businessII	[[1, 1, 4], [1, 2, 4], [2, 1, 1], [2, 1, 2], [2, 1, 3], [2, 1, 4], [2, 2, 1], [2, 2, 2], [2, 2, 3], [2, 2, 4], [3, 1, 1], [3, 1, 2], [3, 1, 3], [3, 1, 4], [3, 2, 1], [3, 2, 2], [3, 2, 3], [3, 2, 4], [4, 1, 1], [4, 1, 2], [4, 1, 3], [4, 1, 4], [4, 2, 1], [4, 2, 2], [4, 2, 3], [4, 2, 4], [5, 1, 1], [5, 1, 2], [5, 1, 3], [5, 1, 4], [5, 2, 1], [5, 2, 2], [5, 2, 3], [5, 2, 4], [6, 1, 4], [6, 2, 4], [6, 1, 3], 0, [6, 1, 2], [6, 1, 1], [1, 1, 3], [1, 1, 2], [1, 1, 1], [6, 2, 3], [6, 2, 2], [6, 2, 1], [1, 2, 3], [1, 2, 2], [1, 2, 1]]
47	-4.77842	43.27915	62	55	12	businessII	[[1, 1, 4], [1, 2, 4], [2, 1, 1], [2, 1, 2], [2, 1, 3], [2, 1, 4], [2, 2, 1], [2, 2, 2], [2, 2, 3], [2, 2, 4], [3, 1, 1], [3, 1, 2], [3, 1, 3], [3, 1, 4], [3, 2, 1], [3, 2, 2], [3, 2, 3], [3, 2, 4], [4, 1, 1], [4, 1, 2], [4, 1, 3], [4, 1, 4], [4, 2, 1], [4, 2, 2], [4, 2, 3], [4, 2, 4], [5, 1, 1], [5, 1, 2], [5, 1, 3], [5, 1, 4], [5, 2, 1], [5, 2, 2], [5, 2, 3], [5, 2, 4], [6, 1, 4], [6, 2, 4], [1, 1, 3], 0, [1, 1, 2], [1, 1, 1], [6, 1, 3], [6, 1, 2], [6, 1, 1], [1, 2, 3], [1, 2, 2], [1, 2, 1], [6, 2, 3], [6, 2, 2], [6, 2, 1]]
48	-4.78037	43.2784	62	64	12	familyI	[[1, 1, 2], [1, 1, 3], [1, 1, 4], [1, 2, 2], [1, 2, 3], [1, 2, 4], [2, 1, 2], [2, 1, 3], [2, 1, 4], [2, 2, 2], [2, 2, 3], [2, 2, 4], [3, 1, 2], [3, 1, 3], [3, 1, 4], [3, 2, 2], [3, 2, 3], [3, 2, 4], [4, 1, 2], [4, 1, 3], [4, 1, 4], [4, 2, 2], [4, 2, 3], [4, 2, 4], [5, 1, 2], [5, 1, 3], [5, 1, 4], [5, 2, 2], [5, 2, 3], [5, 2, 4], [6, 1, 2], [6, 1, 3], [6, 1, 4], [6, 2, 2], [6, 2, 3], [6, 2, 4], [6, 1, 1], 0, [6, 2, 1], [5, 1, 1], [5, 2, 1], [3, 1, 1], [3, 2, 1], [1, 1, 1], [1, 2, 1], [4, 1, 1], [4, 2, 1], [2, 1, 1], [2, 2, 1]]
49	-4.77268	43.28286	62	23	12	pensionerI	[[1, 1, 2], [1, 1, 3], [1, 1, 4], [1, 2, 2], [1, 2, 3], [1, 2, 4], [2, 1, 2], [2, 1, 3], [2, 1, 4], [2, 2, 2], [2, 2, 3], [2, 2, 4], [3, 1, 2], [3, 1, 3], [3, 1, 4], [3, 2, 2], [3, 2, 3], [3, 2, 4], [4, 1, 2], [4, 1, 3], [4, 1, 4], [4, 2, 2], [4, 2, 3], [4, 2, 4], [5, 1, 2], [5, 1, 3], [5, 1, 4], [5, 2, 2], [5, 2, 3], [5, 2, 4], [6, 1, 2], [6, 1, 3], [6, 1, 4], [6, 2, 2], [6, 2, 3], [6, 2, 4], [4, 1, 1], 0, [6, 1, 1], [5, 1, 1], [4, 2, 1], [6, 2, 1], [3, 1, 1], [5, 2, 1], [1, 1, 1], [3, 2, 1], [1, 2, 1], [2, 1, 1], [2, 2, 1]]
50	-4.76595	43.26583	62	51	12	businessI	[[1, 1, 4], [1, 2, 4], [2, 1, 4], [2, 2, 4], [3, 1, 1], [3, 1, 2], [3, 1, 3], [3, 1, 4], [3, 2, 1], [3, 2, 2], [3, 2, 3], [3, 2, 4], [4, 1, 1], [4, 1, 2], [4, 1, 3], [4, 1, 4], [4, 2, 1], [4, 2, 2], [4, 2, 3], [4, 2, 4], [5, 1, 4], [5, 2, 4], [6, 1, 4], [6, 2, 4], [6, 2, 3], 0, [6, 2, 2], [6, 2, 1], [2, 2, 3], [2, 2, 2], [2, 2, 1], [1, 2, 3], [1, 2, 2], [1, 2, 1], [6, 1, 3], [5, 2, 3], [6, 1, 2], [5, 2, 2], [6, 1, 1], [2, 1, 3], [5, 2, 1], [2, 1, 2], [2, 1, 1], [1, 1, 3], [1, 1, 2], [1, 1, 1], [5, 1, 3], [5, 1, 2], [5, 1, 1]]
51	-4.79025	43.27887	62	27	12	pensionerII	[[1, 1, 3], [1, 1, 4], [1, 2, 3], [1, 2, 4], [2, 1, 3], [2, 1, 4], [2, 2, 3], [2, 2, 4], [3, 1, 3], [3, 1, 4], [3, 2, 3], [3, 2, 4], [4, 1, 3], [4, 1, 4], [4, 2, 3], [4, 2, 4], [5, 1, 3], [5, 1, 4], [5, 2, 3], [5, 2, 4], [6, 1, 3], [6, 1, 4], [6, 2, 3], [6, 2, 4], [6, 2, 2], 0, [6, 2, 1], [5, 2, 2], [5, 2, 1], [2, 2, 2], [2, 2, 1], [6, 1, 2], [6, 1, 1], [5, 1, 2], [5, 1, 1], [2, 1, 2], [2, 1, 1], [4, 2, 2], [3, 2, 2], [4, 2, 1], [3, 2, 1], [1, 2, 2], [1, 2, 1], [4, 1, 2], [3, 1, 2], [4, 1, 1], [3, 1, 1], [1, 1, 2], [1, 1, 1]]
52	-4.77301	43.28793	62	20	12	pensionerII	[[1, 1, 3], [1, 1, 4], [1, 2, 3], [1, 2, 4], [2, 1, 3], [2, 1, 4], [2, 2, 3], [2, 2, 4], [3, 1, 3], [3, 1, 4], [3, 2, 3], [3, 2, 4], [4, 1, 3], [4, 1, 4], [4, 2, 3], [4, 2, 4], [5, 1, 3], [5, 1, 4], [5, 2, 3], [5, 2, 4], [6, 1, 3], [6, 1, 4], [6, 2, 3], [6, 2, 4], [6, 2, 2], 0, [5, 2, 2], [6, 2, 1], [5, 2, 1], [2, 2, 2], [2, 2, 1], [1, 2, 2], [1, 2, 1], [6, 1, 2], [5, 1, 2], [3, 2, 2], [6, 1, 1], [5, 1, 1], [3, 2, 1], [2, 1, 2], [2, 1, 1], [4, 2, 2], [4, 2, 1], [1, 1, 2], [1, 1, 1], [3, 1, 2], [3, 1, 1], [4, 1, 2], [4, 1, 1]]
53	-4.77301	43.28844	62	35	12	pensionerII	[[1, 1, 3], [1, 1, 4], [1, 2, 3], [1, 2, 4], [2, 1, 3], [2, 1, 4], [2, 2, 3], [2, 2, 4], [3, 1, 3], [3, 1, 4], [3, 2, 3], [3, 2, 4], [4, 1, 3], [4, 1, 4], [4, 2, 3], [4, 2, 4], [5, 1, 3], [5, 1, 4], [5, 2, 3], [5, 2, 4], [6, 1, 3], [6, 1, 4], [6, 2, 3], [6, 2, 4], [2, 2, 2], 0, [2, 2, 1], [6, 2, 2], [6, 2, 1], [5, 2, 2], [5, 2, 1], [3, 2, 2], [3, 2, 1], [1, 2, 2], [1, 2, 1], [4, 2, 2], [4, 2, 1], [2, 1, 2], [2, 1, 1], [6, 1, 2], [6, 1, 1], [5, 1, 2], [5, 1, 1], [3, 1, 2], [3, 1, 1], [1, 1, 2], [1, 1, 1], [4, 1, 2], [4, 1, 1]]
54	-4.76409	43.28915	62	38	12	businessI	[[1, 1, 4], [1, 2, 4], [2, 1, 4], [2, 2, 4], [3, 1, 1], [3, 1, 2], [3, 1, 3], [3, 1, 4], [3, 2, 1], [3, 2, 2], [3, 2, 3], [3, 2, 4], [4, 1, 1], [4, 1, 2], [4, 1, 3], [4, 1, 4], [4, 2, 1], [4, 2, 2], [4, 2, 3], [4, 2, 4], [5, 1, 4], [5, 2, 4], [6, 1, 4], [6, 2, 4], [2, 2, 3], 0, [2, 2, 2], [5, 2, 3], [2, 2, 1], [5, 2, 2], [1, 2, 3], [5, 2, 1], [1, 2, 2], [1, 2, 1], [6, 2, 3], [6, 2, 2], [6, 2, 1], [2, 1, 3], [2, 1, 2], [5, 1, 3], [2, 1, 1], [5, 1, 2], [1, 1, 3], [5, 1, 1], [1, 1, 2], [1, 1, 1], [6, 1, 3], [6, 1, 2], [6, 1, 1]]
55	-4.77575	43.29686	62	54	12	businessII	[[1, 1, 4], [1, 2, 4], [2, 1, 1], [2, 1, 2], [2, 1, 3], [2, 1, 4], [2, 2, 1], [2, 2, 2], [2, 2, 3], [2, 2, 4], [3, 1, 1], [3, 1, 2], [3, 1, 3], [3, 1, 4], [3, 2, 1], [3, 2, 2], [3, 2, 3], [3, 2, 4], [4, 1, 1], [4, 1, 2], [4, 1, 3], [4, 1, 4], [4, 2, 1], [4, 2, 2], [4, 2, 3], [4, 2, 4], [5, 1, 1], [5, 1, 2], [5, 1, 3], [5, 1, 4], [5, 2, 1], [5, 2, 2], [5, 2, 3], [5, 2, 4], [6, 1, 4], [6, 2, 4], [1, 2, 3], 0, [1, 2, 2], [1, 2, 1], [6, 2, 3], [6, 2, 2], [6, 2, 1], [1, 1, 3], [1, 1, 2], [1, 1, 1], [6, 1, 3], [6, 1, 2], [6, 1, 1]]
56	-4.77139	43.2812	62	46	12	businessII	[[1, 1, 4], [1, 2, 4], [2, 1, 1], [2, 1, 2], [2, 1, 3], [2, 1, 4], [2, 2, 1], [2, 2, 2], [2, 2, 3], [2, 2, 4], [3, 1, 1], [3, 1, 2], [3, 1, 3], [3, 1, 4], [3, 2, 1], [3, 2, 2], [3, 2, 3], [3, 2, 4], [4, 1, 1], [4, 1, 2], [4, 1, 3], [4, 1, 4], [4, 2, 1], [4, 2, 2], [4, 2, 3], [4, 2, 4], [5, 1, 1], [5, 1, 2], [5, 1, 3], [5, 1, 4], [5, 2, 1], [5, 2, 2], [5, 2, 3], [5, 2, 4], [6, 1, 4], [6, 2, 4], [1, 1, 3], 0, [1, 1, 2], [1, 1, 1], [6, 1, 3], [6, 1, 2], [6, 1, 1], [1, 2, 3], [1, 2, 2], [1, 2, 1], [6, 2, 3], [6, 2, 2], [6, 2, 1]]
57	-4.76861	43.36394	52	34	12	pensionerI	[[1, 1, 2], [1, 1, 3], [1, 1, 4], [1, 2, 2], [1, 2, 3], [1, 2, 4], [2, 1, 2], [2, 1, 3], [2, 1, 4], [2, 2, 2], [2, 2, 3], [2, 2, 4], [3, 1, 2], [3, 1, 3], [3, 1, 4], [3, 2, 2], [3, 2, 3], [3, 2, 4], [4, 1, 2], [4, 1, 3], [4, 1, 4], [4, 2, 2], [4, 2, 3], [4, 2, 4], [5, 1, 2], [5, 1, 3], [5, 1, 4], [5, 2, 2], [5, 2, 3], [5, 2, 4], [6, 1, 2], [6, 1, 3], [6, 1, 4], [6, 2, 2], [6, 2, 3], [6, 2, 4], [6, 1, 1], 0, [5, 1, 1], [2, 1, 1], [1, 1, 1], [6, 2, 1], [5, 2, 1], [2, 2, 1], [1, 2, 1], [4, 1, 1], [4, 2, 1], [3, 1, 1], [3, 2, 1]]
58	-4.7661	43.36717	52	31	12	pensionerII	[[1, 1, 3], [1, 1, 4], [1, 2, 3], [1, 2, 4], [2, 1, 3], [2, 1, 4], [2, 2, 3], [2, 2, 4], [3, 1, 3], [3, 1, 4], [3, 2, 3], [3, 2, 4], [4, 1, 3], [4, 1, 4], [4, 2, 3], [4, 2, 4], [5, 1, 3], [5, 1, 4], [5, 2, 3], [5, 2, 4], [6, 1, 3], [6, 1, 4], [6, 2, 3], [6, 2, 4], [5, 1, 2], 0, [5, 1, 1], [5, 2, 2], [5, 2, 1], [6, 1, 2], [6, 1, 1], [2, 1, 2], [2, 1, 1], [6, 2, 2], [6, 2, 1], [2, 2, 2], [2, 2, 1], [4, 1, 2], [1, 1, 2], [4, 1, 1], [1, 1, 1], [4, 2, 2], [1, 2, 2], [4, 2, 1], [1, 2, 1], [3, 1, 2], [3, 1, 1], [3, 2, 2], [3, 2, 1]]
59	-4.77042	43.3597	52	51	12	familyII	[[1, 1, 4], [1, 2, 4], [2, 1, 4], [2, 2, 4], [3, 1, 4], [3, 2, 4], [4, 1, 4], [4, 2, 4], [5, 1, 4], [5, 2, 4], [6, 1, 4], [6, 2, 4], [1, 1, 3], 0, [5, 1, 3], [1, 1, 2], [5, 1, 2], [6, 1, 3], [1, 1, 1], [5, 1, 1], [6, 1, 2], [6, 1, 1], [1, 2, 3], [5, 2, 3], [4, 1, 3], [2, 1, 3], [3, 1, 3], [1, 2, 2], [5, 2, 2], [4, 1, 2], [2, 1, 2], [6, 2, 3], [3, 1, 2], [1, 2, 1], [5, 2, 1], [4, 1, 1], [2, 1, 1], [6, 2, 2], [3, 1, 1], [6, 2, 1], [4, 2, 3], [2, 2, 3], [3, 2, 3], [4, 2, 2], [2, 2, 2], [3, 2, 2], [4, 2, 1], [2, 2, 1], [3, 2, 1]]
60	-4.75995	43.34221	52	23	12	pensionerI	[[1, 1, 2], [1, 1, 3], [1, 1, 4], [1, 2, 2], [1, 2, 3], [1, 2, 4], [2, 1, 2], [2, 1, 3], [2, 1, 4], [2, 2, 2], [2, 2, 3], [2, 2, 4], [3, 1, 2], [3, 1, 3], [3, 1, 4], [3, 2, 2], [3, 2, 3], [3, 2, 4], [4, 1, 2], [4, 1, 3], [4, 1, 4], [4, 2, 2], [4, 2, 3], [4, 2, 4], [5, 1, 2], [5, 1, 3], [5, 1, 4], [5, 2, 2], [5, 2, 3], [5, 2, 4], [6, 1, 2], [6, 1, 3], [6, 1, 4], [6, 2, 2], [6, 2, 3], [6, 2, 4], [2, 2, 1], 0, [4, 2, 1], [2, 1, 1], [4, 1, 1], [5, 2, 1], [5, 1, 1], [6, 2, 1], [6, 1, 1], [3, 2, 1], [3, 1, 1], [1, 2, 1], [1, 1, 1]]
61	-4.77735	43.32369	52	49	12	familyI	[[1, 1, 2], [1, 1, 3], [1, 1, 4], [1, 2, 2], [1, 2, 3], [1, 2, 4], [2, 1, 2], [2, 1, 3], [2, 1, 4], [2, 2, 2], [2, 2, 3], [2, 2, 4], [3, 1, 2], [3, 1, 3], [3, 1, 4], [3, 2, 2], [3, 2, 3], [3, 2, 4], [4, 1, 2], [4, 1, 3], [4, 1, 4], [4, 2, 2], [4, 2, 3], [4, 2, 4], [5, 1, 2], [5, 1, 3], [5, 1, 4], [5, 2, 2], [5, 2, 3], [5, 2, 4], [6, 1, 2], [6, 1, 3], [6, 1, 4], [6, 2, 2], [6, 2, 3], [6, 2, 4], [3, 1, 1], 0, [1, 1, 1], [6, 1, 1], [5, 1, 1], [3, 2, 1], [1, 2, 1], [4, 1, 1], [6, 2, 1], [2, 1, 1], [5, 2, 1], [4, 2, 1], [2, 2, 1]]
62	-4.76107	43.36213	52	44	12	businessII	[[1, 1, 4], [1, 2, 4], [2, 1, 1], [2, 1, 2], [2, 1, 3], [2, 1, 4], [2, 2, 1], [2, 2, 2], [2, 2, 3], [2, 2, 4], [3, 1, 1], [3, 1, 2], [3, 1, 3], [3, 1, 4], [3, 2, 1], [3, 2, 2], [3, 2, 3], [3, 2, 4], [4, 1, 1], [4, 1, 2], [4, 1, 3], [4, 1, 4], [4, 2, 1], [4, 2, 2], [4, 2, 3], [4, 2, 4], [5, 1, 1], [5, 1, 2], [5, 1, 3], [5, 1, 4], [5, 2, 1], [5, 2, 2], [5, 2, 3], [5, 2, 4], [6, 1, 4], [6, 2, 4], [1, 2, 3], 0, [1, 2, 2], [1, 2, 1], [1, 1, 3], [1, 1, 2], [1, 1, 1], [6, 2, 3], [6, 2, 2], [6, 2, 1], [6, 1, 3], [6, 1, 2], [6, 1, 1]]
63	-4.78611	43.34523	52	20	12	pensionerII	[[1, 1, 3], [1, 1, 4], [1, 2, 3], [1, 2, 4], [2, 1, 3], [2, 1, 4], [2, 2, 3], [2, 2, 4], [3, 1, 3], [3, 1, 4], [3, 2, 3], [3, 2, 4], [4, 1, 3], [4, 1, 4], [4, 2, 3], [4, 2, 4], [5, 1, 3], [5, 1, 4], [5, 2, 3], [5, 2, 4], [6, 1, 3], [6, 1, 4], [6, 2, 3], [6, 2, 4], [5, 1, 2], 0, [5, 1, 1], [2, 1, 2], [2, 1, 1], [6, 1, 2], [6, 1, 1], [5, 2, 2], [5, 2, 1], [2, 2, 2], [2, 2, 1], [6, 2, 2], [6, 2, 1], [1, 1, 2], [1, 1, 1], [3, 1, 2], [3, 1, 1], [4, 1, 2], [4, 1, 1], [1, 2, 2], [1, 2, 1], [3, 2, 2], [3, 2, 1], [4, 2, 2], [4, 2, 1]]
64	-4.83771	43.37704	47	37	12	businessI	[[1, 1, 4], [1, 2, 4], [2, 1, 4], [2, 2, 4], [3, 1, 1], [3, 1, 2], [3, 1, 3], [3, 1, 4], [3, 2, 1], [3, 2, 2], [3, 2, 3], [3, 2, 4], [4, 1, 1], [4, 1, 2], [4, 1, 3], [4, 1, 4], [4, 2, 1], [4, 2, 2], [4, 2, 3], [4, 2, 4], [5, 1, 4], [5, 2, 4], [6, 1, 4], [6, 2, 4], [1, 1, 3], 0, [1, 1, 2], [5, 1, 3], [1, 1, 1], [5, 1, 2], [5, 1, 1], [2, 1, 3], [2, 1, 2], [2, 1, 1], [6, 1, 3], [6, 1, 2], [6, 1, 1], [1, 2, 3], [1, 2, 2], [5, 2, 3], [1, 2, 1], [5, 2, 2], [5, 2, 1], [2, 2, 3], [2, 2, 2], [2, 2, 1], [6, 2, 3], [6, 2, 2], [6, 2, 1]]
65	-4.80578	43.35101	52	41	12	businessI	[[1, 1, 4], [1, 2, 4], [2, 1, 4], [2, 2, 4], [3, 1, 1], [3, 1, 2], [3, 1, 3], [3, 1, 4], [3, 2, 1], [3, 2, 2], [3, 2, 3], [3, 2, 4], [4, 1, 1], [4, 1, 2], [4, 1, 3], [4, 1, 4], [4, 2, 1], [4, 2, 2], [4, 2, 3], [4, 2, 4], [5, 1, 4], [5, 2, 4], [6, 1, 4], [6, 2, 4], [5, 2, 3], 0, [5, 2, 2], [6, 2, 3], [5, 2, 1], [2, 2, 3], [6, 2, 2], [2, 2, 2], [6, 2, 1], [2, 2, 1], [1, 2, 3], [1, 2, 2], [1, 2, 1], [5, 1, 3], [5, 1, 2], [6, 1, 3], [5, 1, 1], [2, 1, 3], [6, 1, 2], [2, 1, 2], [6, 1, 1], [2, 1, 1], [1, 1, 3], [1, 1, 2], [1, 1, 1]]
66	-4.80377	43.36778	47	41	12	businessII	[[1, 1, 4], [1, 2, 4], [2, 1, 1], [2, 1, 2], [2, 1, 3], [2, 1, 4], [2, 2, 1], [2, 2, 2], [2, 2, 3], [2, 2, 4], [3, 1, 1], [3, 1, 2], [3, 1, 3], [3, 1, 4], [3, 2, 1], [3, 2, 2], [3, 2, 3], [3, 2, 4], [4, 1, 1], [4, 1, 2], [4, 1, 3], [4, 1, 4], [4, 2, 1], [4, 2, 2], [4, 2, 3], [4, 2, 4], [5, 1, 1], [5, 1, 2], [5, 1, 3], [5, 1, 4], [5, 2, 1], [5, 2, 2], [5, 2, 3], [5, 2, 4], [6, 1, 4], [6, 2, 4], [6, 1, 3], 0, [6, 1, 2], [1, 1, 3], [6, 1, 1], [1, 1, 2], [1, 1, 1], [6, 2, 3], [6, 2, 2], [1, 2, 3], [6, 2, 1], [1, 2, 2], [1, 2, 1]]
67	-4.80074	43.35694	52	37	12	pensionerII	[[1, 1, 3], [1, 1, 4], [1, 2, 3], [1, 2, 4], [2, 1, 3], [2, 1, 4], [2, 2, 3], [2, 2, 4], [3, 1, 3], [3, 1, 4], [3, 2, 3], [3, 2, 4], [4, 1, 3], [4, 1, 4], [4, 2, 3], [4, 2, 4], [5, 1, 3], [5, 1, 4], [5, 2, 3], [5, 2, 4], [6, 1, 3], [6, 1, 4], [6, 2, 3], [6, 2, 4], [2, 2, 2], 0, [6, 2, 2], [2, 2, 1], [6, 2, 1], [2, 1, 2], [6, 1, 2], [2, 1, 1], [6, 1, 1], [5, 2, 2], [5, 2, 1], [5, 1, 2], [5, 1, 1], [3, 2, 2], [1, 2, 2], [3, 2, 1], [1, 2, 1], [4, 2, 2], [4, 2, 1], [3, 1, 2], [1, 1, 2], [3, 1, 1], [1, 1, 1], [4, 1, 2], [4, 1, 1]]
68	-4.8054	43.37311	47	23	12	pensionerI	[[1, 1, 2], [1, 1, 3], [1, 1, 4], [1, 2, 2], [1, 2, 3], [1, 2, 4], [2, 1, 2], [2, 1, 3], [2, 1, 4], [2, 2, 2], [2, 2, 3], [2, 2, 4], [3, 1, 2], [3, 1, 3], [3, 1, 4], [3, 2, 2], [3, 2, 3], [3, 2, 4], [4, 1, 2], [4, 1, 3], [4, 1, 4], [4, 2, 2], [4, 2, 3], [4, 2, 4], [5, 1, 2], [5, 1, 3], [5, 1, 4], [5, 2, 2], [5, 2, 3], [5, 2, 4], [6, 1, 2], [6, 1, 3], [6, 1, 4], [6, 2, 2], [6, 2, 3], [6, 2, 4], [3, 2, 1], 0, [6, 2, 1], [3, 1, 1], [2, 2, 1], [5, 2, 1], [6, 1, 1], [2, 1, 1], [5, 1, 1], [1, 2, 1], [1, 1, 1], [4, 2, 1], [4, 1, 1]]
69	-4.80756	43.37582	47	68	12	familyII	[[1, 1, 4], [1, 2, 4], [2, 1, 4], [2, 2, 4], [3, 1, 4], [3, 2, 4], [4, 1, 4], [4, 2, 4], [5, 1, 4], [5, 2, 4], [6, 1, 4], [6, 2, 4], [5, 2, 3], 0, [6, 2, 3], [5, 2, 2], [6, 2, 2], [5, 2, 1], [6, 2, 1], [5, 1, 3], [6, 1, 3], [1, 2, 3], [5, 1, 2], [6, 1, 2], [1, 2, 2], [5, 1, 1], [6, 1, 1], [1, 2, 1], [2, 2, 3], [1, 1, 3], [4, 2, 3], [3, 2, 3], [2, 2, 2], [1, 1, 2], [4, 2, 2], [3, 2, 2], [2, 2, 1], [1, 1, 1], [4, 2, 1], [2, 1, 3], [3, 2, 1], [4, 1, 3], [3, 1, 3], [2, 1, 2], [4, 1, 2], [3, 1, 2], [2, 1, 1], [4, 1, 1], [3, 1, 1]]
70	-4.81235	43.37209	47	60	12	familyII	[[1, 1, 4], [1, 2, 4], [2, 1, 4], [2, 2, 4], [3, 1, 4], [3, 2, 4], [4, 1, 4], [4, 2, 4], [5, 1, 4], [5, 2, 4], [6, 1, 4], [6, 2, 4], [6, 1, 3], 0, [6, 2, 3], [6, 1, 2], [1, 1, 3], [5, 1, 3], [6, 2, 2], [1, 2, 3], [6, 1, 1], [5, 2, 3], [1, 1, 2], [5, 1, 2], [6, 2, 1], [1, 2, 2], [5, 2, 2], [1, 1, 1], [5, 1, 1], [1, 2, 1], [5, 2, 1], [4, 1, 3], [2, 1, 3], [4, 2, 3], [4, 1, 2], [2, 2, 3], [3, 1, 3], [2, 1, 2], [4, 2, 2], [4, 1, 1], [3, 2, 3], [2, 2, 2], [3, 1, 2], [2, 1, 1], [4, 2, 1], [3, 2, 2], [2, 2, 1], [3, 1, 1], [3, 2, 1]]
71	-4.78542	43.3634	52	31	12	pensionerII	[[1, 1, 3], [1, 1, 4], [1, 2, 3], [1, 2, 4], [2, 1, 3], [2, 1, 4], [2, 2, 3], [2, 2, 4], [3, 1, 3], [3, 1, 4], [3, 2, 3], [3, 2, 4], [4, 1, 3], [4, 1, 4], [4, 2, 3], [4, 2, 4], [5, 1, 3], [5, 1, 4], [5, 2, 3], [5, 2, 4], [6, 1, 3], [6, 1, 4], [6, 2, 3], [6, 2, 4], [2, 1, 2], 0, [5, 1, 2], [2, 1, 1], [5, 1, 1], [6, 1, 2], [6, 1, 1], [2, 2, 2], [5, 2, 2], [2, 2, 1], [5, 2, 1], [6, 2, 2], [6, 2, 1], [4, 1, 2], [4, 1, 1], [3, 1, 2], [3, 1, 1], [4, 2, 2], [4, 2, 1], [1, 1, 2], [1, 1, 1], [3, 2, 2], [3, 2, 1], [1, 2, 2], [1, 2, 1]]
72	-4.78	43.31803	52	43	12	businessI	[[1, 1, 4], [1, 2, 4], [2, 1, 4], [2, 2, 4], [3, 1, 1], [3, 1, 2], [3, 1, 3], [3, 1, 4], [3, 2, 1], [3, 2, 2], [3, 2, 3], [3, 2, 4], [4, 1, 1], [4, 1, 2], [4, 1, 3], [4, 1, 4], [4, 2, 1], [4, 2, 2], [4, 2, 3], [4, 2, 4], [5, 1, 4], [5, 2, 4], [6, 1, 4], [6, 2, 4], [5, 2, 3], 0, [5, 2, 2], [6, 2, 3], [5, 2, 1], [6, 2, 2], [6, 2, 1], [1, 2, 3], [1, 2, 2], [1, 2, 1], [2, 2, 3], [2, 2, 2], [2, 2, 1], [5, 1, 3], [5, 1, 2], [6, 1, 3], [5, 1, 1], [6, 1, 2], [6, 1, 1], [1, 1, 3], [1, 1, 2], [1, 1, 1], [2, 1, 3], [2, 1, 2], [2, 1, 1]]